Gene stable ID,e436f0bf-b608-4535-8fe7-a0dd6462cee7
ENSG00000000003,1035
ENSG00000000005,21
ENSG00000000419,4566
ENSG00000000457,1134
ENSG00000000460,534
ENSG00000000938,338
ENSG00000000971,1161
ENSG00000001036,7405
ENSG00000001084,2102
ENSG00000001167,2548
ENSG00000001460,1136
ENSG00000001461,607
ENSG00000001497,5953
ENSG00000001561,249
ENSG00000001617,3164
ENSG00000001626,50
ENSG00000001629,4565
ENSG00000001630,312
ENSG00000001631,1742
ENSG00000002016,394
ENSG00000002079,14
ENSG00000002330,1414
ENSG00000002549,3493
ENSG00000002586,11856
ENSG00000002587,178
ENSG00000002726,49
ENSG00000002745,6
ENSG00000002746,4
ENSG00000002822,1935
ENSG00000002834,53102
ENSG00000002919,699
ENSG00000002933,817
ENSG00000003056,5979
ENSG00000003096,249
ENSG00000003137,298
ENSG00000003147,3945
ENSG00000003249,5955
ENSG00000003393,3407
ENSG00000003400,313
ENSG00000003402,3830
ENSG00000003436,885
ENSG00000003509,463
ENSG00000003756,3398
ENSG00000003987,32
ENSG00000003989,401
ENSG00000004059,9136
ENSG00000004139,197
ENSG00000004142,3939
ENSG00000004399,14264
ENSG00000004455,6962
ENSG00000004468,329
ENSG00000004478,33003
ENSG00000004487,12169
ENSG00000004534,2690
ENSG00000004660,1092
ENSG00000004700,1283
ENSG00000004766,1302
ENSG00000004776,823
ENSG00000004777,489
ENSG00000004779,3133
ENSG00000004799,1594
ENSG00000004809,0
ENSG00000004838,770
ENSG00000004846,5
ENSG00000004848,62
ENSG00000004864,2617
ENSG00000004866,1582
ENSG00000004897,1957
ENSG00000004939,1
ENSG00000004948,69
ENSG00000004961,1144
ENSG00000004975,2609
ENSG00000005001,867
ENSG00000005007,10770
ENSG00000005020,679
ENSG00000005022,12263
ENSG00000005059,1708
ENSG00000005073,4
ENSG00000005075,2810
ENSG00000005100,1523
ENSG00000005102,269
ENSG00000005108,111
ENSG00000005156,1991
ENSG00000005175,1906
ENSG00000005187,61
ENSG00000005189,213
ENSG00000005194,12280
ENSG00000005206,2323
ENSG00000005238,767
ENSG00000005243,222
ENSG00000005249,2616
ENSG00000005302,2378
ENSG00000005339,5620
ENSG00000005379,200
ENSG00000005381,7
ENSG00000005421,4
ENSG00000005436,1175
ENSG00000005448,1279
ENSG00000005469,685
ENSG00000005471,49
ENSG00000005483,5109
ENSG00000005486,5390
ENSG00000005513,30
ENSG00000005700,2248
ENSG00000005801,1278
ENSG00000005810,6788
ENSG00000005812,4253
ENSG00000005844,1223
ENSG00000005882,267
ENSG00000005884,5346
ENSG00000005889,1940
ENSG00000005893,7654
ENSG00000005961,25
ENSG00000005981,2
ENSG00000006007,4224
ENSG00000006015,743
ENSG00000006016,2359
ENSG00000006025,265
ENSG00000006042,2124
ENSG00000006047,408
ENSG00000006059,0
ENSG00000006062,549
ENSG00000006071,34
ENSG00000006116,1
ENSG00000006118,16958
ENSG00000006125,12661
ENSG00000006128,6
ENSG00000006194,1242
ENSG00000006210,9634
ENSG00000006282,3154
ENSG00000006283,12
ENSG00000006327,5700
ENSG00000006377,2
ENSG00000006432,1808
ENSG00000006451,4069
ENSG00000006453,1772
ENSG00000006459,2771
ENSG00000006468,158
ENSG00000006530,2111
ENSG00000006534,357
ENSG00000006555,726
ENSG00000006576,1052
ENSG00000006606,6
ENSG00000006607,4352
ENSG00000006611,0
ENSG00000006625,10995
ENSG00000006634,1587
ENSG00000006638,66
ENSG00000006652,1893
ENSG00000006659,1
ENSG00000006695,1025
ENSG00000006704,2724
ENSG00000006712,4559
ENSG00000006715,2064
ENSG00000006740,1405
ENSG00000006744,5607
ENSG00000006747,98
ENSG00000006756,14416
ENSG00000006757,1932
ENSG00000006788,13
ENSG00000006831,8669
ENSG00000006837,33
ENSG00000007001,4
ENSG00000007038,70
ENSG00000007047,2696
ENSG00000007062,260
ENSG00000007080,2733
ENSG00000007129,74
ENSG00000007168,6545
ENSG00000007171,5
ENSG00000007174,13
ENSG00000007202,28022
ENSG00000007216,3
ENSG00000007237,906
ENSG00000007255,959
ENSG00000007264,111
ENSG00000007306,25
ENSG00000007312,349
ENSG00000007314,117
ENSG00000007341,295
ENSG00000007350,19
ENSG00000007372,58
ENSG00000007376,1758
ENSG00000007384,1864
ENSG00000007392,1214
ENSG00000007402,1941
ENSG00000007516,492
ENSG00000007520,1851
ENSG00000007541,3164
ENSG00000007545,792
ENSG00000007866,2514
ENSG00000007908,512
ENSG00000007923,2549
ENSG00000007933,44
ENSG00000007944,2195
ENSG00000007952,23
ENSG00000007968,844
ENSG00000008018,12258
ENSG00000008056,36
ENSG00000008083,3263
ENSG00000008086,674
ENSG00000008118,12
ENSG00000008128,47
ENSG00000008130,3098
ENSG00000008196,129
ENSG00000008197,0
ENSG00000008226,21
ENSG00000008256,771
ENSG00000008277,133
ENSG00000008282,9958
ENSG00000008283,77718
ENSG00000008294,3159
ENSG00000008300,3687
ENSG00000008311,151
ENSG00000008323,683
ENSG00000008324,993
ENSG00000008382,1101
ENSG00000008394,24172
ENSG00000008405,1962
ENSG00000008438,0
ENSG00000008441,6342
ENSG00000008513,3673
ENSG00000008516,519
ENSG00000008517,1468
ENSG00000008710,1715
ENSG00000008735,5591
ENSG00000008838,22954
ENSG00000008853,662
ENSG00000008869,1738
ENSG00000008952,10471
ENSG00000008988,19410
ENSG00000009307,15742
ENSG00000009335,6771
ENSG00000009413,961
ENSG00000009694,17
ENSG00000009709,232
ENSG00000009724,22
ENSG00000009765,122
ENSG00000009780,880
ENSG00000009790,340
ENSG00000009830,1025
ENSG00000009844,9196
ENSG00000009950,1642
ENSG00000009954,30706
ENSG00000010017,3150
ENSG00000010030,141
ENSG00000010072,1110
ENSG00000010165,2430
ENSG00000010219,179
ENSG00000010244,11555
ENSG00000010256,10948
ENSG00000010270,992
ENSG00000010278,30943
ENSG00000010282,3
ENSG00000010292,14076
ENSG00000010295,269
ENSG00000010310,11
ENSG00000010318,425
ENSG00000010319,895
ENSG00000010322,4215
ENSG00000010327,1008
ENSG00000010361,643
ENSG00000010379,5
ENSG00000010404,2290
ENSG00000010438,4
ENSG00000010539,999
ENSG00000010610,2336
ENSG00000010626,1824
ENSG00000010671,375
ENSG00000010704,528
ENSG00000010803,5703
ENSG00000010810,996
ENSG00000010818,3594
ENSG00000010932,437
ENSG00000011007,6173
ENSG00000011009,8085
ENSG00000011021,1161
ENSG00000011028,4114
ENSG00000011052,9
ENSG00000011083,5
ENSG00000011105,13442
ENSG00000011114,2731
ENSG00000011132,729
ENSG00000011143,5120
ENSG00000011198,1470
ENSG00000011201,2372
ENSG00000011243,1545
ENSG00000011258,1760
ENSG00000011260,3132
ENSG00000011275,2732
ENSG00000011295,3356
ENSG00000011304,20923
ENSG00000011332,93
ENSG00000011347,13195
ENSG00000011376,1597
ENSG00000011405,3317
ENSG00000011422,901
ENSG00000011426,4672
ENSG00000011451,2911
ENSG00000011454,9903
ENSG00000011465,8308
ENSG00000011478,515
ENSG00000011485,4310
ENSG00000011523,1855
ENSG00000011566,2303
ENSG00000011590,34
ENSG00000011600,1294
ENSG00000011638,1876
ENSG00000011677,1049
ENSG00000012048,2328
ENSG00000012061,2957
ENSG00000012124,305
ENSG00000012171,119
ENSG00000012174,1044
ENSG00000012211,489
ENSG00000012223,6199
ENSG00000012232,1262
ENSG00000012504,0
ENSG00000012660,9992
ENSG00000012779,491
ENSG00000012817,0
ENSG00000012822,2419
ENSG00000012963,3933
ENSG00000012983,2151
ENSG00000013016,631
ENSG00000013275,7447
ENSG00000013288,2049
ENSG00000013293,3
ENSG00000013297,232
ENSG00000013306,5360
ENSG00000013364,7625
ENSG00000013374,2502
ENSG00000013375,2985
ENSG00000013392,388
ENSG00000013441,2542
ENSG00000013503,810
ENSG00000013523,1422
ENSG00000013561,2211
ENSG00000013563,361
ENSG00000013573,1971
ENSG00000013583,3256
ENSG00000013588,8738
ENSG00000013619,443
ENSG00000013725,515
ENSG00000013810,2483
ENSG00000014123,2479
ENSG00000014138,2621
ENSG00000014164,1722
ENSG00000014216,22591
ENSG00000014257,260
ENSG00000014641,10934
ENSG00000014824,1997
ENSG00000014914,193
ENSG00000014919,2777
ENSG00000015133,4604
ENSG00000015153,550
ENSG00000015171,6794
ENSG00000015285,443
ENSG00000015413,31
ENSG00000015475,1681
ENSG00000015479,243
ENSG00000015520,20
ENSG00000015532,6467
ENSG00000015568,1
ENSG00000015592,4
ENSG00000015676,3847
ENSG00000016082,8
ENSG00000016391,796
ENSG00000016402,1661
ENSG00000016490,0
ENSG00000016602,1
ENSG00000016864,2880
ENSG00000017260,7677
ENSG00000017427,137
ENSG00000017483,171
ENSG00000017797,8517
ENSG00000018189,2573
ENSG00000018236,186
ENSG00000018280,215
ENSG00000018408,1974
ENSG00000018510,541
ENSG00000018607,0
ENSG00000018610,1261
ENSG00000018625,265
ENSG00000018699,1715
ENSG00000018869,28
ENSG00000019102,82
ENSG00000019144,2912
ENSG00000019169,175
ENSG00000019186,6
ENSG00000019485,263
ENSG00000019505,805
ENSG00000019549,287
ENSG00000019582,63128
ENSG00000019991,50
ENSG00000019995,1249
ENSG00000020129,2483
ENSG00000020181,893
ENSG00000020219,1
ENSG00000020256,3907
ENSG00000020426,1720
ENSG00000020577,724
ENSG00000020633,482
ENSG00000020922,1290
ENSG00000021300,152
ENSG00000021355,1072
ENSG00000021461,1
ENSG00000021488,7
ENSG00000021574,1376
ENSG00000021645,36
ENSG00000021762,5928
ENSG00000021776,3756
ENSG00000021826,60
ENSG00000021852,0
ENSG00000022267,3284
ENSG00000022277,15580
ENSG00000022355,1
ENSG00000022556,43
ENSG00000022567,1482
ENSG00000022840,9790
ENSG00000022976,537
ENSG00000023041,1066
ENSG00000023171,196
ENSG00000023191,5694
ENSG00000023228,6734
ENSG00000023287,1886
ENSG00000023318,4668
ENSG00000023330,2658
ENSG00000023445,1265
ENSG00000023516,1693
ENSG00000023572,355
ENSG00000023608,738
ENSG00000023697,974
ENSG00000023734,8303
ENSG00000023839,82
ENSG00000023892,745
ENSG00000023902,2794
ENSG00000023909,1730
ENSG00000024048,2810
ENSG00000024422,2427
ENSG00000024526,918
ENSG00000024862,952
ENSG00000025039,390
ENSG00000025156,1174
ENSG00000025293,3894
ENSG00000025423,80
ENSG00000025434,1359
ENSG00000025708,6356
ENSG00000025770,3130
ENSG00000025772,4359
ENSG00000025796,22600
ENSG00000025800,7526
ENSG00000026025,22698
ENSG00000026036,115
ENSG00000026103,358
ENSG00000026297,3876
ENSG00000026508,6757
ENSG00000026559,1184
ENSG00000026652,142
ENSG00000026751,1208
ENSG00000026950,935
ENSG00000027001,2595
ENSG00000027075,4356
ENSG00000027644,2
ENSG00000027697,8319
ENSG00000027847,1214
ENSG00000027869,182
ENSG00000028116,1260
ENSG00000028137,1568
ENSG00000028203,3803
ENSG00000028277,557
ENSG00000028310,2368
ENSG00000028528,4561
ENSG00000028839,956
ENSG00000029153,221
ENSG00000029363,8613
ENSG00000029364,5779
ENSG00000029534,79
ENSG00000029559,9
ENSG00000029639,304
ENSG00000029725,4551
ENSG00000029993,8292
ENSG00000030066,4665
ENSG00000030110,238
ENSG00000030304,9
ENSG00000030419,435
ENSG00000030582,12770
ENSG00000031003,957
ENSG00000031081,981
ENSG00000031691,314
ENSG00000031698,10622
ENSG00000031823,3235
ENSG00000032219,1603
ENSG00000032389,3035
ENSG00000032444,1921
ENSG00000032742,1777
ENSG00000033011,960
ENSG00000033030,1259
ENSG00000033050,3742
ENSG00000033100,2258
ENSG00000033122,18
ENSG00000033170,2562
ENSG00000033178,2943
ENSG00000033327,526
ENSG00000033627,1299
ENSG00000033800,1492
ENSG00000033867,1426
ENSG00000034053,109
ENSG00000034152,6588
ENSG00000034239,28
ENSG00000034510,104897
ENSG00000034533,454
ENSG00000034677,3264
ENSG00000034693,1197
ENSG00000034713,3686
ENSG00000034971,14
ENSG00000035115,4484
ENSG00000035141,3307
ENSG00000035403,5291
ENSG00000035499,684
ENSG00000035664,220
ENSG00000035681,1142
ENSG00000035687,6059
ENSG00000035720,50
ENSG00000035862,9428
ENSG00000035928,2208
ENSG00000036054,1612
ENSG00000036257,5802
ENSG00000036448,56
ENSG00000036473,2
ENSG00000036530,74
ENSG00000036549,1874
ENSG00000036565,5
ENSG00000036672,101
ENSG00000036828,0
ENSG00000037042,243
ENSG00000037241,1365
ENSG00000037280,372
ENSG00000037474,14396
ENSG00000037637,2702
ENSG00000037749,585
ENSG00000037757,796
ENSG00000037897,1669
ENSG00000037965,235
ENSG00000038002,1966
ENSG00000038210,677
ENSG00000038219,2130
ENSG00000038274,2739
ENSG00000038295,74
ENSG00000038358,7030
ENSG00000038382,9458
ENSG00000038427,7499
ENSG00000038532,1185
ENSG00000038945,484
ENSG00000039068,178993
ENSG00000039123,3059
ENSG00000039139,180
ENSG00000039319,2828
ENSG00000039523,3700
ENSG00000039537,59
ENSG00000039560,1351
ENSG00000039600,7
ENSG00000039650,615
ENSG00000039987,2
ENSG00000040199,2105
ENSG00000040275,1290
ENSG00000040341,952
ENSG00000040487,1196
ENSG00000040531,943
ENSG00000040608,729
ENSG00000040633,3081
ENSG00000040731,1
ENSG00000040933,2081
ENSG00000041353,4135
ENSG00000041357,8075
ENSG00000041515,127
ENSG00000041802,5972
ENSG00000041880,374
ENSG00000041982,10615
ENSG00000041988,491
ENSG00000042062,1068
ENSG00000042088,2262
ENSG00000042286,1232
ENSG00000042304,3
ENSG00000042317,659
ENSG00000042429,1773
ENSG00000042445,7222
ENSG00000042493,6300
ENSG00000042753,5864
ENSG00000042781,4
ENSG00000042813,3
ENSG00000042832,11
ENSG00000042980,183
ENSG00000043039,923
ENSG00000043093,2721
ENSG00000043143,1437
ENSG00000043355,22
ENSG00000043462,957
ENSG00000043514,1686
ENSG00000043591,31
ENSG00000044012,0
ENSG00000044090,1290
ENSG00000044115,28797
ENSG00000044446,1854
ENSG00000044459,99
ENSG00000044524,47
ENSG00000044574,86059
ENSG00000046604,9880
ENSG00000046647,935
ENSG00000046651,1975
ENSG00000046653,856
ENSG00000046774,2
ENSG00000046889,291
ENSG00000047056,716
ENSG00000047188,1990
ENSG00000047230,3955
ENSG00000047249,1267
ENSG00000047315,7309
ENSG00000047346,2398
ENSG00000047365,245
ENSG00000047410,5709
ENSG00000047457,2685
ENSG00000047578,2018
ENSG00000047579,982
ENSG00000047597,7
ENSG00000047617,60
ENSG00000047621,894
ENSG00000047634,149
ENSG00000047644,5080
ENSG00000047648,61
ENSG00000047662,9
ENSG00000047849,15109
ENSG00000047932,3242
ENSG00000047936,81
ENSG00000048028,2086
ENSG00000048052,223
ENSG00000048140,2779
ENSG00000048162,699
ENSG00000048342,191
ENSG00000048392,1410
ENSG00000048405,1478
ENSG00000048462,152
ENSG00000048471,896
ENSG00000048540,240
ENSG00000048544,2420
ENSG00000048545,2
ENSG00000048649,2867
ENSG00000048707,3603
ENSG00000048740,1015
ENSG00000048828,12215
ENSG00000048991,3581
ENSG00000049089,252
ENSG00000049130,1376
ENSG00000049167,486
ENSG00000049192,79
ENSG00000049239,4372
ENSG00000049245,4184
ENSG00000049246,1482
ENSG00000049247,7
ENSG00000049249,213
ENSG00000049283,5920
ENSG00000049323,8037
ENSG00000049449,2370
ENSG00000049540,1379
ENSG00000049541,5683
ENSG00000049618,5176
ENSG00000049656,15514
ENSG00000049759,4525
ENSG00000049768,528
ENSG00000049769,253
ENSG00000049860,5499
ENSG00000049883,483
ENSG00000050030,10
ENSG00000050130,3157
ENSG00000050165,797
ENSG00000050327,1492
ENSG00000050344,1602
ENSG00000050393,2191
ENSG00000050405,5172
ENSG00000050426,1451
ENSG00000050438,353
ENSG00000050555,130
ENSG00000050628,284
ENSG00000050730,16
ENSG00000050748,2893
ENSG00000050767,16
ENSG00000050820,5544
ENSG00000051009,1810
ENSG00000051108,10128
ENSG00000051128,1506
ENSG00000051180,975
ENSG00000051341,742
ENSG00000051382,1123
ENSG00000051523,2565
ENSG00000051596,795
ENSG00000051620,7663
ENSG00000051825,816
ENSG00000052126,2217
ENSG00000052344,24707
ENSG00000052723,1032
ENSG00000052749,4353
ENSG00000052795,2123
ENSG00000052802,4675
ENSG00000052841,2701
ENSG00000052850,76
ENSG00000053108,271
ENSG00000053254,2339
ENSG00000053328,13
ENSG00000053371,3465
ENSG00000053372,3926
ENSG00000053438,32
ENSG00000053501,1011
ENSG00000053524,57
ENSG00000053702,113
ENSG00000053747,551
ENSG00000053770,3512
ENSG00000053900,610
ENSG00000053918,313
ENSG00000054116,4599
ENSG00000054118,11366
ENSG00000054148,4650
ENSG00000054179,4248
ENSG00000054219,316
ENSG00000054267,4851
ENSG00000054277,1468
ENSG00000054282,876
ENSG00000054356,21
ENSG00000054392,390
ENSG00000054523,5260
ENSG00000054598,229
ENSG00000054611,1594
ENSG00000054654,13769
ENSG00000054690,1399
ENSG00000054793,13002
ENSG00000054796,0
ENSG00000054803,2
ENSG00000054938,10
ENSG00000054965,2434
ENSG00000054967,492
ENSG00000054983,2534
ENSG00000055044,4637
ENSG00000055070,13287
ENSG00000055118,270
ENSG00000055130,7610
ENSG00000055147,996
ENSG00000055163,699
ENSG00000055208,7032
ENSG00000055211,4644
ENSG00000055332,2886
ENSG00000055483,1932
ENSG00000055609,4128
ENSG00000055732,37
ENSG00000055813,37
ENSG00000055917,7821
ENSG00000055950,2360
ENSG00000055955,9
ENSG00000055957,7
ENSG00000056050,976
ENSG00000056097,7552
ENSG00000056277,236
ENSG00000056291,0
ENSG00000056487,159
ENSG00000056558,1032
ENSG00000056586,5424
ENSG00000056736,307
ENSG00000056972,1731
ENSG00000056998,1965
ENSG00000057019,1391
ENSG00000057149,0
ENSG00000057252,1046
ENSG00000057294,1646
ENSG00000057468,2
ENSG00000057593,46
ENSG00000057608,13567
ENSG00000057657,792
ENSG00000057663,7181
ENSG00000057704,554
ENSG00000057757,3185
ENSG00000057935,2007
ENSG00000058056,6525
ENSG00000058063,3989
ENSG00000058085,2082
ENSG00000058091,1539
ENSG00000058262,28989
ENSG00000058272,2838
ENSG00000058335,2648
ENSG00000058404,29
ENSG00000058453,1580
ENSG00000058600,1777
ENSG00000058668,5530
ENSG00000058673,4073
ENSG00000058729,961
ENSG00000058799,5951
ENSG00000058804,5498
ENSG00000058866,22
ENSG00000059122,959
ENSG00000059145,532
ENSG00000059377,336
ENSG00000059378,2470
ENSG00000059573,7380
ENSG00000059588,2436
ENSG00000059691,1061
ENSG00000059728,691
ENSG00000059758,1539
ENSG00000059769,330
ENSG00000059804,1201
ENSG00000059915,119
ENSG00000060069,1766
ENSG00000060138,7629
ENSG00000060140,6
ENSG00000060237,17186
ENSG00000060303,1
ENSG00000060339,4303
ENSG00000060491,3961
ENSG00000060558,201
ENSG00000060566,0
ENSG00000060642,2080
ENSG00000060656,2003
ENSG00000060688,3794
ENSG00000060709,8
ENSG00000060718,614
ENSG00000060749,3145
ENSG00000060762,1288
ENSG00000060971,3716
ENSG00000060982,323
ENSG00000061273,3047
ENSG00000061337,332
ENSG00000061455,415
ENSG00000061492,2
ENSG00000061656,150
ENSG00000061676,15325
ENSG00000061794,3016
ENSG00000061918,1815
ENSG00000061936,2140
ENSG00000061938,2404
ENSG00000061987,1856
ENSG00000062038,10159
ENSG00000062096,13
ENSG00000062194,5649
ENSG00000062282,1146
ENSG00000062370,264
ENSG00000062485,11030
ENSG00000062524,44
ENSG00000062582,308
ENSG00000062598,7115
ENSG00000062650,4245
ENSG00000062716,40425
ENSG00000062725,18362
ENSG00000062822,1258
ENSG00000063015,5
ENSG00000063046,13068
ENSG00000063127,133
ENSG00000063169,1168
ENSG00000063176,359
ENSG00000063177,36151
ENSG00000063180,70
ENSG00000063241,2613
ENSG00000063244,10203
ENSG00000063245,5606
ENSG00000063322,3474
ENSG00000063438,22
ENSG00000063515,0
ENSG00000063587,955
ENSG00000063601,2001
ENSG00000063660,18848
ENSG00000063761,729
ENSG00000063854,1448
ENSG00000063978,3089
ENSG00000064012,1710
ENSG00000064042,1656
ENSG00000064102,1239
ENSG00000064115,2265
ENSG00000064195,801
ENSG00000064199,1542
ENSG00000064201,42
ENSG00000064205,379
ENSG00000064218,52
ENSG00000064225,106
ENSG00000064270,1212
ENSG00000064300,572
ENSG00000064309,638
ENSG00000064313,1683
ENSG00000064393,4438
ENSG00000064419,7544
ENSG00000064489,44
ENSG00000064490,1848
ENSG00000064545,1051
ENSG00000064547,1596
ENSG00000064601,17686
ENSG00000064607,1973
ENSG00000064651,7118
ENSG00000064652,613
ENSG00000064655,183
ENSG00000064666,8722
ENSG00000064687,972
ENSG00000064692,129
ENSG00000064703,672
ENSG00000064726,6104
ENSG00000064763,202
ENSG00000064787,713
ENSG00000064835,0
ENSG00000064886,188
ENSG00000064932,4170
ENSG00000064933,764
ENSG00000064961,8874
ENSG00000064989,836
ENSG00000064995,2275
ENSG00000064999,2440
ENSG00000065000,11690
ENSG00000065029,842
ENSG00000065054,5054
ENSG00000065057,661
ENSG00000065060,1401
ENSG00000065135,4588
ENSG00000065150,10362
ENSG00000065154,5432
ENSG00000065183,1365
ENSG00000065243,2150
ENSG00000065268,2453
ENSG00000065308,2911
ENSG00000065320,594
ENSG00000065325,6
ENSG00000065328,1219
ENSG00000065357,845
ENSG00000065361,10931
ENSG00000065371,3
ENSG00000065413,363
ENSG00000065427,17718
ENSG00000065457,3289
ENSG00000065485,3785
ENSG00000065491,1104
ENSG00000065518,8339
ENSG00000065526,6855
ENSG00000065534,4029
ENSG00000065548,4412
ENSG00000065559,2588
ENSG00000065600,640
ENSG00000065609,6
ENSG00000065613,3614
ENSG00000065615,562
ENSG00000065618,1599
ENSG00000065621,176
ENSG00000065665,1213
ENSG00000065675,116
ENSG00000065717,1204
ENSG00000065802,943
ENSG00000065809,4642
ENSG00000065833,4964
ENSG00000065882,1582
ENSG00000065883,3470
ENSG00000065911,13948
ENSG00000065923,2636
ENSG00000065970,2362
ENSG00000065978,30799
ENSG00000065989,226
ENSG00000066027,3771
ENSG00000066032,6
ENSG00000066044,7276
ENSG00000066056,846
ENSG00000066084,4695
ENSG00000066117,4812
ENSG00000066135,7074
ENSG00000066136,3114
ENSG00000066185,218
ENSG00000066230,55
ENSG00000066248,156
ENSG00000066279,1575
ENSG00000066294,676
ENSG00000066322,7672
ENSG00000066336,792
ENSG00000066379,670
ENSG00000066382,39
ENSG00000066405,2
ENSG00000066422,1501
ENSG00000066427,1768
ENSG00000066455,5997
ENSG00000066468,358
ENSG00000066557,665
ENSG00000066583,4731
ENSG00000066629,1895
ENSG00000066651,644
ENSG00000066654,2446
ENSG00000066697,1078
ENSG00000066735,894
ENSG00000066739,1912
ENSG00000066777,2111
ENSG00000066813,0
ENSG00000066827,602
ENSG00000066855,1840
ENSG00000066923,84
ENSG00000066926,2500
ENSG00000066933,1841
ENSG00000067048,2
ENSG00000067057,8592
ENSG00000067064,3778
ENSG00000067066,1531
ENSG00000067082,6013
ENSG00000067113,830
ENSG00000067141,9106
ENSG00000067167,4793
ENSG00000067177,2529
ENSG00000067182,6782
ENSG00000067191,388
ENSG00000067208,1035
ENSG00000067221,495
ENSG00000067225,98597
ENSG00000067248,3872
ENSG00000067334,3929
ENSG00000067365,555
ENSG00000067369,2709
ENSG00000067445,942
ENSG00000067533,2422
ENSG00000067560,28293
ENSG00000067596,1975
ENSG00000067601,96
ENSG00000067606,2528
ENSG00000067646,0
ENSG00000067704,14153
ENSG00000067715,33
ENSG00000067798,48
ENSG00000067829,2227
ENSG00000067836,2478
ENSG00000067840,433
ENSG00000067842,15
ENSG00000067900,4917
ENSG00000067955,9378
ENSG00000067992,1608
ENSG00000068001,2937
ENSG00000068024,1047
ENSG00000068028,913
ENSG00000068078,923
ENSG00000068079,670
ENSG00000068097,8192
ENSG00000068120,2412
ENSG00000068137,1517
ENSG00000068305,1940
ENSG00000068308,2365
ENSG00000068323,3449
ENSG00000068354,540
ENSG00000068366,821
ENSG00000068383,2361
ENSG00000068394,1913
ENSG00000068400,5722
ENSG00000068438,1813
ENSG00000068489,12838
ENSG00000068615,247
ENSG00000068650,2292
ENSG00000068654,4921
ENSG00000068697,20964
ENSG00000068724,1860
ENSG00000068745,4631
ENSG00000068781,0
ENSG00000068784,2052
ENSG00000068796,1564
ENSG00000068831,225
ENSG00000068878,15359
ENSG00000068885,566
ENSG00000068903,1420
ENSG00000068912,3349
ENSG00000068971,1080
ENSG00000068976,75
ENSG00000068985,2
ENSG00000069011,913
ENSG00000069018,0
ENSG00000069020,1628
ENSG00000069122,1054
ENSG00000069188,158
ENSG00000069206,0
ENSG00000069248,6078
ENSG00000069275,15373
ENSG00000069329,11335
ENSG00000069345,4723
ENSG00000069399,8565
ENSG00000069424,857
ENSG00000069431,836
ENSG00000069482,120
ENSG00000069493,539
ENSG00000069509,1533
ENSG00000069535,1190
ENSG00000069667,381
ENSG00000069696,16
ENSG00000069702,844
ENSG00000069712,317
ENSG00000069764,15
ENSG00000069812,490
ENSG00000069849,3102
ENSG00000069869,839
ENSG00000069943,399
ENSG00000069956,2766
ENSG00000069966,1688
ENSG00000069974,616
ENSG00000069998,3512
ENSG00000070010,3873
ENSG00000070018,2090
ENSG00000070019,150
ENSG00000070031,8
ENSG00000070047,3120
ENSG00000070061,2954
ENSG00000070081,6881
ENSG00000070087,4478
ENSG00000070159,2260
ENSG00000070182,67
ENSG00000070190,235
ENSG00000070193,66
ENSG00000070214,4993
ENSG00000070269,1111
ENSG00000070366,1818
ENSG00000070367,4456
ENSG00000070371,338
ENSG00000070388,4
ENSG00000070404,1545
ENSG00000070413,10066
ENSG00000070423,1855
ENSG00000070444,1493
ENSG00000070476,2148
ENSG00000070495,1012
ENSG00000070501,3724
ENSG00000070526,24
ENSG00000070540,3286
ENSG00000070601,110
ENSG00000070610,2575
ENSG00000070614,6754
ENSG00000070669,935
ENSG00000070718,2836
ENSG00000070729,124
ENSG00000070731,2028
ENSG00000070748,0
ENSG00000070756,55358
ENSG00000070759,1030
ENSG00000070761,7178
ENSG00000070770,19498
ENSG00000070778,920
ENSG00000070785,2066
ENSG00000070808,10
ENSG00000070814,5446
ENSG00000070831,26553
ENSG00000070882,249
ENSG00000070886,4
ENSG00000070915,7
ENSG00000070950,1005
ENSG00000070961,4881
ENSG00000070985,2
ENSG00000071051,4708
ENSG00000071054,11046
ENSG00000071073,5919
ENSG00000071082,39436
ENSG00000071127,13520
ENSG00000071189,1514
ENSG00000071203,0
ENSG00000071205,1901
ENSG00000071242,4683
ENSG00000071243,400
ENSG00000071246,477
ENSG00000071282,1320
ENSG00000071462,11602
ENSG00000071537,6939
ENSG00000071539,4504
ENSG00000071553,12442
ENSG00000071564,8031
ENSG00000071575,4274
ENSG00000071626,4933
ENSG00000071655,3004
ENSG00000071677,4
ENSG00000071794,3440
ENSG00000071859,3325
ENSG00000071889,1860
ENSG00000071894,4461
ENSG00000071909,2
ENSG00000071967,6828
ENSG00000071991,1
ENSG00000071994,5044
ENSG00000072041,15
ENSG00000072042,6227
ENSG00000072062,5058
ENSG00000072071,1854
ENSG00000072080,0
ENSG00000072110,20278
ENSG00000072121,2188
ENSG00000072133,548
ENSG00000072134,5103
ENSG00000072135,6190
ENSG00000072163,761
ENSG00000072182,9
ENSG00000072195,597
ENSG00000072201,855
ENSG00000072210,5821
ENSG00000072274,30411
ENSG00000072310,26071
ENSG00000072315,1
ENSG00000072364,5854
ENSG00000072401,1354
ENSG00000072415,1886
ENSG00000072422,448
ENSG00000072501,13599
ENSG00000072506,10599
ENSG00000072518,12422
ENSG00000072571,1856
ENSG00000072609,2085
ENSG00000072657,14
ENSG00000072682,5717
ENSG00000072694,170
ENSG00000072736,3954
ENSG00000072756,488
ENSG00000072778,7717
ENSG00000072786,2342
ENSG00000072803,2621
ENSG00000072818,516
ENSG00000072832,2222
ENSG00000072840,676
ENSG00000072849,2059
ENSG00000072858,2433
ENSG00000072864,3268
ENSG00000072952,553
ENSG00000072954,345
ENSG00000072958,3370
ENSG00000073008,1056
ENSG00000073050,1913
ENSG00000073060,1990
ENSG00000073067,3
ENSG00000073111,10240
ENSG00000073146,4
ENSG00000073150,476
ENSG00000073169,752
ENSG00000073282,1702
ENSG00000073331,821
ENSG00000073350,25116
ENSG00000073417,1822
ENSG00000073464,289
ENSG00000073536,546
ENSG00000073578,14054
ENSG00000073584,2729
ENSG00000073598,4
ENSG00000073605,2020
ENSG00000073614,5095
ENSG00000073670,12
ENSG00000073711,533
ENSG00000073712,3431
ENSG00000073734,15
ENSG00000073737,76
ENSG00000073754,0
ENSG00000073756,108
ENSG00000073792,65
ENSG00000073803,2455
ENSG00000073849,9166
ENSG00000073861,64
ENSG00000073905,6
ENSG00000073910,1113
ENSG00000073921,6725
ENSG00000073969,2268
ENSG00000074047,114
ENSG00000074054,7667
ENSG00000074071,4002
ENSG00000074181,14883
ENSG00000074201,4187
ENSG00000074211,1833
ENSG00000074219,1878
ENSG00000074266,1185
ENSG00000074276,60
ENSG00000074317,3
ENSG00000074319,2959
ENSG00000074356,3111
ENSG00000074370,15228
ENSG00000074410,6099
ENSG00000074416,14108
ENSG00000074527,1536
ENSG00000074582,1320
ENSG00000074590,627
ENSG00000074603,1648
ENSG00000074621,280
ENSG00000074657,2036
ENSG00000074660,258
ENSG00000074695,10049
ENSG00000074696,8092
ENSG00000074706,104
ENSG00000074755,2029
ENSG00000074771,0
ENSG00000074800,67658
ENSG00000074803,56
ENSG00000074842,3960
ENSG00000074855,1167
ENSG00000074935,158
ENSG00000074964,1458
ENSG00000074966,26
ENSG00000075035,10
ENSG00000075043,3038
ENSG00000075073,13
ENSG00000075089,3117
ENSG00000075131,531
ENSG00000075142,4953
ENSG00000075151,4499
ENSG00000075188,1238
ENSG00000075213,68
ENSG00000075218,1085
ENSG00000075223,6105
ENSG00000075234,829
ENSG00000075239,2282
ENSG00000075240,6031
ENSG00000075275,6259
ENSG00000075290,7
ENSG00000075292,7989
ENSG00000075303,970
ENSG00000075336,905
ENSG00000075340,91
ENSG00000075388,0
ENSG00000075391,1548
ENSG00000075399,1806
ENSG00000075407,727
ENSG00000075413,6404
ENSG00000075415,15135
ENSG00000075420,5578
ENSG00000075426,5215
ENSG00000075429,2
ENSG00000075461,24200
ENSG00000075539,1732
ENSG00000075568,5614
ENSG00000075618,5150
ENSG00000075624,346696
ENSG00000075643,925
ENSG00000075651,1935
ENSG00000075673,3
ENSG00000075702,1079
ENSG00000075711,5606
ENSG00000075785,16241
ENSG00000075790,3363
ENSG00000075826,73
ENSG00000075856,3921
ENSG00000075884,289
ENSG00000075886,12
ENSG00000075891,37
ENSG00000075914,2047
ENSG00000075945,1633
ENSG00000075975,2057
ENSG00000076003,9070
ENSG00000076043,1202
ENSG00000076053,955
ENSG00000076067,1265
ENSG00000076108,5075
ENSG00000076201,3402
ENSG00000076242,2865
ENSG00000076248,4468
ENSG00000076258,210
ENSG00000076321,677
ENSG00000076344,55
ENSG00000076351,202
ENSG00000076356,390
ENSG00000076382,12651
ENSG00000076513,3146
ENSG00000076554,15551
ENSG00000076555,1105
ENSG00000076604,16623
ENSG00000076641,398
ENSG00000076650,642
ENSG00000076662,95
ENSG00000076685,1743
ENSG00000076706,3825
ENSG00000076716,544
ENSG00000076770,211
ENSG00000076826,2460
ENSG00000076864,6805
ENSG00000076924,2805
ENSG00000076928,3931
ENSG00000076944,2961
ENSG00000076984,1458
ENSG00000077009,0
ENSG00000077044,3015
ENSG00000077063,78
ENSG00000077080,1
ENSG00000077092,133
ENSG00000077097,19712
ENSG00000077147,12577
ENSG00000077150,1771
ENSG00000077152,1197
ENSG00000077157,1566
ENSG00000077232,11656
ENSG00000077235,10559
ENSG00000077238,2164
ENSG00000077254,3451
ENSG00000077264,48
ENSG00000077274,68
ENSG00000077279,1
ENSG00000077312,4070
ENSG00000077327,1
ENSG00000077348,926
ENSG00000077380,8365
ENSG00000077420,716
ENSG00000077454,1252
ENSG00000077458,542
ENSG00000077463,807
ENSG00000077498,0
ENSG00000077514,1795
ENSG00000077522,12
ENSG00000077549,18933
ENSG00000077585,1115
ENSG00000077616,24
ENSG00000077684,3538
ENSG00000077713,1037
ENSG00000077721,2876
ENSG00000077782,4990
ENSG00000077800,1
ENSG00000077935,137
ENSG00000077942,9008
ENSG00000077943,224
ENSG00000077984,238
ENSG00000078018,120
ENSG00000078043,1369
ENSG00000078053,264
ENSG00000078061,3335
ENSG00000078070,1985
ENSG00000078081,738
ENSG00000078098,694
ENSG00000078114,3811
ENSG00000078124,1455
ENSG00000078140,2370
ENSG00000078142,2024
ENSG00000078177,521
ENSG00000078237,1053
ENSG00000078246,2771
ENSG00000078269,762
ENSG00000078295,4248
ENSG00000078304,16520
ENSG00000078319,730
ENSG00000078328,0
ENSG00000078369,30138
ENSG00000078399,33
ENSG00000078401,767
ENSG00000078403,1033
ENSG00000078487,587
ENSG00000078549,56
ENSG00000078579,1
ENSG00000078589,135
ENSG00000078596,755
ENSG00000078618,19622
ENSG00000078668,10277
ENSG00000078674,3553
ENSG00000078687,1635
ENSG00000078699,1606
ENSG00000078725,43
ENSG00000078747,3011
ENSG00000078795,6
ENSG00000078804,4617
ENSG00000078808,8293
ENSG00000078814,16
ENSG00000078898,79
ENSG00000078900,100
ENSG00000078902,2912
ENSG00000078967,792
ENSG00000079101,192
ENSG00000079102,152
ENSG00000079112,7
ENSG00000079134,2003
ENSG00000079150,367
ENSG00000079156,213
ENSG00000079215,601
ENSG00000079246,32686
ENSG00000079257,261
ENSG00000079263,266
ENSG00000079277,2480
ENSG00000079308,6412
ENSG00000079313,1881
ENSG00000079332,6816
ENSG00000079335,312
ENSG00000079337,343
ENSG00000079385,179
ENSG00000079387,1457
ENSG00000079393,0
ENSG00000079432,3145
ENSG00000079435,1712
ENSG00000079459,10810
ENSG00000079462,2644
ENSG00000079482,952
ENSG00000079557,0
ENSG00000079616,8321
ENSG00000079689,16
ENSG00000079691,2489
ENSG00000079739,3877
ENSG00000079785,5818
ENSG00000079805,8037
ENSG00000079819,3686
ENSG00000079841,0
ENSG00000079931,126
ENSG00000079950,2826
ENSG00000079974,1446
ENSG00000079999,1486
ENSG00000080007,10
ENSG00000080031,55
ENSG00000080166,2
ENSG00000080189,6794
ENSG00000080200,237
ENSG00000080224,1
ENSG00000080293,4
ENSG00000080298,462
ENSG00000080345,3171
ENSG00000080371,3104
ENSG00000080493,41
ENSG00000080503,4973
ENSG00000080511,0
ENSG00000080546,2997
ENSG00000080561,730
ENSG00000080572,3
ENSG00000080573,599
ENSG00000080603,9180
ENSG00000080608,1619
ENSG00000080618,1
ENSG00000080644,13
ENSG00000080709,14
ENSG00000080802,1246
ENSG00000080815,7519
ENSG00000080819,687
ENSG00000080822,1933
ENSG00000080823,797
ENSG00000080824,229760
ENSG00000080839,1590
ENSG00000080845,10638
ENSG00000080854,18
ENSG00000080910,0
ENSG00000080947,152
ENSG00000080986,1530
ENSG00000081014,756
ENSG00000081019,624
ENSG00000081026,1114
ENSG00000081041,174
ENSG00000081051,36
ENSG00000081052,753
ENSG00000081059,1196
ENSG00000081087,3212
ENSG00000081138,42
ENSG00000081148,6
ENSG00000081154,4057
ENSG00000081177,3150
ENSG00000081181,446
ENSG00000081189,784
ENSG00000081237,2182
ENSG00000081248,1
ENSG00000081277,898
ENSG00000081307,2022
ENSG00000081320,1668
ENSG00000081377,535
ENSG00000081386,788
ENSG00000081479,111
ENSG00000081665,1565
ENSG00000081692,1450
ENSG00000081721,649
ENSG00000081760,2501
ENSG00000081791,1669
ENSG00000081800,0
ENSG00000081803,11771
ENSG00000081818,64
ENSG00000081842,5
ENSG00000081853,108
ENSG00000081870,2522
ENSG00000081913,1837
ENSG00000081923,4758
ENSG00000081985,41
ENSG00000082014,523
ENSG00000082068,2634
ENSG00000082074,1104
ENSG00000082126,4
ENSG00000082146,1136
ENSG00000082153,11980
ENSG00000082175,98
ENSG00000082196,259
ENSG00000082212,1848
ENSG00000082213,3710
ENSG00000082258,2702
ENSG00000082269,311
ENSG00000082293,6
ENSG00000082397,612
ENSG00000082438,731
ENSG00000082458,8852
ENSG00000082482,103
ENSG00000082497,2442
ENSG00000082512,556
ENSG00000082515,1191
ENSG00000082516,2153
ENSG00000082556,0
ENSG00000082641,10748
ENSG00000082684,61
ENSG00000082701,8432
ENSG00000082781,21577
ENSG00000082805,3068
ENSG00000082898,16962
ENSG00000082929,76
ENSG00000082996,2075
ENSG00000083067,3
ENSG00000083093,965
ENSG00000083097,693
ENSG00000083099,2599
ENSG00000083123,1301
ENSG00000083168,7533
ENSG00000083223,2546
ENSG00000083290,1887
ENSG00000083307,4621
ENSG00000083312,8308
ENSG00000083444,10221
ENSG00000083454,36
ENSG00000083457,653
ENSG00000083520,2322
ENSG00000083535,683
ENSG00000083544,1265
ENSG00000083622,0
ENSG00000083635,300
ENSG00000083642,4110
ENSG00000083720,4683
ENSG00000083750,266
ENSG00000083782,19
ENSG00000083799,1493
ENSG00000083807,120
ENSG00000083812,358
ENSG00000083814,400
ENSG00000083817,450
ENSG00000083828,627
ENSG00000083838,545
ENSG00000083844,1322
ENSG00000083845,30145
ENSG00000083857,12487
ENSG00000083896,4919
ENSG00000083937,1632
ENSG00000084070,3672
ENSG00000084072,4888
ENSG00000084073,11062
ENSG00000084090,11714
ENSG00000084092,1611
ENSG00000084093,3040
ENSG00000084110,20
ENSG00000084112,3258
ENSG00000084207,46318
ENSG00000084234,44844
ENSG00000084444,3624
ENSG00000084453,4
ENSG00000084463,7388
ENSG00000084623,25875
ENSG00000084628,502
ENSG00000084636,1227
ENSG00000084652,8121
ENSG00000084674,15
ENSG00000084676,3667
ENSG00000084693,1653
ENSG00000084710,861
ENSG00000084731,3334
ENSG00000084733,8557
ENSG00000084734,3
ENSG00000084754,11064
ENSG00000084764,388
ENSG00000084774,2979
ENSG00000085063,9624
ENSG00000085117,5549
ENSG00000085185,1528
ENSG00000085224,6112
ENSG00000085231,1081
ENSG00000085265,269
ENSG00000085274,1102
ENSG00000085276,295
ENSG00000085365,2491
ENSG00000085377,10021
ENSG00000085382,1546
ENSG00000085415,3418
ENSG00000085433,426
ENSG00000085449,3418
ENSG00000085465,19
ENSG00000085491,1630
ENSG00000085511,1578
ENSG00000085514,240
ENSG00000085552,6040
ENSG00000085563,172
ENSG00000085644,2069
ENSG00000085662,782
ENSG00000085719,8574
ENSG00000085721,4518
ENSG00000085733,17223
ENSG00000085741,146
ENSG00000085760,2489
ENSG00000085788,2163
ENSG00000085831,7558
ENSG00000085832,6307
ENSG00000085840,881
ENSG00000085871,1513
ENSG00000085872,2442
ENSG00000085978,5277
ENSG00000085982,4048
ENSG00000085998,7777
ENSG00000085999,921
ENSG00000086015,11687
ENSG00000086061,17698
ENSG00000086062,18280
ENSG00000086065,2863
ENSG00000086102,2755
ENSG00000086159,84
ENSG00000086189,1403
ENSG00000086200,1533
ENSG00000086205,417
ENSG00000086232,16508
ENSG00000086288,53
ENSG00000086289,507
ENSG00000086300,803
ENSG00000086475,3570
ENSG00000086504,2684
ENSG00000086506,10
ENSG00000086544,1476
ENSG00000086548,9991
ENSG00000086570,402
ENSG00000086589,1716
ENSG00000086598,16087
ENSG00000086619,542
ENSG00000086666,3863
ENSG00000086696,207
ENSG00000086712,2325
ENSG00000086717,74
ENSG00000086730,459
ENSG00000086758,14314
ENSG00000086827,1546
ENSG00000086848,251
ENSG00000086967,0
ENSG00000086991,184
ENSG00000087008,753
ENSG00000087053,1774
ENSG00000087074,2560
ENSG00000087076,133
ENSG00000087077,6171
ENSG00000087085,377
ENSG00000087086,108384
ENSG00000087087,6832
ENSG00000087088,1767
ENSG00000087095,824
ENSG00000087111,5111
ENSG00000087116,1292
ENSG00000087128,56
ENSG00000087152,1856
ENSG00000087157,795
ENSG00000087191,26985
ENSG00000087206,1191
ENSG00000087237,136
ENSG00000087245,6641
ENSG00000087250,2
ENSG00000087253,788
ENSG00000087258,208
ENSG00000087263,3993
ENSG00000087266,1397
ENSG00000087269,1865
ENSG00000087274,8298
ENSG00000087299,922
ENSG00000087301,591
ENSG00000087302,8507
ENSG00000087303,558
ENSG00000087338,1797
ENSG00000087365,25691
ENSG00000087448,1192
ENSG00000087460,217372
ENSG00000087470,3761
ENSG00000087494,38
ENSG00000087495,5
ENSG00000087502,3384
ENSG00000087510,12702
ENSG00000087586,5904
ENSG00000087589,71
ENSG00000087842,1015
ENSG00000087884,639
ENSG00000087903,757
ENSG00000087995,2784
ENSG00000088002,1120
ENSG00000088035,913
ENSG00000088038,3600
ENSG00000088053,11
ENSG00000088179,1515
ENSG00000088205,6605
ENSG00000088247,10368
ENSG00000088256,4663
ENSG00000088280,2741
ENSG00000088298,807
ENSG00000088305,2493
ENSG00000088320,40
ENSG00000088325,7671
ENSG00000088340,116
ENSG00000088356,1451
ENSG00000088367,1622
ENSG00000088386,37
ENSG00000088387,4379
ENSG00000088448,3372
ENSG00000088451,507
ENSG00000088538,62
ENSG00000088543,195
ENSG00000088682,14318
ENSG00000088726,741
ENSG00000088727,666
ENSG00000088756,107
ENSG00000088766,1906
ENSG00000088782,0
ENSG00000088808,3733
ENSG00000088812,5373
ENSG00000088826,759
ENSG00000088827,378
ENSG00000088832,10348
ENSG00000088833,4632
ENSG00000088836,633
ENSG00000088854,1114
ENSG00000088876,703
ENSG00000088881,1036
ENSG00000088882,689
ENSG00000088888,7036
ENSG00000088899,637
ENSG00000088926,0
ENSG00000088930,3367
ENSG00000088970,323
ENSG00000088986,3846
ENSG00000088992,34
ENSG00000089006,4121
ENSG00000089009,31759
ENSG00000089012,144
ENSG00000089022,1424
ENSG00000089041,210
ENSG00000089048,1056
ENSG00000089050,1394
ENSG00000089053,5531
ENSG00000089057,840
ENSG00000089060,1889
ENSG00000089063,4735
ENSG00000089091,193
ENSG00000089094,2136
ENSG00000089101,39
ENSG00000089116,9
ENSG00000089123,378
ENSG00000089127,1217
ENSG00000089154,6199
ENSG00000089157,63678
ENSG00000089159,6965
ENSG00000089163,71
ENSG00000089169,21
ENSG00000089177,1564
ENSG00000089195,1092
ENSG00000089199,8
ENSG00000089220,13461
ENSG00000089225,93
ENSG00000089234,1596
ENSG00000089248,10012
ENSG00000089250,6
ENSG00000089280,24630
ENSG00000089289,6087
ENSG00000089327,2966
ENSG00000089335,685
ENSG00000089351,2997
ENSG00000089356,4955
ENSG00000089472,423
ENSG00000089486,701
ENSG00000089505,62
ENSG00000089558,9
ENSG00000089597,57318
ENSG00000089639,1155
ENSG00000089682,641
ENSG00000089685,2988
ENSG00000089692,212
ENSG00000089693,15316
ENSG00000089723,363
ENSG00000089737,10561
ENSG00000089775,856
ENSG00000089818,2657
ENSG00000089820,947
ENSG00000089847,31
ENSG00000089876,2985
ENSG00000089902,5834
ENSG00000089916,1400
ENSG00000090006,919
ENSG00000090013,4400
ENSG00000090020,5363
ENSG00000090054,2271
ENSG00000090060,22162
ENSG00000090061,1203
ENSG00000090097,1562
ENSG00000090104,2603
ENSG00000090238,1833
ENSG00000090263,3421
ENSG00000090266,5779
ENSG00000090273,12332
ENSG00000090316,2293
ENSG00000090339,1769
ENSG00000090372,6834
ENSG00000090376,198
ENSG00000090382,13359
ENSG00000090402,0
ENSG00000090432,2145
ENSG00000090447,941
ENSG00000090470,1008
ENSG00000090487,5164
ENSG00000090512,1
ENSG00000090520,5722
ENSG00000090530,130
ENSG00000090534,18
ENSG00000090539,132
ENSG00000090554,77
ENSG00000090565,3442
ENSG00000090581,1325
ENSG00000090612,1762
ENSG00000090615,5214
ENSG00000090621,11265
ENSG00000090659,95
ENSG00000090661,5579
ENSG00000090674,1063
ENSG00000090686,5690
ENSG00000090776,1460
ENSG00000090857,2720
ENSG00000090861,17547
ENSG00000090863,20913
ENSG00000090889,3559
ENSG00000090905,1902
ENSG00000090924,728
ENSG00000090932,26
ENSG00000090971,1053
ENSG00000090975,531
ENSG00000090989,1230
ENSG00000091009,1565
ENSG00000091010,9
ENSG00000091039,2693
ENSG00000091073,3367
ENSG00000091106,53
ENSG00000091127,1871
ENSG00000091128,12
ENSG00000091129,849
ENSG00000091136,5581
ENSG00000091137,42
ENSG00000091138,6
ENSG00000091140,6065
ENSG00000091157,1182
ENSG00000091164,3269
ENSG00000091181,6
ENSG00000091262,76
ENSG00000091317,7356
ENSG00000091409,10216
ENSG00000091428,288
ENSG00000091436,7631
ENSG00000091482,0
ENSG00000091483,7317
ENSG00000091490,1916
ENSG00000091513,98
ENSG00000091527,9625
ENSG00000091536,25
ENSG00000091542,12602
ENSG00000091583,10
ENSG00000091592,472
ENSG00000091622,1915
ENSG00000091640,2047
ENSG00000091651,615
ENSG00000091656,205
ENSG00000091664,0
ENSG00000091704,17
ENSG00000091732,1851
ENSG00000091831,281
ENSG00000091844,45
ENSG00000091879,484
ENSG00000091947,954
ENSG00000091972,493
ENSG00000091986,4936
ENSG00000092009,9
ENSG00000092010,19830
ENSG00000092020,2215
ENSG00000092036,1613
ENSG00000092051,7
ENSG00000092054,3
ENSG00000092067,3
ENSG00000092068,1312
ENSG00000092094,3203
ENSG00000092096,14190
ENSG00000092098,2329
ENSG00000092108,5653
ENSG00000092140,3304
ENSG00000092148,17645
ENSG00000092199,34534
ENSG00000092200,122
ENSG00000092201,32412
ENSG00000092203,8487
ENSG00000092208,1095
ENSG00000092295,124
ENSG00000092330,7006
ENSG00000092345,10
ENSG00000092377,0
ENSG00000092421,378
ENSG00000092439,1922
ENSG00000092445,1144
ENSG00000092470,695
ENSG00000092529,21
ENSG00000092531,2321
ENSG00000092607,180
ENSG00000092621,5174
ENSG00000092758,95
ENSG00000092820,29221
ENSG00000092841,32559
ENSG00000092847,5071
ENSG00000092850,91
ENSG00000092853,1126
ENSG00000092871,954
ENSG00000092929,1787
ENSG00000092931,531
ENSG00000092964,4098
ENSG00000092969,1123
ENSG00000092978,2175
ENSG00000093000,3719
ENSG00000093009,1742
ENSG00000093010,6159
ENSG00000093072,2053
ENSG00000093100,2
ENSG00000093134,3
ENSG00000093144,612
ENSG00000093167,2434
ENSG00000093183,2452
ENSG00000093217,368
ENSG00000094631,2301
ENSG00000094661,0
ENSG00000094755,583
ENSG00000094796,0
ENSG00000094804,32081
ENSG00000094841,696
ENSG00000094880,2561
ENSG00000094914,2004
ENSG00000094916,5807
ENSG00000094963,936
ENSG00000094975,4202
ENSG00000095002,2089
ENSG00000095015,2914
ENSG00000095059,3149
ENSG00000095066,811
ENSG00000095110,0
ENSG00000095139,11992
ENSG00000095203,1722
ENSG00000095209,301
ENSG00000095261,10083
ENSG00000095303,385
ENSG00000095319,17792
ENSG00000095321,7496
ENSG00000095370,784
ENSG00000095380,2584
ENSG00000095383,679
ENSG00000095397,782
ENSG00000095464,6
ENSG00000095485,1184
ENSG00000095539,208
ENSG00000095564,1700
ENSG00000095574,777
ENSG00000095585,628
ENSG00000095587,44
ENSG00000095596,1
ENSG00000095627,7
ENSG00000095637,2962
ENSG00000095713,1058
ENSG00000095739,11554
ENSG00000095752,20
ENSG00000095777,1
ENSG00000095787,14094
ENSG00000095794,551
ENSG00000095906,2715
ENSG00000095917,0
ENSG00000095932,6
ENSG00000095951,1976
ENSG00000095970,279
ENSG00000095981,0
ENSG00000096006,1
ENSG00000096060,1436
ENSG00000096063,3450
ENSG00000096070,2792
ENSG00000096080,1140
ENSG00000096088,0
ENSG00000096092,1142
ENSG00000096093,598
ENSG00000096264,0
ENSG00000096384,98710
ENSG00000096395,0
ENSG00000096401,2501
ENSG00000096433,5205
ENSG00000096654,684
ENSG00000096696,24147
ENSG00000096717,1608
ENSG00000096746,8494
ENSG00000096872,674
ENSG00000096968,619
ENSG00000096996,156
ENSG00000097007,13554
ENSG00000097021,5014
ENSG00000097033,3531
ENSG00000097046,532
ENSG00000097096,204
ENSG00000099139,223
ENSG00000099194,52875
ENSG00000099203,525
ENSG00000099204,6946
ENSG00000099219,10206
ENSG00000099246,7348
ENSG00000099250,2322
ENSG00000099251,64
ENSG00000099256,91
ENSG00000099260,1703
ENSG00000099282,9265
ENSG00000099284,4117
ENSG00000099290,1041
ENSG00000099308,683
ENSG00000099326,422
ENSG00000099330,763
ENSG00000099331,9517
ENSG00000099337,864
ENSG00000099338,225
ENSG00000099341,9201
ENSG00000099364,1460
ENSG00000099365,17
ENSG00000099377,386
ENSG00000099381,2548
ENSG00000099385,3368
ENSG00000099399,1
ENSG00000099617,54
ENSG00000099622,13165
ENSG00000099624,2180
ENSG00000099625,157
ENSG00000099715,0
ENSG00000099721,0
ENSG00000099725,6
ENSG00000099769,2
ENSG00000099783,15516
ENSG00000099785,1886
ENSG00000099795,6358
ENSG00000099797,10422
ENSG00000099800,2924
ENSG00000099804,2433
ENSG00000099810,308
ENSG00000099812,133
ENSG00000099814,6537
ENSG00000099817,10946
ENSG00000099821,2715
ENSG00000099822,65
ENSG00000099834,3
ENSG00000099840,43
ENSG00000099849,1066
ENSG00000099860,2455
ENSG00000099864,1089
ENSG00000099866,16
ENSG00000099869,2
ENSG00000099875,12719
ENSG00000099889,2250
ENSG00000099899,768
ENSG00000099901,4000
ENSG00000099904,1460
ENSG00000099910,1560
ENSG00000099917,3571
ENSG00000099937,2
ENSG00000099940,2738
ENSG00000099942,3422
ENSG00000099949,1685
ENSG00000099953,6262
ENSG00000099954,1591
ENSG00000099956,5739
ENSG00000099957,22
ENSG00000099958,580
ENSG00000099960,113
ENSG00000099968,3303
ENSG00000099974,33
ENSG00000099977,1967
ENSG00000099984,1
ENSG00000099985,200
ENSG00000099991,4634
ENSG00000099992,931
ENSG00000099994,31933
ENSG00000099995,6796
ENSG00000099998,2051
ENSG00000099999,380
ENSG00000100003,411
ENSG00000100012,0
ENSG00000100014,3577
ENSG00000100023,3755
ENSG00000100024,11
ENSG00000100027,261
ENSG00000100028,6704
ENSG00000100029,5985
ENSG00000100030,8595
ENSG00000100031,474
ENSG00000100033,1193
ENSG00000100034,937
ENSG00000100036,256
ENSG00000100038,20
ENSG00000100053,11
ENSG00000100055,457
ENSG00000100056,1128
ENSG00000100058,246
ENSG00000100060,426
ENSG00000100065,1368
ENSG00000100068,221
ENSG00000100075,7035
ENSG00000100077,1584
ENSG00000100078,5
ENSG00000100079,136
ENSG00000100083,2716
ENSG00000100084,948
ENSG00000100092,1095
ENSG00000100095,2
ENSG00000100097,6050
ENSG00000100099,1420
ENSG00000100100,1502
ENSG00000100101,6
ENSG00000100104,855
ENSG00000100105,6561
ENSG00000100106,1241
ENSG00000100109,1626
ENSG00000100116,1169
ENSG00000100121,0
ENSG00000100122,12
ENSG00000100124,1601
ENSG00000100129,8338
ENSG00000100138,5747
ENSG00000100139,1622
ENSG00000100142,8
ENSG00000100146,0
ENSG00000100147,292
ENSG00000100150,899
ENSG00000100151,843
ENSG00000100154,520
ENSG00000100156,18
ENSG00000100162,514
ENSG00000100167,2319
ENSG00000100170,1183
ENSG00000100181,71
ENSG00000100191,3
ENSG00000100196,4204
ENSG00000100197,14
ENSG00000100201,19778
ENSG00000100206,155
ENSG00000100207,5809
ENSG00000100209,615
ENSG00000100211,2432
ENSG00000100216,6043
ENSG00000100218,5
ENSG00000100219,0
ENSG00000100220,6106
ENSG00000100221,4960
ENSG00000100225,5648
ENSG00000100226,4438
ENSG00000100227,4890
ENSG00000100228,128
ENSG00000100234,288
ENSG00000100239,2192
ENSG00000100241,2482
ENSG00000100242,8672
ENSG00000100243,13092
ENSG00000100246,2779
ENSG00000100249,0
ENSG00000100253,4
ENSG00000100258,3622
ENSG00000100263,1095
ENSG00000100266,7734
ENSG00000100271,618
ENSG00000100276,69
ENSG00000100280,11052
ENSG00000100281,2019
ENSG00000100284,3658
ENSG00000100285,43
ENSG00000100288,60
ENSG00000100290,1462
ENSG00000100292,1852
ENSG00000100294,1211
ENSG00000100296,1446
ENSG00000100297,4185
ENSG00000100298,20
ENSG00000100299,1246
ENSG00000100300,5002
ENSG00000100302,213
ENSG00000100304,11169
ENSG00000100307,665
ENSG00000100311,2035
ENSG00000100312,21
ENSG00000100314,19
ENSG00000100316,102374
ENSG00000100319,899
ENSG00000100320,3671
ENSG00000100321,441
ENSG00000100324,1988
ENSG00000100325,4927
ENSG00000100330,298
ENSG00000100335,2160
ENSG00000100336,1925
ENSG00000100341,1
ENSG00000100342,3395
ENSG00000100344,226
ENSG00000100345,91195
ENSG00000100346,27
ENSG00000100347,3003
ENSG00000100348,4425
ENSG00000100350,5578
ENSG00000100351,108
ENSG00000100353,11746
ENSG00000100354,2167
ENSG00000100359,4552
ENSG00000100360,1856
ENSG00000100362,11
ENSG00000100364,5379
ENSG00000100365,284
ENSG00000100368,652
ENSG00000100372,2086
ENSG00000100373,3
ENSG00000100376,721
ENSG00000100379,503
ENSG00000100380,11164
ENSG00000100385,1092
ENSG00000100387,2843
ENSG00000100393,5705
ENSG00000100395,3296
ENSG00000100399,204
ENSG00000100401,17118
ENSG00000100403,5638
ENSG00000100410,1545
ENSG00000100412,6020
ENSG00000100413,1981
ENSG00000100416,1179
ENSG00000100417,1860
ENSG00000100418,2052
ENSG00000100422,4482
ENSG00000100425,3578
ENSG00000100426,1755
ENSG00000100427,16
ENSG00000100429,190
ENSG00000100433,3
ENSG00000100439,4874
ENSG00000100441,7595
ENSG00000100442,8964
ENSG00000100445,587
ENSG00000100448,40
ENSG00000100450,79
ENSG00000100453,219
ENSG00000100461,6675
ENSG00000100462,6279
ENSG00000100473,570
ENSG00000100478,2183
ENSG00000100479,784
ENSG00000100483,337
ENSG00000100485,3316
ENSG00000100490,18
ENSG00000100503,4317
ENSG00000100504,1250
ENSG00000100505,49
ENSG00000100519,3545
ENSG00000100522,2960
ENSG00000100523,1417
ENSG00000100526,1545
ENSG00000100528,5271
ENSG00000100532,423
ENSG00000100554,3466
ENSG00000100557,1
ENSG00000100558,427
ENSG00000100564,659
ENSG00000100565,0
ENSG00000100567,6051
ENSG00000100568,7227
ENSG00000100575,1384
ENSG00000100577,4945
ENSG00000100578,1049
ENSG00000100580,2704
ENSG00000100583,395
ENSG00000100591,10373
ENSG00000100592,6735
ENSG00000100593,9
ENSG00000100596,12432
ENSG00000100599,643
ENSG00000100600,11392
ENSG00000100601,1028
ENSG00000100603,5258
ENSG00000100604,401
ENSG00000100605,8865
ENSG00000100612,2930
ENSG00000100614,3938
ENSG00000100625,1259
ENSG00000100626,318
ENSG00000100628,98
ENSG00000100629,595
ENSG00000100632,6969
ENSG00000100644,16265
ENSG00000100647,4938
ENSG00000100650,7272
ENSG00000100652,1
ENSG00000100664,13199
ENSG00000100665,0
ENSG00000100678,5
ENSG00000100697,4879
ENSG00000100711,9650
ENSG00000100714,4565
ENSG00000100721,154
ENSG00000100722,3376
ENSG00000100726,2045
ENSG00000100731,2981
ENSG00000100739,45
ENSG00000100744,2980
ENSG00000100749,1856
ENSG00000100764,1451
ENSG00000100767,459
ENSG00000100784,1487
ENSG00000100796,7152
ENSG00000100802,875
ENSG00000100804,16833
ENSG00000100811,9324
ENSG00000100813,10519
ENSG00000100814,1882
ENSG00000100815,3699
ENSG00000100823,30118
ENSG00000100836,6813
ENSG00000100842,11958
ENSG00000100852,4887
ENSG00000100865,2017
ENSG00000100867,99
ENSG00000100883,7230
ENSG00000100884,0
ENSG00000100888,10591
ENSG00000100889,8062
ENSG00000100890,700
ENSG00000100897,15378
ENSG00000100902,3012
ENSG00000100906,10272
ENSG00000100908,2956
ENSG00000100911,14989
ENSG00000100916,561
ENSG00000100918,532
ENSG00000100926,1179
ENSG00000100934,6277
ENSG00000100938,6196
ENSG00000100941,7670
ENSG00000100949,2116
ENSG00000100968,507
ENSG00000100979,1618
ENSG00000100982,4312
ENSG00000100983,4293
ENSG00000100985,2526
ENSG00000100987,2
ENSG00000100991,6346
ENSG00000100994,14360
ENSG00000100997,3374
ENSG00000101000,272
ENSG00000101003,1763
ENSG00000101004,862
ENSG00000101017,727
ENSG00000101019,1900
ENSG00000101040,7500
ENSG00000101049,47
ENSG00000101052,3413
ENSG00000101057,11759
ENSG00000101074,0
ENSG00000101076,0
ENSG00000101079,2035
ENSG00000101082,116
ENSG00000101084,2526
ENSG00000101096,938
ENSG00000101098,136
ENSG00000101104,500
ENSG00000101109,4470
ENSG00000101115,253
ENSG00000101126,20647
ENSG00000101132,3889
ENSG00000101134,25
ENSG00000101138,5411
ENSG00000101144,134
ENSG00000101146,13644
ENSG00000101150,20602
ENSG00000101152,14510
ENSG00000101158,26451
ENSG00000101160,16642
ENSG00000101161,18188
ENSG00000101162,11
ENSG00000101166,10772
ENSG00000101180,14
ENSG00000101181,2080
ENSG00000101182,16821
ENSG00000101187,294
ENSG00000101188,3
ENSG00000101189,2489
ENSG00000101190,1912
ENSG00000101191,5839
ENSG00000101193,9085
ENSG00000101194,174
ENSG00000101197,20
ENSG00000101198,5
ENSG00000101199,7314
ENSG00000101200,0
ENSG00000101203,8
ENSG00000101204,428
ENSG00000101210,30473
ENSG00000101213,714
ENSG00000101216,1779
ENSG00000101220,2359
ENSG00000101222,269
ENSG00000101224,12380
ENSG00000101230,280
ENSG00000101236,3432
ENSG00000101246,1691
ENSG00000101247,371
ENSG00000101251,1
ENSG00000101255,6540
ENSG00000101265,1192
ENSG00000101266,8663
ENSG00000101276,1612
ENSG00000101278,112
ENSG00000101280,4
ENSG00000101282,9
ENSG00000101290,3555
ENSG00000101292,0
ENSG00000101294,13558
ENSG00000101298,374
ENSG00000101306,26
ENSG00000101307,112
ENSG00000101310,4436
ENSG00000101311,104
ENSG00000101323,0
ENSG00000101327,0
ENSG00000101331,162
ENSG00000101333,2386
ENSG00000101335,8555
ENSG00000101336,660
ENSG00000101337,5951
ENSG00000101342,33
ENSG00000101343,3285
ENSG00000101346,3437
ENSG00000101347,3912
ENSG00000101349,23
ENSG00000101350,5854
ENSG00000101353,125
ENSG00000101361,8185
ENSG00000101363,3831
ENSG00000101365,4369
ENSG00000101367,11640
ENSG00000101384,2646
ENSG00000101391,1761
ENSG00000101400,2545
ENSG00000101405,2
ENSG00000101407,2029
ENSG00000101412,1574
ENSG00000101413,1628
ENSG00000101417,148
ENSG00000101421,4411
ENSG00000101425,12
ENSG00000101435,0
ENSG00000101438,0
ENSG00000101439,4031
ENSG00000101440,6
ENSG00000101441,4
ENSG00000101442,1185
ENSG00000101443,4130
ENSG00000101444,12790
ENSG00000101445,512
ENSG00000101446,0
ENSG00000101447,1329
ENSG00000101448,2
ENSG00000101452,678
ENSG00000101457,5628
ENSG00000101460,871
ENSG00000101463,26
ENSG00000101464,2276
ENSG00000101470,63
ENSG00000101473,3827
ENSG00000101474,13939
ENSG00000101489,31
ENSG00000101493,144
ENSG00000101542,6
ENSG00000101544,2139
ENSG00000101546,1162
ENSG00000101557,6036
ENSG00000101558,10544
ENSG00000101574,568
ENSG00000101577,7415
ENSG00000101596,4242
ENSG00000101605,147
ENSG00000101608,19774
ENSG00000101624,963
ENSG00000101638,15
ENSG00000101639,1410
ENSG00000101654,2535
ENSG00000101665,911
ENSG00000101670,235
ENSG00000101680,105
ENSG00000101695,212
ENSG00000101745,2992
ENSG00000101746,1
ENSG00000101751,1379
ENSG00000101752,3898
ENSG00000101773,2593
ENSG00000101782,2594
ENSG00000101811,897
ENSG00000101812,1
ENSG00000101825,14823
ENSG00000101842,15
ENSG00000101843,4136
ENSG00000101844,816
ENSG00000101846,2475
ENSG00000101849,4506
ENSG00000101850,164
ENSG00000101856,8407
ENSG00000101868,1304
ENSG00000101871,144
ENSG00000101882,1229
ENSG00000101883,3
ENSG00000101888,1600
ENSG00000101890,0
ENSG00000101892,1
ENSG00000101898,24
ENSG00000101901,769
ENSG00000101911,2548
ENSG00000101916,139
ENSG00000101928,398
ENSG00000101935,1032
ENSG00000101938,892
ENSG00000101940,2710
ENSG00000101945,911
ENSG00000101951,0
ENSG00000101955,585
ENSG00000101958,1
ENSG00000101966,2081
ENSG00000101972,4730
ENSG00000101974,1483
ENSG00000101977,5
ENSG00000101981,0
ENSG00000101986,3358
ENSG00000101997,1969
ENSG00000102001,6
ENSG00000102003,398
ENSG00000102007,4736
ENSG00000102010,51
ENSG00000102021,0
ENSG00000102024,1020
ENSG00000102030,1675
ENSG00000102032,217
ENSG00000102034,2356
ENSG00000102038,1582
ENSG00000102043,16
ENSG00000102048,48
ENSG00000102053,33
ENSG00000102054,11848
ENSG00000102055,3
ENSG00000102057,104
ENSG00000102076,0
ENSG00000102078,313
ENSG00000102081,2357
ENSG00000102096,1864
ENSG00000102098,303
ENSG00000102100,3650
ENSG00000102103,1915
ENSG00000102104,1
ENSG00000102109,23
ENSG00000102119,2352
ENSG00000102125,931
ENSG00000102128,2
ENSG00000102144,49969
ENSG00000102145,3
ENSG00000102158,9948
ENSG00000102172,5308
ENSG00000102174,130
ENSG00000102178,1801
ENSG00000102181,913
ENSG00000102189,908
ENSG00000102195,4
ENSG00000102218,460
ENSG00000102221,2375
ENSG00000102225,8922
ENSG00000102226,8764
ENSG00000102230,7
ENSG00000102239,0
ENSG00000102241,7609
ENSG00000102243,16
ENSG00000102245,93
ENSG00000102265,12415
ENSG00000102271,21
ENSG00000102287,1159
ENSG00000102290,3
ENSG00000102302,2573
ENSG00000102309,2677
ENSG00000102312,166
ENSG00000102313,462
ENSG00000102316,60402
ENSG00000102317,6833
ENSG00000102349,694
ENSG00000102359,437
ENSG00000102362,332
ENSG00000102383,25
ENSG00000102384,564
ENSG00000102385,65
ENSG00000102387,12
ENSG00000102390,3407
ENSG00000102393,2082
ENSG00000102401,3393
ENSG00000102409,922
ENSG00000102445,108
ENSG00000102452,4
ENSG00000102466,15
ENSG00000102468,5
ENSG00000102471,1839
ENSG00000102524,363
ENSG00000102531,2797
ENSG00000102539,0
ENSG00000102543,377
ENSG00000102547,1103
ENSG00000102554,1402
ENSG00000102572,5318
ENSG00000102575,2206
ENSG00000102580,7080
ENSG00000102595,1299
ENSG00000102606,3750
ENSG00000102678,1
ENSG00000102683,30
ENSG00000102699,1425
ENSG00000102710,3978
ENSG00000102738,612
ENSG00000102743,540
ENSG00000102753,3023
ENSG00000102755,1287
ENSG00000102760,427
ENSG00000102763,1426
ENSG00000102780,1262
ENSG00000102781,711
ENSG00000102786,1284
ENSG00000102794,0
ENSG00000102796,465
ENSG00000102802,331
ENSG00000102804,20227
ENSG00000102805,1061
ENSG00000102837,355
ENSG00000102854,6
ENSG00000102858,4567
ENSG00000102870,2120
ENSG00000102871,2245
ENSG00000102878,421
ENSG00000102879,3358
ENSG00000102882,5547
ENSG00000102886,125
ENSG00000102890,3000
ENSG00000102891,0
ENSG00000102893,4623
ENSG00000102897,686
ENSG00000102898,17808
ENSG00000102900,11252
ENSG00000102901,1919
ENSG00000102904,291
ENSG00000102908,1978
ENSG00000102910,8486
ENSG00000102921,3195
ENSG00000102924,15
ENSG00000102931,799
ENSG00000102934,443
ENSG00000102935,552
ENSG00000102962,289
ENSG00000102967,1255
ENSG00000102970,232
ENSG00000102974,10308
ENSG00000102977,3390
ENSG00000102978,16121
ENSG00000102981,632
ENSG00000102984,221
ENSG00000102996,44807
ENSG00000103005,20800
ENSG00000103018,8819
ENSG00000103021,9487
ENSG00000103023,12
ENSG00000103024,1852
ENSG00000103034,1421
ENSG00000103035,6738
ENSG00000103037,3713
ENSG00000103042,4982
ENSG00000103043,9497
ENSG00000103044,596
ENSG00000103047,1837
ENSG00000103051,6587
ENSG00000103056,463
ENSG00000103061,844
ENSG00000103064,1651
ENSG00000103066,3351
ENSG00000103067,10949
ENSG00000103089,784
ENSG00000103091,2529
ENSG00000103111,4826
ENSG00000103121,2246
ENSG00000103126,2030
ENSG00000103145,916
ENSG00000103148,2310
ENSG00000103150,1029
ENSG00000103152,1534
ENSG00000103154,153
ENSG00000103160,3172
ENSG00000103168,1849
ENSG00000103174,538
ENSG00000103175,51
ENSG00000103184,16
ENSG00000103187,7798
ENSG00000103194,8381
ENSG00000103196,3890
ENSG00000103197,2376
ENSG00000103199,493
ENSG00000103200,0
ENSG00000103202,4989
ENSG00000103222,2592
ENSG00000103226,500
ENSG00000103227,1138
ENSG00000103241,13
ENSG00000103245,2000
ENSG00000103248,1147
ENSG00000103249,3100
ENSG00000103253,283
ENSG00000103254,558
ENSG00000103257,9422
ENSG00000103260,1359
ENSG00000103264,1438
ENSG00000103266,2841
ENSG00000103269,85
ENSG00000103274,1004
ENSG00000103275,6569
ENSG00000103310,4
ENSG00000103313,18
ENSG00000103316,7
ENSG00000103319,1853
ENSG00000103326,1124
ENSG00000103335,9656
ENSG00000103342,7678
ENSG00000103343,537
ENSG00000103351,1088
ENSG00000103353,3958
ENSG00000103355,0
ENSG00000103356,2649
ENSG00000103363,4763
ENSG00000103365,3921
ENSG00000103375,3
ENSG00000103381,2605
ENSG00000103404,1999
ENSG00000103415,2696
ENSG00000103423,4004
ENSG00000103426,6
ENSG00000103429,3158
ENSG00000103449,30
ENSG00000103460,4393
ENSG00000103472,18
ENSG00000103479,3101
ENSG00000103485,2257
ENSG00000103489,769
ENSG00000103490,2499
ENSG00000103494,642
ENSG00000103495,5120
ENSG00000103496,2529
ENSG00000103502,5498
ENSG00000103507,2985
ENSG00000103510,3569
ENSG00000103512,2762
ENSG00000103522,359
ENSG00000103528,1155
ENSG00000103534,279
ENSG00000103540,1540
ENSG00000103544,3280
ENSG00000103546,30
ENSG00000103549,7086
ENSG00000103550,1979
ENSG00000103569,125
ENSG00000103591,4827
ENSG00000103599,226
ENSG00000103642,798
ENSG00000103647,132
ENSG00000103653,4198
ENSG00000103657,2640
ENSG00000103671,1675
ENSG00000103707,572
ENSG00000103710,292
ENSG00000103723,522
ENSG00000103740,6
ENSG00000103742,68
ENSG00000103769,10310
ENSG00000103811,4025
ENSG00000103832,5
ENSG00000103852,487
ENSG00000103855,7078
ENSG00000103876,2247
ENSG00000103888,117
ENSG00000103932,2486
ENSG00000103942,3342
ENSG00000103966,5068
ENSG00000103978,10778
ENSG00000103994,3463
ENSG00000103995,317
ENSG00000104043,123
ENSG00000104044,2
ENSG00000104047,706
ENSG00000104055,11
ENSG00000104059,6
ENSG00000104064,1647
ENSG00000104067,12760
ENSG00000104081,1529
ENSG00000104093,2166
ENSG00000104112,6
ENSG00000104129,670
ENSG00000104131,3077
ENSG00000104133,4139
ENSG00000104140,1053
ENSG00000104142,2052
ENSG00000104147,486
ENSG00000104154,217
ENSG00000104164,2424
ENSG00000104177,932
ENSG00000104205,153
ENSG00000104213,426
ENSG00000104218,327
ENSG00000104219,206
ENSG00000104221,549
ENSG00000104228,617
ENSG00000104231,1520
ENSG00000104237,0
ENSG00000104267,143
ENSG00000104290,897
ENSG00000104299,769
ENSG00000104312,1529
ENSG00000104313,7
ENSG00000104320,4400
ENSG00000104321,11
ENSG00000104324,515
ENSG00000104325,1559
ENSG00000104327,0
ENSG00000104331,2109
ENSG00000104332,1915
ENSG00000104341,10753
ENSG00000104343,862
ENSG00000104356,325
ENSG00000104361,1350
ENSG00000104365,3764
ENSG00000104368,1433
ENSG00000104369,91
ENSG00000104371,1
ENSG00000104375,930
ENSG00000104381,690
ENSG00000104388,4091
ENSG00000104408,10977
ENSG00000104412,1175
ENSG00000104413,12836
ENSG00000104415,340
ENSG00000104419,8222
ENSG00000104427,346
ENSG00000104432,22
ENSG00000104435,6
ENSG00000104442,1505
ENSG00000104447,3561
ENSG00000104450,739
ENSG00000104472,1314
ENSG00000104490,920
ENSG00000104497,633
ENSG00000104499,0
ENSG00000104517,4158
ENSG00000104518,4521
ENSG00000104522,6130
ENSG00000104524,1646
ENSG00000104529,12024
ENSG00000104537,11
ENSG00000104549,4015
ENSG00000104611,731
ENSG00000104613,1640
ENSG00000104626,578
ENSG00000104635,2205
ENSG00000104643,386
ENSG00000104660,2680
ENSG00000104671,950
ENSG00000104679,802
ENSG00000104687,44176
ENSG00000104689,331
ENSG00000104691,1514
ENSG00000104695,9985
ENSG00000104714,693
ENSG00000104722,3
ENSG00000104723,284
ENSG00000104728,863
ENSG00000104731,2073
ENSG00000104738,4727
ENSG00000104755,21
ENSG00000104756,846
ENSG00000104760,1
ENSG00000104763,7981
ENSG00000104765,5015
ENSG00000104774,3556
ENSG00000104783,386
ENSG00000104804,1
ENSG00000104805,10271
ENSG00000104808,17
ENSG00000104812,3004
ENSG00000104814,448
ENSG00000104818,0
ENSG00000104823,9795
ENSG00000104824,11030
ENSG00000104825,803
ENSG00000104826,2
ENSG00000104827,0
ENSG00000104833,165
ENSG00000104835,242
ENSG00000104848,2
ENSG00000104852,5645
ENSG00000104853,12837
ENSG00000104856,700
ENSG00000104859,1818
ENSG00000104863,221
ENSG00000104866,3687
ENSG00000104870,2071
ENSG00000104872,2485
ENSG00000104879,8
ENSG00000104880,338
ENSG00000104881,1827
ENSG00000104883,344
ENSG00000104884,1869
ENSG00000104885,2157
ENSG00000104886,2433
ENSG00000104888,39
ENSG00000104889,2203
ENSG00000104892,242
ENSG00000104894,925
ENSG00000104897,3306
ENSG00000104899,36
ENSG00000104901,94
ENSG00000104903,106
ENSG00000104904,16181
ENSG00000104907,1294
ENSG00000104915,1177
ENSG00000104918,0
ENSG00000104921,62
ENSG00000104936,622
ENSG00000104938,0
ENSG00000104941,0
ENSG00000104946,1882
ENSG00000104951,461
ENSG00000104953,90
ENSG00000104957,722
ENSG00000104960,5661
ENSG00000104964,14922
ENSG00000104967,103
ENSG00000104969,7808
ENSG00000104970,6
ENSG00000104972,277
ENSG00000104973,2218
ENSG00000104974,20
ENSG00000104976,1677
ENSG00000104979,4300
ENSG00000104980,2037
ENSG00000104983,154
ENSG00000104998,624
ENSG00000105011,2607
ENSG00000105048,559
ENSG00000105053,2160
ENSG00000105058,3636
ENSG00000105063,5078
ENSG00000105072,316
ENSG00000105085,546
ENSG00000105088,1409
ENSG00000105122,423
ENSG00000105127,1298
ENSG00000105131,7
ENSG00000105135,2209
ENSG00000105136,458
ENSG00000105137,367
ENSG00000105141,27
ENSG00000105143,1
ENSG00000105146,13
ENSG00000105171,1711
ENSG00000105173,669
ENSG00000105176,4448
ENSG00000105185,2691
ENSG00000105186,3066
ENSG00000105193,36477
ENSG00000105197,3303
ENSG00000105198,0
ENSG00000105202,5974
ENSG00000105204,1107
ENSG00000105205,0
ENSG00000105219,37
ENSG00000105220,37141
ENSG00000105221,6007
ENSG00000105223,7307
ENSG00000105227,132
ENSG00000105229,2468
ENSG00000105245,1222
ENSG00000105246,190
ENSG00000105248,1518
ENSG00000105251,2
ENSG00000105254,2791
ENSG00000105255,22
ENSG00000105258,1419
ENSG00000105261,14
ENSG00000105270,558
ENSG00000105278,122
ENSG00000105281,10203
ENSG00000105287,3092
ENSG00000105289,2451
ENSG00000105290,384
ENSG00000105298,1310
ENSG00000105321,1535
ENSG00000105323,21625
ENSG00000105325,4065
ENSG00000105327,468
ENSG00000105329,1095
ENSG00000105339,649
ENSG00000105341,3362
ENSG00000105352,13
ENSG00000105355,3111
ENSG00000105357,3043
ENSG00000105364,2402
ENSG00000105366,38
ENSG00000105369,1083
ENSG00000105370,0
ENSG00000105371,0
ENSG00000105372,38840
ENSG00000105373,13685
ENSG00000105374,368
ENSG00000105376,12
ENSG00000105379,2115
ENSG00000105383,99
ENSG00000105388,47
ENSG00000105392,0
ENSG00000105393,3163
ENSG00000105397,2957
ENSG00000105398,0
ENSG00000105401,9078
ENSG00000105402,4866
ENSG00000105404,2848
ENSG00000105409,352
ENSG00000105419,1290
ENSG00000105426,7748
ENSG00000105427,188
ENSG00000105428,0
ENSG00000105429,1437
ENSG00000105438,11172
ENSG00000105443,3804
ENSG00000105447,2648
ENSG00000105464,18
ENSG00000105467,2
ENSG00000105472,507
ENSG00000105479,49
ENSG00000105483,1138
ENSG00000105486,1903
ENSG00000105492,5
ENSG00000105497,575
ENSG00000105499,270
ENSG00000105501,16
ENSG00000105507,0
ENSG00000105509,92
ENSG00000105514,6785
ENSG00000105516,610
ENSG00000105518,5696
ENSG00000105519,3012
ENSG00000105520,1286
ENSG00000105523,14
ENSG00000105538,309
ENSG00000105549,3
ENSG00000105550,0
ENSG00000105552,1434
ENSG00000105556,836
ENSG00000105559,397
ENSG00000105568,23559
ENSG00000105576,4796
ENSG00000105583,4180
ENSG00000105605,0
ENSG00000105607,1533
ENSG00000105609,96
ENSG00000105610,3
ENSG00000105612,4160
ENSG00000105613,50
ENSG00000105617,499
ENSG00000105618,3033
ENSG00000105619,1025
ENSG00000105639,852
ENSG00000105640,17806
ENSG00000105641,15
ENSG00000105642,64
ENSG00000105643,934
ENSG00000105647,148
ENSG00000105649,221
ENSG00000105650,19
ENSG00000105655,3738
ENSG00000105656,909
ENSG00000105662,748
ENSG00000105664,1036
ENSG00000105668,279
ENSG00000105669,7398
ENSG00000105671,3180
ENSG00000105672,73
ENSG00000105675,0
ENSG00000105676,2200
ENSG00000105677,4171
ENSG00000105679,0
ENSG00000105694,4
ENSG00000105695,2
ENSG00000105696,481
ENSG00000105697,59
ENSG00000105698,3387
ENSG00000105699,11389
ENSG00000105700,2822
ENSG00000105701,7947
ENSG00000105705,1368
ENSG00000105707,9
ENSG00000105708,972
ENSG00000105711,177
ENSG00000105717,85
ENSG00000105722,2117
ENSG00000105723,4234
ENSG00000105726,4142
ENSG00000105732,1499
ENSG00000105737,196
ENSG00000105738,3845
ENSG00000105750,487
ENSG00000105755,968
ENSG00000105767,2040
ENSG00000105771,1371
ENSG00000105778,5374
ENSG00000105784,36
ENSG00000105792,362
ENSG00000105793,967
ENSG00000105808,15
ENSG00000105810,404
ENSG00000105819,3951
ENSG00000105821,2431
ENSG00000105825,82
ENSG00000105829,1069
ENSG00000105835,14453
ENSG00000105849,962
ENSG00000105851,149
ENSG00000105852,317
ENSG00000105854,6196
ENSG00000105855,303
ENSG00000105856,3200
ENSG00000105865,629
ENSG00000105866,749
ENSG00000105875,1698
ENSG00000105877,467
ENSG00000105879,1827
ENSG00000105880,7
ENSG00000105887,10594
ENSG00000105889,5
ENSG00000105894,137
ENSG00000105926,120
ENSG00000105928,229
ENSG00000105929,38
ENSG00000105939,2910
ENSG00000105948,1042
ENSG00000105953,8888
ENSG00000105954,0
ENSG00000105963,138
ENSG00000105967,266
ENSG00000105968,8528
ENSG00000105971,836
ENSG00000105974,3706
ENSG00000105976,3548
ENSG00000105982,183
ENSG00000105983,2733
ENSG00000105988,0
ENSG00000105989,261
ENSG00000105991,25
ENSG00000105993,4620
ENSG00000105996,6
ENSG00000105997,61
ENSG00000106003,7212
ENSG00000106004,53
ENSG00000106006,8
ENSG00000106009,5534
ENSG00000106012,2370
ENSG00000106013,1
ENSG00000106018,23
ENSG00000106025,110
ENSG00000106028,3634
ENSG00000106031,11
ENSG00000106034,322
ENSG00000106038,2
ENSG00000106049,4152
ENSG00000106052,13633
ENSG00000106066,461
ENSG00000106069,191
ENSG00000106070,4565
ENSG00000106077,10834
ENSG00000106078,2194
ENSG00000106080,1651
ENSG00000106086,2088
ENSG00000106089,2177
ENSG00000106100,797
ENSG00000106105,8948
ENSG00000106113,1
ENSG00000106123,250
ENSG00000106125,193
ENSG00000106128,2
ENSG00000106133,34
ENSG00000106144,4509
ENSG00000106153,26007
ENSG00000106178,5
ENSG00000106211,30462
ENSG00000106236,25
ENSG00000106244,7971
ENSG00000106245,2756
ENSG00000106246,433
ENSG00000106258,27
ENSG00000106261,12567
ENSG00000106263,18304
ENSG00000106266,2297
ENSG00000106268,1523
ENSG00000106278,71
ENSG00000106290,4888
ENSG00000106299,3795
ENSG00000106302,0
ENSG00000106304,0
ENSG00000106305,1214
ENSG00000106327,74
ENSG00000106328,4
ENSG00000106330,1040
ENSG00000106331,0
ENSG00000106333,1950
ENSG00000106336,53
ENSG00000106341,0
ENSG00000106344,3080
ENSG00000106346,1157
ENSG00000106348,10126
ENSG00000106351,1014
ENSG00000106355,2203
ENSG00000106366,2087
ENSG00000106367,3798
ENSG00000106384,0
ENSG00000106392,1439
ENSG00000106397,3720
ENSG00000106399,2240
ENSG00000106400,2520
ENSG00000106404,229
ENSG00000106410,0
ENSG00000106415,1201
ENSG00000106436,1
ENSG00000106443,3967
ENSG00000106459,1220
ENSG00000106460,2411
ENSG00000106462,2102
ENSG00000106477,1888
ENSG00000106479,255
ENSG00000106483,459
ENSG00000106484,5723
ENSG00000106511,201
ENSG00000106524,1078
ENSG00000106526,216
ENSG00000106536,223
ENSG00000106537,10978
ENSG00000106538,1356
ENSG00000106540,0
ENSG00000106541,9153
ENSG00000106546,2751
ENSG00000106554,5107
ENSG00000106560,238
ENSG00000106565,2159
ENSG00000106571,1082
ENSG00000106588,755
ENSG00000106591,1774
ENSG00000106603,1871
ENSG00000106605,4502
ENSG00000106608,1729
ENSG00000106609,13328
ENSG00000106610,661
ENSG00000106615,2484
ENSG00000106617,865
ENSG00000106624,13589
ENSG00000106628,7395
ENSG00000106631,5
ENSG00000106633,3
ENSG00000106635,3709
ENSG00000106636,6084
ENSG00000106638,7693
ENSG00000106648,0
ENSG00000106665,1364
ENSG00000106682,22270
ENSG00000106683,8604
ENSG00000106686,18
ENSG00000106688,1268
ENSG00000106689,348
ENSG00000106692,554
ENSG00000106701,171
ENSG00000106714,11
ENSG00000106723,4672
ENSG00000106733,517
ENSG00000106771,4506
ENSG00000106772,107
ENSG00000106780,5556
ENSG00000106785,2656
ENSG00000106789,3807
ENSG00000106799,3728
ENSG00000106803,4134
ENSG00000106804,781
ENSG00000106809,203
ENSG00000106819,334
ENSG00000106823,468
ENSG00000106829,258
ENSG00000106852,345
ENSG00000106853,955
ENSG00000106868,1274
ENSG00000106927,65
ENSG00000106948,1754
ENSG00000106952,97
ENSG00000106976,2145
ENSG00000106991,3961
ENSG00000106992,560
ENSG00000106993,848
ENSG00000107014,11
ENSG00000107018,5
ENSG00000107020,1096
ENSG00000107021,2012
ENSG00000107036,1122
ENSG00000107077,559
ENSG00000107099,968
ENSG00000107104,1091
ENSG00000107105,2
ENSG00000107130,3703
ENSG00000107140,6093
ENSG00000107147,8
ENSG00000107159,89
ENSG00000107164,5614
ENSG00000107165,3
ENSG00000107175,4063
ENSG00000107185,2901
ENSG00000107186,1175
ENSG00000107187,1
ENSG00000107201,3525
ENSG00000107223,9627
ENSG00000107242,245
ENSG00000107249,180
ENSG00000107262,1783
ENSG00000107263,5864
ENSG00000107281,3638
ENSG00000107282,88
ENSG00000107290,6230
ENSG00000107295,3
ENSG00000107317,2273
ENSG00000107331,1589
ENSG00000107338,2721
ENSG00000107341,5386
ENSG00000107362,331
ENSG00000107371,1803
ENSG00000107372,5044
ENSG00000107404,2315
ENSG00000107438,17533
ENSG00000107443,997
ENSG00000107447,0
ENSG00000107485,14211
ENSG00000107518,9
ENSG00000107521,2753
ENSG00000107537,1787
ENSG00000107551,1269
ENSG00000107554,1499
ENSG00000107560,467
ENSG00000107562,2532
ENSG00000107566,2348
ENSG00000107581,14677
ENSG00000107593,11
ENSG00000107611,48
ENSG00000107614,103
ENSG00000107625,1827
ENSG00000107643,1747
ENSG00000107651,4237
ENSG00000107669,1857
ENSG00000107672,1320
ENSG00000107679,1495
ENSG00000107719,456
ENSG00000107731,1054
ENSG00000107736,231
ENSG00000107738,1150
ENSG00000107742,1623
ENSG00000107745,2963
ENSG00000107758,2412
ENSG00000107771,2688
ENSG00000107779,1580
ENSG00000107789,1250
ENSG00000107796,10302
ENSG00000107798,3567
ENSG00000107807,4
ENSG00000107815,715
ENSG00000107816,2956
ENSG00000107819,982
ENSG00000107821,950
ENSG00000107829,3748
ENSG00000107831,2
ENSG00000107833,1428
ENSG00000107854,4014
ENSG00000107859,5
ENSG00000107862,5957
ENSG00000107863,2880
ENSG00000107864,297
ENSG00000107872,282
ENSG00000107874,1431
ENSG00000107882,1518
ENSG00000107890,952
ENSG00000107897,4541
ENSG00000107902,1235
ENSG00000107929,3503
ENSG00000107937,3579
ENSG00000107938,536
ENSG00000107949,5158
ENSG00000107951,1459
ENSG00000107954,11
ENSG00000107957,3384
ENSG00000107959,3456
ENSG00000107960,911
ENSG00000107968,254
ENSG00000107984,5083
ENSG00000108001,150
ENSG00000108010,3485
ENSG00000108018,1
ENSG00000108021,3187
ENSG00000108039,2078
ENSG00000108055,4837
ENSG00000108061,2890
ENSG00000108064,3087
ENSG00000108091,10932
ENSG00000108094,3008
ENSG00000108100,5963
ENSG00000108106,2333
ENSG00000108107,34364
ENSG00000108175,9435
ENSG00000108176,92
ENSG00000108179,4989
ENSG00000108187,598
ENSG00000108219,8678
ENSG00000108231,2
ENSG00000108239,653
ENSG00000108242,2
ENSG00000108244,90
ENSG00000108255,25
ENSG00000108256,30815
ENSG00000108262,39333
ENSG00000108298,191047
ENSG00000108306,4225
ENSG00000108309,28
ENSG00000108312,8876
ENSG00000108342,13
ENSG00000108344,86601
ENSG00000108349,59994
ENSG00000108352,3048
ENSG00000108370,31
ENSG00000108375,4509
ENSG00000108379,61
ENSG00000108381,44
ENSG00000108384,6379
ENSG00000108387,829
ENSG00000108389,15890
ENSG00000108395,20418
ENSG00000108405,60
ENSG00000108406,19690
ENSG00000108417,0
ENSG00000108423,2392
ENSG00000108424,12025
ENSG00000108433,562
ENSG00000108439,429
ENSG00000108442,0
ENSG00000108443,7388
ENSG00000108448,3511
ENSG00000108452,1
ENSG00000108465,1612
ENSG00000108468,4677
ENSG00000108469,2261
ENSG00000108474,490
ENSG00000108479,824
ENSG00000108506,2410
ENSG00000108509,1309
ENSG00000108510,14725
ENSG00000108511,61
ENSG00000108515,185
ENSG00000108516,0
ENSG00000108518,36868
ENSG00000108523,4958
ENSG00000108528,3774
ENSG00000108551,1483
ENSG00000108556,72
ENSG00000108557,7347
ENSG00000108559,3808
ENSG00000108561,7393
ENSG00000108576,28
ENSG00000108578,1208
ENSG00000108582,3819
ENSG00000108587,1297
ENSG00000108588,27431
ENSG00000108590,265
ENSG00000108591,2904
ENSG00000108592,18980
ENSG00000108599,3409
ENSG00000108602,20
ENSG00000108604,38775
ENSG00000108622,264
ENSG00000108639,12646
ENSG00000108641,1281
ENSG00000108651,6541
ENSG00000108654,102729
ENSG00000108666,1634
ENSG00000108669,1833
ENSG00000108671,25010
ENSG00000108679,15477
ENSG00000108684,753
ENSG00000108688,5
ENSG00000108691,1514
ENSG00000108700,154
ENSG00000108702,1
ENSG00000108733,243
ENSG00000108759,5
ENSG00000108771,186
ENSG00000108773,1075
ENSG00000108774,2596
ENSG00000108784,1339
ENSG00000108785,18
ENSG00000108786,57
ENSG00000108788,1310
ENSG00000108797,155
ENSG00000108798,255
ENSG00000108799,772
ENSG00000108813,204
ENSG00000108819,7612
ENSG00000108821,80154
ENSG00000108823,15
ENSG00000108825,3
ENSG00000108826,5367
ENSG00000108828,13953
ENSG00000108829,34479
ENSG00000108830,21
ENSG00000108839,42
ENSG00000108840,1753
ENSG00000108846,6756
ENSG00000108848,5207
ENSG00000108849,0
ENSG00000108852,114
ENSG00000108854,10961
ENSG00000108861,2623
ENSG00000108878,251
ENSG00000108883,4120
ENSG00000108924,266
ENSG00000108932,2258
ENSG00000108946,19057
ENSG00000108947,179
ENSG00000108950,363
ENSG00000108953,35539
ENSG00000108958,23
ENSG00000108960,3753
ENSG00000108961,324
ENSG00000108963,956
ENSG00000108984,287
ENSG00000109016,2494
ENSG00000109046,1345
ENSG00000109047,4
ENSG00000109061,15
ENSG00000109062,38752
ENSG00000109063,112
ENSG00000109065,2195
ENSG00000109066,2114
ENSG00000109072,9
ENSG00000109079,2771
ENSG00000109083,521
ENSG00000109084,1228
ENSG00000109089,8976
ENSG00000109099,2879
ENSG00000109101,0
ENSG00000109103,819
ENSG00000109107,286
ENSG00000109111,20302
ENSG00000109113,8171
ENSG00000109118,11832
ENSG00000109132,0
ENSG00000109133,2171
ENSG00000109158,0
ENSG00000109163,5
ENSG00000109171,1903
ENSG00000109180,2467
ENSG00000109181,17
ENSG00000109182,0
ENSG00000109184,1626
ENSG00000109189,2042
ENSG00000109193,522
ENSG00000109205,42
ENSG00000109208,0
ENSG00000109220,559
ENSG00000109255,104
ENSG00000109265,750
ENSG00000109270,956
ENSG00000109272,19
ENSG00000109320,2360
ENSG00000109321,518
ENSG00000109323,4332
ENSG00000109332,12696
ENSG00000109339,78
ENSG00000109381,2145
ENSG00000109390,2105
ENSG00000109424,0
ENSG00000109436,4963
ENSG00000109445,1404
ENSG00000109452,834
ENSG00000109458,2424
ENSG00000109466,886
ENSG00000109471,3
ENSG00000109472,3142
ENSG00000109475,24216
ENSG00000109501,2801
ENSG00000109511,1
ENSG00000109519,1437
ENSG00000109534,1653
ENSG00000109536,1115
ENSG00000109572,5359
ENSG00000109576,78
ENSG00000109586,13190
ENSG00000109606,6707
ENSG00000109610,2498
ENSG00000109618,375
ENSG00000109625,7
ENSG00000109654,513
ENSG00000109667,134
ENSG00000109670,1017
ENSG00000109674,252
ENSG00000109680,138
ENSG00000109684,17
ENSG00000109685,3203
ENSG00000109686,2666
ENSG00000109689,1040
ENSG00000109705,5
ENSG00000109736,2449
ENSG00000109738,33
ENSG00000109743,139
ENSG00000109756,1745
ENSG00000109758,2
ENSG00000109762,747
ENSG00000109771,86
ENSG00000109775,960
ENSG00000109787,3552
ENSG00000109790,406
ENSG00000109794,74
ENSG00000109805,883
ENSG00000109814,4414
ENSG00000109819,29
ENSG00000109832,10
ENSG00000109846,1580
ENSG00000109851,0
ENSG00000109854,3137
ENSG00000109861,2789
ENSG00000109881,1336
ENSG00000109906,43
ENSG00000109911,859
ENSG00000109917,4001
ENSG00000109919,5799
ENSG00000109920,2122
ENSG00000109927,67
ENSG00000109929,3263
ENSG00000109943,83
ENSG00000109944,81
ENSG00000109956,147
ENSG00000109971,90454
ENSG00000109991,1
ENSG00000110002,1112
ENSG00000110011,1428
ENSG00000110013,1947
ENSG00000110025,57
ENSG00000110031,921
ENSG00000110042,3779
ENSG00000110046,1678
ENSG00000110047,5119
ENSG00000110048,7645
ENSG00000110057,2592
ENSG00000110060,481
ENSG00000110063,1496
ENSG00000110066,4639
ENSG00000110074,1394
ENSG00000110075,11848
ENSG00000110076,151
ENSG00000110077,1133
ENSG00000110079,317
ENSG00000110080,1787
ENSG00000110090,12502
ENSG00000110092,35187
ENSG00000110104,3576
ENSG00000110107,18536
ENSG00000110108,11666
ENSG00000110148,3
ENSG00000110169,231
ENSG00000110171,3120
ENSG00000110172,1718
ENSG00000110195,27
ENSG00000110200,858
ENSG00000110203,0
ENSG00000110218,1884
ENSG00000110237,1733
ENSG00000110243,0
ENSG00000110244,0
ENSG00000110245,0
ENSG00000110274,1369
ENSG00000110315,2365
ENSG00000110318,477
ENSG00000110321,51966
ENSG00000110324,1057
ENSG00000110328,644
ENSG00000110330,2189
ENSG00000110344,2370
ENSG00000110367,10046
ENSG00000110375,38
ENSG00000110395,1757
ENSG00000110400,10227
ENSG00000110422,4236
ENSG00000110427,156
ENSG00000110429,1957
ENSG00000110435,1894
ENSG00000110436,71
ENSG00000110442,1613
ENSG00000110446,921
ENSG00000110448,428
ENSG00000110455,247
ENSG00000110484,255
ENSG00000110492,14923
ENSG00000110497,1938
ENSG00000110514,2833
ENSG00000110536,762
ENSG00000110583,1548
ENSG00000110619,3114
ENSG00000110628,1099
ENSG00000110651,25604
ENSG00000110660,4257
ENSG00000110665,47
ENSG00000110675,5
ENSG00000110680,0
ENSG00000110693,23
ENSG00000110696,5688
ENSG00000110697,1968
ENSG00000110700,16899
ENSG00000110711,3853
ENSG00000110713,7175
ENSG00000110717,7245
ENSG00000110719,2736
ENSG00000110721,3255
ENSG00000110723,535
ENSG00000110756,1429
ENSG00000110768,1800
ENSG00000110777,769
ENSG00000110786,13
ENSG00000110799,7381
ENSG00000110801,608
ENSG00000110811,1746
ENSG00000110841,1452
ENSG00000110844,408
ENSG00000110848,310
ENSG00000110851,1782
ENSG00000110852,307
ENSG00000110871,2309
ENSG00000110876,1022
ENSG00000110880,5858
ENSG00000110881,336
ENSG00000110887,2
ENSG00000110888,859
ENSG00000110900,261
ENSG00000110906,3161
ENSG00000110911,2882
ENSG00000110917,15159
ENSG00000110921,1998
ENSG00000110925,2563
ENSG00000110931,2820
ENSG00000110934,386
ENSG00000110944,31
ENSG00000110955,32732
ENSG00000110958,15997
ENSG00000110975,0
ENSG00000110987,1953
ENSG00000111011,3564
ENSG00000111012,211
ENSG00000111046,0
ENSG00000111049,0
ENSG00000111052,1131
ENSG00000111057,27328
ENSG00000111058,490
ENSG00000111077,2074
ENSG00000111087,61
ENSG00000111110,1027
ENSG00000111142,6006
ENSG00000111144,3985
ENSG00000111145,1578
ENSG00000111181,52
ENSG00000111186,112
ENSG00000111196,966
ENSG00000111199,213
ENSG00000111203,701
ENSG00000111206,5852
ENSG00000111215,59
ENSG00000111218,1
ENSG00000111224,739
ENSG00000111229,10798
ENSG00000111231,1232
ENSG00000111237,2586
ENSG00000111241,0
ENSG00000111245,1
ENSG00000111247,560
ENSG00000111249,6
ENSG00000111252,1063
ENSG00000111254,105
ENSG00000111261,3147
ENSG00000111262,14
ENSG00000111266,5213
ENSG00000111269,3850
ENSG00000111271,1418
ENSG00000111275,10413
ENSG00000111276,4470
ENSG00000111291,17
ENSG00000111300,1828
ENSG00000111305,8
ENSG00000111319,1674
ENSG00000111321,5514
ENSG00000111325,81
ENSG00000111328,7278
ENSG00000111331,4347
ENSG00000111335,1387
ENSG00000111339,14
ENSG00000111341,13501
ENSG00000111344,33
ENSG00000111348,7450
ENSG00000111358,1360
ENSG00000111361,2164
ENSG00000111364,1454
ENSG00000111371,16304
ENSG00000111404,27
ENSG00000111405,6
ENSG00000111412,2926
ENSG00000111424,1607
ENSG00000111432,39
ENSG00000111445,1317
ENSG00000111450,489
ENSG00000111452,437
ENSG00000111481,10672
ENSG00000111490,1223
ENSG00000111530,6758
ENSG00000111536,0
ENSG00000111537,27
ENSG00000111540,8883
ENSG00000111554,553
ENSG00000111581,1934
ENSG00000111596,3312
ENSG00000111602,5087
ENSG00000111605,3877
ENSG00000111615,1328
ENSG00000111639,7260
ENSG00000111640,148588
ENSG00000111641,4430
ENSG00000111642,28593
ENSG00000111644,139
ENSG00000111647,1800
ENSG00000111652,5181
ENSG00000111653,899
ENSG00000111664,38
ENSG00000111665,1321
ENSG00000111666,2127
ENSG00000111667,9730
ENSG00000111669,34114
ENSG00000111670,2950
ENSG00000111671,394
ENSG00000111674,1446
ENSG00000111676,13716
ENSG00000111678,4643
ENSG00000111679,2590
ENSG00000111684,2119
ENSG00000111696,213
ENSG00000111700,0
ENSG00000111701,0
ENSG00000111704,1
ENSG00000111707,3279
ENSG00000111711,2459
ENSG00000111713,4
ENSG00000111716,3047
ENSG00000111725,449
ENSG00000111726,3177
ENSG00000111727,316
ENSG00000111728,131
ENSG00000111729,91
ENSG00000111731,1148
ENSG00000111732,18
ENSG00000111737,3128
ENSG00000111752,698
ENSG00000111775,6526
ENSG00000111780,0
ENSG00000111783,0
ENSG00000111785,689
ENSG00000111786,4340
ENSG00000111788,48
ENSG00000111790,1224
ENSG00000111796,162
ENSG00000111799,5550
ENSG00000111801,911
ENSG00000111802,1586
ENSG00000111816,1156
ENSG00000111817,1274
ENSG00000111832,2025
ENSG00000111834,76
ENSG00000111837,195
ENSG00000111843,2596
ENSG00000111845,970
ENSG00000111846,957
ENSG00000111850,310
ENSG00000111859,2109
ENSG00000111860,216
ENSG00000111863,62
ENSG00000111875,1853
ENSG00000111877,2184
ENSG00000111879,506
ENSG00000111880,1511
ENSG00000111885,3993
ENSG00000111886,6
ENSG00000111897,17255
ENSG00000111906,3489
ENSG00000111907,1472
ENSG00000111911,3302
ENSG00000111912,2937
ENSG00000111913,402
ENSG00000111961,4259
ENSG00000111962,933
ENSG00000111981,130
ENSG00000112029,1291
ENSG00000112031,985
ENSG00000112033,2583
ENSG00000112038,0
ENSG00000112039,412
ENSG00000112041,8
ENSG00000112053,9
ENSG00000112062,2555
ENSG00000112077,1
ENSG00000112078,3531
ENSG00000112079,4324
ENSG00000112081,15226
ENSG00000112096,12009
ENSG00000112110,3344
ENSG00000112115,0
ENSG00000112116,0
ENSG00000112118,11265
ENSG00000112130,809
ENSG00000112137,181
ENSG00000112139,102
ENSG00000112144,1657
ENSG00000112146,1701
ENSG00000112149,874
ENSG00000112159,3271
ENSG00000112164,5
ENSG00000112167,1250
ENSG00000112175,8
ENSG00000112182,211
ENSG00000112183,27
ENSG00000112186,585
ENSG00000112195,23
ENSG00000112200,1551
ENSG00000112208,193
ENSG00000112210,304
ENSG00000112212,3
ENSG00000112214,36
ENSG00000112218,7
ENSG00000112232,1
ENSG00000112234,641
ENSG00000112237,3646
ENSG00000112238,0
ENSG00000112242,1078
ENSG00000112245,7482
ENSG00000112246,78
ENSG00000112249,8877
ENSG00000112273,0
ENSG00000112276,76
ENSG00000112280,0
ENSG00000112282,3408
ENSG00000112290,101
ENSG00000112293,24
ENSG00000112294,596
ENSG00000112297,17248
ENSG00000112299,76
ENSG00000112303,56
ENSG00000112304,1333
ENSG00000112305,574
ENSG00000112306,34799
ENSG00000112308,10647
ENSG00000112309,39
ENSG00000112312,809
ENSG00000112319,0
ENSG00000112320,91
ENSG00000112333,39
ENSG00000112335,21686
ENSG00000112337,0
ENSG00000112339,4964
ENSG00000112343,1374
ENSG00000112357,1414
ENSG00000112365,2652
ENSG00000112367,4759
ENSG00000112378,47536
ENSG00000112379,15130
ENSG00000112394,58
ENSG00000112406,3637
ENSG00000112414,6985
ENSG00000112419,2638
ENSG00000112425,668
ENSG00000112462,0
ENSG00000112473,12859
ENSG00000112486,7
ENSG00000112494,2
ENSG00000112499,2
ENSG00000112511,1125
ENSG00000112514,3484
ENSG00000112530,17
ENSG00000112531,2629
ENSG00000112539,1
ENSG00000112541,916
ENSG00000112559,425
ENSG00000112561,349
ENSG00000112562,1738
ENSG00000112576,1578
ENSG00000112578,1590
ENSG00000112584,3168
ENSG00000112592,929
ENSG00000112599,39
ENSG00000112619,11
ENSG00000112624,1472
ENSG00000112640,5751
ENSG00000112651,1813
ENSG00000112655,14662
ENSG00000112658,3970
ENSG00000112659,2341
ENSG00000112667,333
ENSG00000112679,1910
ENSG00000112685,1866
ENSG00000112695,5333
ENSG00000112697,6242
ENSG00000112699,2760
ENSG00000112701,4226
ENSG00000112706,18
ENSG00000112715,3150
ENSG00000112739,4193
ENSG00000112742,1461
ENSG00000112759,3016
ENSG00000112761,9
ENSG00000112763,696
ENSG00000112769,2179
ENSG00000112773,878
ENSG00000112782,274
ENSG00000112787,3986
ENSG00000112796,40
ENSG00000112799,110
ENSG00000112812,96
ENSG00000112818,5
ENSG00000112837,101
ENSG00000112851,5945
ENSG00000112852,1687
ENSG00000112855,1945
ENSG00000112874,523
ENSG00000112877,718
ENSG00000112893,3023
ENSG00000112902,618
ENSG00000112936,674
ENSG00000112941,3553
ENSG00000112964,538
ENSG00000112972,15267
ENSG00000112977,30562
ENSG00000112981,49
ENSG00000112983,2194
ENSG00000112984,3454
ENSG00000112992,447
ENSG00000112996,2446
ENSG00000113013,18748
ENSG00000113048,3998
ENSG00000113068,3283
ENSG00000113070,466
ENSG00000113073,2
ENSG00000113083,735
ENSG00000113088,333
ENSG00000113100,0
ENSG00000113108,383
ENSG00000113119,341
ENSG00000113140,34306
ENSG00000113141,4151
ENSG00000113161,4569
ENSG00000113163,3323
ENSG00000113194,4600
ENSG00000113196,0
ENSG00000113205,17
ENSG00000113209,47
ENSG00000113211,33
ENSG00000113212,52
ENSG00000113231,193
ENSG00000113240,535
ENSG00000113248,137
ENSG00000113249,2
ENSG00000113262,11
ENSG00000113263,381
ENSG00000113269,5990
ENSG00000113272,636
ENSG00000113273,947
ENSG00000113282,3479
ENSG00000113296,1083
ENSG00000113300,3893
ENSG00000113302,31
ENSG00000113303,3
ENSG00000113312,2673
ENSG00000113318,754
ENSG00000113319,250
ENSG00000113327,25
ENSG00000113328,3598
ENSG00000113356,137
ENSG00000113360,6203
ENSG00000113361,73
ENSG00000113368,7858
ENSG00000113369,2462
ENSG00000113384,15268
ENSG00000113387,13217
ENSG00000113389,513
ENSG00000113391,989
ENSG00000113396,29
ENSG00000113407,8088
ENSG00000113430,794
ENSG00000113441,3819
ENSG00000113448,428
ENSG00000113456,3478
ENSG00000113460,4695
ENSG00000113492,2
ENSG00000113494,15281
ENSG00000113504,9985
ENSG00000113520,0
ENSG00000113522,3105
ENSG00000113525,2
ENSG00000113532,371
ENSG00000113552,1898
ENSG00000113555,508
ENSG00000113558,9233
ENSG00000113569,7547
ENSG00000113575,7356
ENSG00000113578,354
ENSG00000113580,1737
ENSG00000113583,2596
ENSG00000113593,813
ENSG00000113594,1871
ENSG00000113595,388
ENSG00000113597,900
ENSG00000113600,0
ENSG00000113615,1835
ENSG00000113621,1736
ENSG00000113638,739
ENSG00000113643,3121
ENSG00000113645,3863
ENSG00000113648,14837
ENSG00000113649,3234
ENSG00000113657,3393
ENSG00000113658,3432
ENSG00000113712,6241
ENSG00000113716,2147
ENSG00000113719,22101
ENSG00000113721,3357
ENSG00000113722,5
ENSG00000113732,7704
ENSG00000113734,574
ENSG00000113739,813
ENSG00000113742,1603
ENSG00000113749,28
ENSG00000113758,8968
ENSG00000113761,961
ENSG00000113763,484
ENSG00000113790,1225
ENSG00000113805,16
ENSG00000113810,4323
ENSG00000113811,1717
ENSG00000113812,1266
ENSG00000113838,763
ENSG00000113845,5187
ENSG00000113851,1373
ENSG00000113889,1
ENSG00000113905,0
ENSG00000113916,2231
ENSG00000113924,1817
ENSG00000113946,5
ENSG00000113966,88
ENSG00000113971,285
ENSG00000114013,441
ENSG00000114019,3646
ENSG00000114021,1353
ENSG00000114023,2152
ENSG00000114026,792
ENSG00000114030,4382
ENSG00000114054,1536
ENSG00000114062,3715
ENSG00000114098,1135
ENSG00000114107,537
ENSG00000114113,2
ENSG00000114115,1060
ENSG00000114120,1157
ENSG00000114124,1
ENSG00000114125,1500
ENSG00000114126,818
ENSG00000114127,935
ENSG00000114166,765
ENSG00000114200,7
ENSG00000114204,1
ENSG00000114209,2238
ENSG00000114248,317
ENSG00000114251,1097
ENSG00000114268,592
ENSG00000114270,561
ENSG00000114279,2280
ENSG00000114302,4202
ENSG00000114315,7145
ENSG00000114316,4076
ENSG00000114331,3395
ENSG00000114346,8100
ENSG00000114349,0
ENSG00000114353,16095
ENSG00000114354,3297
ENSG00000114374,0
ENSG00000114378,120
ENSG00000114383,1359
ENSG00000114388,818
ENSG00000114391,20119
ENSG00000114395,1001
ENSG00000114405,2525
ENSG00000114416,11301
ENSG00000114423,2064
ENSG00000114439,3183
ENSG00000114446,2039
ENSG00000114450,7857
ENSG00000114455,6
ENSG00000114473,2215
ENSG00000114480,1221
ENSG00000114487,0
ENSG00000114491,2385
ENSG00000114503,10770
ENSG00000114520,2971
ENSG00000114529,1397
ENSG00000114541,1572
ENSG00000114544,3575
ENSG00000114547,33
ENSG00000114554,3927
ENSG00000114573,4824
ENSG00000114626,1695
ENSG00000114631,4880
ENSG00000114638,1
ENSG00000114646,204
ENSG00000114648,1177
ENSG00000114650,3994
ENSG00000114654,65
ENSG00000114656,104
ENSG00000114670,1000
ENSG00000114686,8216
ENSG00000114698,370
ENSG00000114735,944
ENSG00000114737,1065
ENSG00000114738,1737
ENSG00000114739,1126
ENSG00000114742,2325
ENSG00000114744,1076
ENSG00000114745,3220
ENSG00000114757,12
ENSG00000114767,1302
ENSG00000114770,4872
ENSG00000114771,0
ENSG00000114779,2242
ENSG00000114784,1429
ENSG00000114786,7
ENSG00000114790,441
ENSG00000114796,2611
ENSG00000114805,890
ENSG00000114812,2092
ENSG00000114841,159
ENSG00000114850,5876
ENSG00000114853,297
ENSG00000114854,2
ENSG00000114857,2553
ENSG00000114859,731
ENSG00000114861,5101
ENSG00000114867,31349
ENSG00000114902,4646
ENSG00000114904,2063
ENSG00000114923,808
ENSG00000114933,1596
ENSG00000114942,13554
ENSG00000114948,79
ENSG00000114956,2329
ENSG00000114978,11633
ENSG00000114982,4249
ENSG00000114988,3924
ENSG00000114993,3728
ENSG00000114999,2847
ENSG00000115008,4
ENSG00000115009,64
ENSG00000115020,1689
ENSG00000115041,201
ENSG00000115042,774
ENSG00000115053,52508
ENSG00000115073,2897
ENSG00000115084,4650
ENSG00000115085,318
ENSG00000115091,21581
ENSG00000115107,6784
ENSG00000115109,5449
ENSG00000115112,33
ENSG00000115128,2867
ENSG00000115129,758
ENSG00000115137,188
ENSG00000115138,21
ENSG00000115145,3102
ENSG00000115155,5
ENSG00000115159,12773
ENSG00000115163,829
ENSG00000115165,601
ENSG00000115170,4708
ENSG00000115183,3782
ENSG00000115194,156
ENSG00000115204,3211
ENSG00000115207,3894
ENSG00000115211,3126
ENSG00000115216,11820
ENSG00000115221,13440
ENSG00000115226,172
ENSG00000115232,322
ENSG00000115233,6159
ENSG00000115234,4975
ENSG00000115239,76
ENSG00000115241,12817
ENSG00000115252,76
ENSG00000115255,9847
ENSG00000115257,141
ENSG00000115263,0
ENSG00000115266,164
ENSG00000115267,1469
ENSG00000115268,17591
ENSG00000115271,1154
ENSG00000115274,113
ENSG00000115275,4418
ENSG00000115282,2030
ENSG00000115286,1861
ENSG00000115289,1224
ENSG00000115290,174
ENSG00000115295,234
ENSG00000115297,8
ENSG00000115306,14535
ENSG00000115307,10983
ENSG00000115310,9574
ENSG00000115317,1156
ENSG00000115318,138
ENSG00000115325,345
ENSG00000115339,8642
ENSG00000115350,2238
ENSG00000115353,184
ENSG00000115355,508
ENSG00000115361,25
ENSG00000115363,190
ENSG00000115364,3832
ENSG00000115365,2672
ENSG00000115368,3378
ENSG00000115380,3285
ENSG00000115386,1
ENSG00000115392,1135
ENSG00000115414,80215
ENSG00000115415,17912
ENSG00000115419,2325
ENSG00000115421,1711
ENSG00000115423,148
ENSG00000115425,711
ENSG00000115446,1709
ENSG00000115457,6305
ENSG00000115459,997
ENSG00000115461,22570
ENSG00000115464,3886
ENSG00000115468,50292
ENSG00000115474,17
ENSG00000115484,14213
ENSG00000115486,3787
ENSG00000115488,0
ENSG00000115504,2052
ENSG00000115507,254
ENSG00000115514,1551
ENSG00000115520,2724
ENSG00000115523,221
ENSG00000115524,23326
ENSG00000115525,700
ENSG00000115526,807
ENSG00000115539,2571
ENSG00000115540,1895
ENSG00000115541,6832
ENSG00000115548,3866
ENSG00000115556,226
ENSG00000115561,6751
ENSG00000115568,1382
ENSG00000115590,47
ENSG00000115592,0
ENSG00000115593,29
ENSG00000115594,4602
ENSG00000115596,228
ENSG00000115598,13
ENSG00000115602,9
ENSG00000115604,104
ENSG00000115607,40
ENSG00000115616,868
ENSG00000115641,763
ENSG00000115648,10640
ENSG00000115649,7832
ENSG00000115652,2925
ENSG00000115657,1268
ENSG00000115661,2391
ENSG00000115665,0
ENSG00000115677,59606
ENSG00000115685,5341
ENSG00000115687,2470
ENSG00000115694,6887
ENSG00000115705,194
ENSG00000115718,79
ENSG00000115738,5770
ENSG00000115750,1497
ENSG00000115756,4702
ENSG00000115758,6545
ENSG00000115760,4822
ENSG00000115761,4202
ENSG00000115762,7034
ENSG00000115806,10152
ENSG00000115808,2218
ENSG00000115816,2297
ENSG00000115825,1959
ENSG00000115827,1365
ENSG00000115828,153
ENSG00000115839,6838
ENSG00000115840,906
ENSG00000115841,69
ENSG00000115844,27
ENSG00000115850,106
ENSG00000115866,7111
ENSG00000115875,7337
ENSG00000115884,63800
ENSG00000115896,157
ENSG00000115902,2311
ENSG00000115904,3529
ENSG00000115919,8502
ENSG00000115934,0
ENSG00000115935,2246
ENSG00000115942,2014
ENSG00000115944,5062
ENSG00000115946,1794
ENSG00000115947,2305
ENSG00000115956,1439
ENSG00000115963,1384
ENSG00000115966,2951
ENSG00000115970,2565
ENSG00000115977,2187
ENSG00000115993,5090
ENSG00000115998,610
ENSG00000116001,3839
ENSG00000116005,11922
ENSG00000116014,13
ENSG00000116016,4001
ENSG00000116017,412
ENSG00000116030,7089
ENSG00000116031,26
ENSG00000116032,8
ENSG00000116035,186
ENSG00000116039,139
ENSG00000116044,5263
ENSG00000116062,4367
ENSG00000116095,1042
ENSG00000116096,4656
ENSG00000116106,210
ENSG00000116117,528
ENSG00000116120,3365
ENSG00000116127,2767
ENSG00000116128,2461
ENSG00000116132,2000
ENSG00000116133,112219
ENSG00000116138,4216
ENSG00000116141,1124
ENSG00000116147,13
ENSG00000116151,722
ENSG00000116157,2152
ENSG00000116161,3666
ENSG00000116171,10412
ENSG00000116176,10
ENSG00000116183,40
ENSG00000116191,2397
ENSG00000116194,125
ENSG00000116198,2720
ENSG00000116199,3015
ENSG00000116205,935
ENSG00000116209,14566
ENSG00000116212,2868
ENSG00000116213,1413
ENSG00000116218,0
ENSG00000116221,8168
ENSG00000116237,7924
ENSG00000116251,14713
ENSG00000116254,409
ENSG00000116260,14884
ENSG00000116266,1238
ENSG00000116273,2323
ENSG00000116285,4009
ENSG00000116288,9848
ENSG00000116299,16952
ENSG00000116329,7
ENSG00000116337,546
ENSG00000116350,7595
ENSG00000116353,626
ENSG00000116396,278
ENSG00000116406,1409
ENSG00000116455,865
ENSG00000116459,3119
ENSG00000116473,1684
ENSG00000116478,11324
ENSG00000116489,5658
ENSG00000116497,1886
ENSG00000116514,3290
ENSG00000116521,2827
ENSG00000116525,1487
ENSG00000116539,2631
ENSG00000116544,209
ENSG00000116560,22448
ENSG00000116574,5159
ENSG00000116580,2393
ENSG00000116584,1858
ENSG00000116586,2168
ENSG00000116604,2058
ENSG00000116641,6434
ENSG00000116649,2884
ENSG00000116652,8
ENSG00000116661,607
ENSG00000116663,1181
ENSG00000116667,2976
ENSG00000116668,291
ENSG00000116670,2236
ENSG00000116675,99
ENSG00000116678,397
ENSG00000116679,4588
ENSG00000116685,3986
ENSG00000116688,8346
ENSG00000116690,35
ENSG00000116691,1198
ENSG00000116698,8028
ENSG00000116701,514
ENSG00000116703,2
ENSG00000116704,1890
ENSG00000116711,78
ENSG00000116717,630
ENSG00000116721,0
ENSG00000116726,0
ENSG00000116729,5000
ENSG00000116731,2807
ENSG00000116741,696
ENSG00000116745,1
ENSG00000116747,1743
ENSG00000116748,10
ENSG00000116750,1505
ENSG00000116752,1032
ENSG00000116754,6372
ENSG00000116761,160
ENSG00000116771,191
ENSG00000116774,879
ENSG00000116783,0
ENSG00000116785,4
ENSG00000116786,6772
ENSG00000116791,664
ENSG00000116793,482
ENSG00000116809,3096
ENSG00000116815,236
ENSG00000116819,177
ENSG00000116824,806
ENSG00000116830,796
ENSG00000116833,94
ENSG00000116852,476
ENSG00000116857,4713
ENSG00000116863,3193
ENSG00000116871,6356
ENSG00000116874,466
ENSG00000116882,6
ENSG00000116883,77
ENSG00000116885,1381
ENSG00000116898,6705
ENSG00000116903,1033
ENSG00000116906,5311
ENSG00000116918,2037
ENSG00000116922,1231
ENSG00000116954,3155
ENSG00000116957,4067
ENSG00000116962,2045
ENSG00000116977,6786
ENSG00000116981,2
ENSG00000116983,12
ENSG00000116984,2235
ENSG00000116985,274
ENSG00000116990,256
ENSG00000116991,2461
ENSG00000116996,0
ENSG00000117000,2957
ENSG00000117009,1537
ENSG00000117010,285
ENSG00000117013,76
ENSG00000117016,226
ENSG00000117020,682
ENSG00000117036,1811
ENSG00000117054,2220
ENSG00000117069,48
ENSG00000117090,206
ENSG00000117091,771
ENSG00000117114,415
ENSG00000117115,9437
ENSG00000117118,8304
ENSG00000117122,1357
ENSG00000117133,1213
ENSG00000117139,9345
ENSG00000117143,5385
ENSG00000117148,0
ENSG00000117151,603
ENSG00000117152,443
ENSG00000117153,2912
ENSG00000117154,59
ENSG00000117155,1540
ENSG00000117174,464
ENSG00000117215,1036
ENSG00000117222,1896
ENSG00000117226,420
ENSG00000117228,2213
ENSG00000117242,397
ENSG00000117245,63
ENSG00000117262,293
ENSG00000117266,251
ENSG00000117280,1110
ENSG00000117281,23
ENSG00000117298,46092
ENSG00000117305,1783
ENSG00000117308,8918
ENSG00000117318,956
ENSG00000117322,47
ENSG00000117335,10477
ENSG00000117360,1834
ENSG00000117362,10899
ENSG00000117385,3587
ENSG00000117394,7954
ENSG00000117395,7936
ENSG00000117399,8388
ENSG00000117400,7
ENSG00000117407,6
ENSG00000117408,4267
ENSG00000117410,11020
ENSG00000117411,3689
ENSG00000117419,4976
ENSG00000117425,84
ENSG00000117448,20170
ENSG00000117450,61832
ENSG00000117461,11153
ENSG00000117472,1075
ENSG00000117475,608
ENSG00000117477,13
ENSG00000117479,828
ENSG00000117480,2239
ENSG00000117481,919
ENSG00000117500,4060
ENSG00000117501,0
ENSG00000117505,3658
ENSG00000117507,4
ENSG00000117519,7451
ENSG00000117523,10847
ENSG00000117525,733
ENSG00000117528,3401
ENSG00000117533,382
ENSG00000117543,1856
ENSG00000117560,44
ENSG00000117569,533
ENSG00000117586,121
ENSG00000117592,8292
ENSG00000117593,3022
ENSG00000117594,228
ENSG00000117595,3488
ENSG00000117597,844
ENSG00000117598,1
ENSG00000117600,47
ENSG00000117601,0
ENSG00000117602,2673
ENSG00000117614,3060
ENSG00000117616,884
ENSG00000117620,2777
ENSG00000117625,958
ENSG00000117632,35956
ENSG00000117640,4402
ENSG00000117643,887
ENSG00000117650,1510
ENSG00000117676,7568
ENSG00000117682,4086
ENSG00000117691,2307
ENSG00000117697,1542
ENSG00000117707,47
ENSG00000117713,12478
ENSG00000117724,5082
ENSG00000117748,3910
ENSG00000117751,3517
ENSG00000117758,2523
ENSG00000117791,1043
ENSG00000117834,42
ENSG00000117859,5154
ENSG00000117862,10930
ENSG00000117868,6137
ENSG00000117877,477
ENSG00000117899,5751
ENSG00000117906,3823
ENSG00000117971,4
ENSG00000117983,3592
ENSG00000117984,40152
ENSG00000118004,18
ENSG00000118007,695
ENSG00000118017,0
ENSG00000118046,2587
ENSG00000118058,3882
ENSG00000118094,3
ENSG00000118096,960
ENSG00000118113,3
ENSG00000118137,1
ENSG00000118156,17
ENSG00000118160,57
ENSG00000118162,1113
ENSG00000118181,22442
ENSG00000118193,796
ENSG00000118194,23
ENSG00000118197,767
ENSG00000118200,2097
ENSG00000118217,2189
ENSG00000118231,0
ENSG00000118242,1477
ENSG00000118245,0
ENSG00000118246,2417
ENSG00000118257,908
ENSG00000118260,3558
ENSG00000118263,3313
ENSG00000118271,0
ENSG00000118276,63
ENSG00000118292,209
ENSG00000118298,7
ENSG00000118307,107
ENSG00000118308,198
ENSG00000118322,16
ENSG00000118363,1424
ENSG00000118369,198
ENSG00000118402,52
ENSG00000118407,122
ENSG00000118412,1522
ENSG00000118418,4345
ENSG00000118420,159
ENSG00000118432,46
ENSG00000118434,0
ENSG00000118454,948
ENSG00000118473,70
ENSG00000118482,5351
ENSG00000118491,0
ENSG00000118492,4
ENSG00000118495,311
ENSG00000118496,1914
ENSG00000118503,2887
ENSG00000118507,390
ENSG00000118508,1428
ENSG00000118513,3919
ENSG00000118514,92
ENSG00000118515,1641
ENSG00000118518,1491
ENSG00000118520,9
ENSG00000118523,7797
ENSG00000118526,1
ENSG00000118557,12
ENSG00000118564,3986
ENSG00000118579,1523
ENSG00000118596,295
ENSG00000118600,786
ENSG00000118620,520
ENSG00000118640,6342
ENSG00000118655,493
ENSG00000118680,29141
ENSG00000118689,15587
ENSG00000118690,554
ENSG00000118702,0
ENSG00000118705,36961
ENSG00000118707,3818
ENSG00000118729,68
ENSG00000118733,1
ENSG00000118762,797
ENSG00000118777,73
ENSG00000118785,2143
ENSG00000118804,100
ENSG00000118816,38077
ENSG00000118849,964
ENSG00000118855,1434
ENSG00000118873,3633
ENSG00000118894,918
ENSG00000118898,6774
ENSG00000118900,4880
ENSG00000118903,0
ENSG00000118922,891
ENSG00000118939,623
ENSG00000118946,455
ENSG00000118960,2387
ENSG00000118961,1162
ENSG00000118965,1374
ENSG00000118971,1139
ENSG00000118972,0
ENSG00000118976,2
ENSG00000118985,1720
ENSG00000118990,0
ENSG00000118997,180
ENSG00000119004,1267
ENSG00000119013,2288
ENSG00000119041,2860
ENSG00000119042,46
ENSG00000119048,2037
ENSG00000119121,11
ENSG00000119125,0
ENSG00000119138,2424
ENSG00000119139,2555
ENSG00000119147,39
ENSG00000119185,2608
ENSG00000119203,9188
ENSG00000119227,257
ENSG00000119231,2670
ENSG00000119242,1930
ENSG00000119280,15804
ENSG00000119283,18
ENSG00000119285,4318
ENSG00000119314,11749
ENSG00000119318,12351
ENSG00000119321,1958
ENSG00000119326,963
ENSG00000119328,1553
ENSG00000119333,34646
ENSG00000119335,63169
ENSG00000119383,39381
ENSG00000119392,7462
ENSG00000119396,12354
ENSG00000119397,2638
ENSG00000119401,2091
ENSG00000119402,12077
ENSG00000119403,3910
ENSG00000119408,9971
ENSG00000119411,783
ENSG00000119414,9468
ENSG00000119421,6739
ENSG00000119431,1202
ENSG00000119440,0
ENSG00000119446,5581
ENSG00000119457,5
ENSG00000119471,3210
ENSG00000119487,9584
ENSG00000119508,279
ENSG00000119509,650
ENSG00000119514,48
ENSG00000119522,3447
ENSG00000119523,1526
ENSG00000119535,812
ENSG00000119537,2567
ENSG00000119541,3193
ENSG00000119547,1109
ENSG00000119559,1217
ENSG00000119574,544
ENSG00000119596,5015
ENSG00000119599,2294
ENSG00000119608,12
ENSG00000119614,86
ENSG00000119616,3166
ENSG00000119630,257
ENSG00000119632,260
ENSG00000119636,951
ENSG00000119638,6843
ENSG00000119640,388
ENSG00000119650,1891
ENSG00000119655,10130
ENSG00000119660,0
ENSG00000119661,708
ENSG00000119669,3382
ENSG00000119673,1132
ENSG00000119681,5689
ENSG00000119682,3793
ENSG00000119684,1361
ENSG00000119685,2608
ENSG00000119686,667
ENSG00000119688,2117
ENSG00000119689,8930
ENSG00000119698,11
ENSG00000119699,1773
ENSG00000119703,224
ENSG00000119705,2650
ENSG00000119707,5991
ENSG00000119711,2359
ENSG00000119714,176
ENSG00000119715,14
ENSG00000119718,2396
ENSG00000119720,870
ENSG00000119723,978
ENSG00000119725,174
ENSG00000119729,2013
ENSG00000119737,23
ENSG00000119760,1271
ENSG00000119771,97
ENSG00000119772,4350
ENSG00000119777,7095
ENSG00000119778,1179
ENSG00000119782,21
ENSG00000119787,3011
ENSG00000119801,3872
ENSG00000119812,1702
ENSG00000119820,2139
ENSG00000119844,2869
ENSG00000119862,1085
ENSG00000119865,235
ENSG00000119866,1227
ENSG00000119878,803
ENSG00000119888,18741
ENSG00000119899,607
ENSG00000119900,1066
ENSG00000119906,2465
ENSG00000119912,3714
ENSG00000119913,0
ENSG00000119915,59
ENSG00000119917,834
ENSG00000119919,14
ENSG00000119922,459
ENSG00000119927,2291
ENSG00000119929,695
ENSG00000119938,57
ENSG00000119943,260
ENSG00000119946,10
ENSG00000119950,1698
ENSG00000119953,2456
ENSG00000119965,554
ENSG00000119969,1687
ENSG00000119973,0
ENSG00000119977,3090
ENSG00000119979,791
ENSG00000119986,327
ENSG00000120008,1611
ENSG00000120029,2259
ENSG00000120049,508
ENSG00000120051,13
ENSG00000120053,3411
ENSG00000120054,0
ENSG00000120055,31
ENSG00000120057,0
ENSG00000120063,12835
ENSG00000120068,8
ENSG00000120071,1521
ENSG00000120075,30
ENSG00000120088,16
ENSG00000120093,324
ENSG00000120094,1
ENSG00000120129,6547
ENSG00000120137,3670
ENSG00000120149,1219
ENSG00000120156,392
ENSG00000120158,665
ENSG00000120159,843
ENSG00000120160,0
ENSG00000120162,221
ENSG00000120210,0
ENSG00000120211,0
ENSG00000120215,28
ENSG00000120217,166
ENSG00000120235,0
ENSG00000120242,0
ENSG00000120251,6
ENSG00000120253,2033
ENSG00000120254,449
ENSG00000120256,6479
ENSG00000120262,59
ENSG00000120265,4082
ENSG00000120278,520
ENSG00000120279,330
ENSG00000120280,129
ENSG00000120289,1
ENSG00000120306,1934
ENSG00000120314,2499
ENSG00000120318,423
ENSG00000120322,15
ENSG00000120324,63
ENSG00000120327,539
ENSG00000120328,173
ENSG00000120329,6
ENSG00000120332,867
ENSG00000120333,1160
ENSG00000120334,388
ENSG00000120337,7
ENSG00000120341,2
ENSG00000120370,476
ENSG00000120436,4
ENSG00000120437,3018
ENSG00000120438,12087
ENSG00000120440,0
ENSG00000120451,5254
ENSG00000120457,149
ENSG00000120458,347
ENSG00000120471,17
ENSG00000120498,6
ENSG00000120500,6
ENSG00000120509,3598
ENSG00000120519,315
ENSG00000120526,1179
ENSG00000120533,2059
ENSG00000120539,3431
ENSG00000120549,6334
ENSG00000120555,17
ENSG00000120563,0
ENSG00000120594,1950
ENSG00000120616,1446
ENSG00000120645,63
ENSG00000120647,584
ENSG00000120656,3834
ENSG00000120658,89
ENSG00000120659,28
ENSG00000120662,269
ENSG00000120664,1
ENSG00000120669,2
ENSG00000120675,2602
ENSG00000120685,5021
ENSG00000120686,3229
ENSG00000120688,908
ENSG00000120690,3055
ENSG00000120693,117
ENSG00000120694,17889
ENSG00000120696,680
ENSG00000120697,1070
ENSG00000120699,891
ENSG00000120705,8148
ENSG00000120708,6800
ENSG00000120709,2293
ENSG00000120725,2234
ENSG00000120727,4162
ENSG00000120729,8
ENSG00000120733,4947
ENSG00000120738,9808
ENSG00000120742,4600
ENSG00000120756,180
ENSG00000120784,814
ENSG00000120798,565
ENSG00000120800,4031
ENSG00000120802,5394
ENSG00000120805,4193
ENSG00000120820,269
ENSG00000120832,632
ENSG00000120833,341
ENSG00000120837,1628
ENSG00000120860,773
ENSG00000120868,777
ENSG00000120875,15254
ENSG00000120885,18863
ENSG00000120889,1186
ENSG00000120896,1906
ENSG00000120899,979
ENSG00000120903,3
ENSG00000120907,5
ENSG00000120910,458
ENSG00000120913,420
ENSG00000120915,507
ENSG00000120925,1379
ENSG00000120937,0
ENSG00000120942,1510
ENSG00000120948,8432
ENSG00000120949,131
ENSG00000120952,0
ENSG00000120963,2515
ENSG00000120992,1731
ENSG00000121005,115
ENSG00000121022,1450
ENSG00000121039,345
ENSG00000121053,18
ENSG00000121057,12840
ENSG00000121058,3694
ENSG00000121060,2427
ENSG00000121064,32115
ENSG00000121067,2790
ENSG00000121068,189
ENSG00000121073,5943
ENSG00000121075,1
ENSG00000121089,68
ENSG00000121101,272
ENSG00000121104,953
ENSG00000121152,2589
ENSG00000121207,103
ENSG00000121210,2275
ENSG00000121211,408
ENSG00000121236,64
ENSG00000121270,2529
ENSG00000121274,1109
ENSG00000121281,146
ENSG00000121289,2350
ENSG00000121297,304
ENSG00000121310,1700
ENSG00000121314,0
ENSG00000121316,2589
ENSG00000121318,3
ENSG00000121335,2
ENSG00000121350,647
ENSG00000121351,0
ENSG00000121361,372
ENSG00000121377,0
ENSG00000121380,61
ENSG00000121381,0
ENSG00000121388,0
ENSG00000121390,1096
ENSG00000121406,71
ENSG00000121410,19
ENSG00000121413,222
ENSG00000121417,666
ENSG00000121440,1150
ENSG00000121446,0
ENSG00000121454,36
ENSG00000121481,1222
ENSG00000121486,1286
ENSG00000121542,839
ENSG00000121552,1690
ENSG00000121570,5
ENSG00000121577,139
ENSG00000121578,2430
ENSG00000121579,9128
ENSG00000121594,57
ENSG00000121621,765
ENSG00000121634,0
ENSG00000121644,5303
ENSG00000121653,2378
ENSG00000121671,1739
ENSG00000121680,1212
ENSG00000121690,20
ENSG00000121691,3496
ENSG00000121716,132
ENSG00000121741,3210
ENSG00000121742,2
ENSG00000121743,0
ENSG00000121749,1461
ENSG00000121753,659
ENSG00000121764,3
ENSG00000121766,2005
ENSG00000121769,399
ENSG00000121774,14478
ENSG00000121775,1027
ENSG00000121797,130
ENSG00000121807,374
ENSG00000121851,946
ENSG00000121853,0
ENSG00000121858,38689
ENSG00000121864,3261
ENSG00000121871,0
ENSG00000121879,8357
ENSG00000121892,5074
ENSG00000121895,76
ENSG00000121897,180
ENSG00000121898,673
ENSG00000121900,4559
ENSG00000121903,128
ENSG00000121904,48
ENSG00000121905,36
ENSG00000121931,823
ENSG00000121933,85
ENSG00000121940,839
ENSG00000121957,724
ENSG00000121964,825
ENSG00000121966,6102
ENSG00000121988,570
ENSG00000121989,1653
ENSG00000122008,471
ENSG00000122012,20
ENSG00000122025,107
ENSG00000122026,9519
ENSG00000122033,2184
ENSG00000122034,10463
ENSG00000122035,627
ENSG00000122042,4029
ENSG00000122043,0
ENSG00000122068,6579
ENSG00000122085,1521
ENSG00000122121,60
ENSG00000122122,785
ENSG00000122126,1548
ENSG00000122133,2
ENSG00000122136,0
ENSG00000122140,2958
ENSG00000122145,0
ENSG00000122176,1770
ENSG00000122180,0
ENSG00000122188,178
ENSG00000122194,0
ENSG00000122203,4425
ENSG00000122218,13288
ENSG00000122223,20
ENSG00000122224,160
ENSG00000122254,142
ENSG00000122257,4467
ENSG00000122299,1828
ENSG00000122304,0
ENSG00000122335,961
ENSG00000122359,4460
ENSG00000122367,53
ENSG00000122375,1
ENSG00000122376,1419
ENSG00000122378,5058
ENSG00000122386,575
ENSG00000122390,1356
ENSG00000122406,53733
ENSG00000122417,1008
ENSG00000122420,38
ENSG00000122432,11
ENSG00000122435,346
ENSG00000122477,50
ENSG00000122481,259
ENSG00000122482,5759
ENSG00000122483,338
ENSG00000122484,1564
ENSG00000122490,1737
ENSG00000122507,530
ENSG00000122512,939
ENSG00000122515,4685
ENSG00000122543,0
ENSG00000122545,10969
ENSG00000122547,580
ENSG00000122548,0
ENSG00000122550,2433
ENSG00000122557,1428
ENSG00000122565,9559
ENSG00000122566,67142
ENSG00000122574,106
ENSG00000122584,624
ENSG00000122585,0
ENSG00000122591,351
ENSG00000122592,6
ENSG00000122641,868
ENSG00000122642,6999
ENSG00000122643,841
ENSG00000122644,1011
ENSG00000122674,783
ENSG00000122678,653
ENSG00000122679,421
ENSG00000122687,2827
ENSG00000122691,135
ENSG00000122692,4842
ENSG00000122694,1211
ENSG00000122696,1763
ENSG00000122705,9890
ENSG00000122707,287
ENSG00000122711,6
ENSG00000122718,0
ENSG00000122728,2
ENSG00000122729,3664
ENSG00000122733,13
ENSG00000122735,57
ENSG00000122741,4088
ENSG00000122756,254
ENSG00000122778,2532
ENSG00000122779,5304
ENSG00000122783,1701
ENSG00000122786,7148
ENSG00000122787,5
ENSG00000122824,26
ENSG00000122852,0
ENSG00000122859,3
ENSG00000122861,2516
ENSG00000122862,2628
ENSG00000122863,1300
ENSG00000122870,456
ENSG00000122872,0
ENSG00000122873,820
ENSG00000122877,993
ENSG00000122882,1444
ENSG00000122884,7099
ENSG00000122912,799
ENSG00000122952,3319
ENSG00000122958,3548
ENSG00000122965,2458
ENSG00000122966,1160
ENSG00000122970,799
ENSG00000122971,509
ENSG00000122986,199
ENSG00000123009,3
ENSG00000123064,5101
ENSG00000123066,3918
ENSG00000123080,1237
ENSG00000123091,19042
ENSG00000123094,533
ENSG00000123095,1092
ENSG00000123096,607
ENSG00000123104,1476
ENSG00000123106,880
ENSG00000123119,43
ENSG00000123124,5580
ENSG00000123130,2460
ENSG00000123131,2692
ENSG00000123136,4937
ENSG00000123143,2399
ENSG00000123144,5241
ENSG00000123146,1268
ENSG00000123154,320
ENSG00000123159,10562
ENSG00000123165,0
ENSG00000123171,0
ENSG00000123178,493
ENSG00000123179,2161
ENSG00000123191,151
ENSG00000123200,4801
ENSG00000123201,226
ENSG00000123213,4883
ENSG00000123219,192
ENSG00000123240,1570
ENSG00000123243,1269
ENSG00000123268,557
ENSG00000123297,1410
ENSG00000123307,0
ENSG00000123329,336
ENSG00000123338,1363
ENSG00000123342,443
ENSG00000123349,8594
ENSG00000123352,1901
ENSG00000123353,2388
ENSG00000123358,2300
ENSG00000123360,184
ENSG00000123364,650
ENSG00000123374,3044
ENSG00000123384,9584
ENSG00000123388,1034
ENSG00000123395,1394
ENSG00000123405,8
ENSG00000123407,124
ENSG00000123411,293
ENSG00000123415,1585
ENSG00000123416,19506
ENSG00000123427,451
ENSG00000123444,396
ENSG00000123447,0
ENSG00000123453,69
ENSG00000123454,10
ENSG00000123472,4214
ENSG00000123473,2499
ENSG00000123485,2102
ENSG00000123496,7
ENSG00000123500,1472
ENSG00000123505,2289
ENSG00000123545,815
ENSG00000123552,673
ENSG00000123560,34
ENSG00000123561,0
ENSG00000123562,21170
ENSG00000123569,0
ENSG00000123570,36
ENSG00000123572,222
ENSG00000123575,5380
ENSG00000123576,0
ENSG00000123584,0
ENSG00000123594,0
ENSG00000123595,1713
ENSG00000123600,1035
ENSG00000123607,951
ENSG00000123609,581
ENSG00000123610,133
ENSG00000123612,222
ENSG00000123636,3357
ENSG00000123643,744
ENSG00000123684,3159
ENSG00000123685,48
ENSG00000123689,1291
ENSG00000123700,179
ENSG00000123728,2063
ENSG00000123737,2452
ENSG00000123739,2643
ENSG00000123810,283
ENSG00000123815,1316
ENSG00000123836,630
ENSG00000123838,0
ENSG00000123843,3
ENSG00000123870,209
ENSG00000123892,784
ENSG00000123901,31
ENSG00000123908,4084
ENSG00000123933,2731
ENSG00000123965,45
ENSG00000123975,2554
ENSG00000123977,0
ENSG00000123983,12070
ENSG00000123989,13553
ENSG00000123992,5407
ENSG00000123999,9
ENSG00000124003,0
ENSG00000124006,2036
ENSG00000124019,55
ENSG00000124067,5420
ENSG00000124074,2643
ENSG00000124089,0
ENSG00000124091,13
ENSG00000124092,0
ENSG00000124097,18
ENSG00000124098,29274
ENSG00000124102,66
ENSG00000124103,13
ENSG00000124104,1989
ENSG00000124107,5905
ENSG00000124116,333
ENSG00000124120,2673
ENSG00000124126,1956
ENSG00000124134,18
ENSG00000124140,106
ENSG00000124143,229
ENSG00000124145,39322
ENSG00000124151,8660
ENSG00000124155,36786
ENSG00000124157,0
ENSG00000124159,15
ENSG00000124160,6057
ENSG00000124164,11838
ENSG00000124171,1394
ENSG00000124172,33470
ENSG00000124177,5414
ENSG00000124181,4732
ENSG00000124191,160
ENSG00000124193,12292
ENSG00000124194,12
ENSG00000124196,9
ENSG00000124198,13192
ENSG00000124201,17502
ENSG00000124203,145
ENSG00000124205,14
ENSG00000124207,45874
ENSG00000124208,9
ENSG00000124209,6224
ENSG00000124212,1398
ENSG00000124214,33049
ENSG00000124215,69
ENSG00000124216,628
ENSG00000124217,1997
ENSG00000124222,6760
ENSG00000124224,96
ENSG00000124225,19198
ENSG00000124226,35506
ENSG00000124227,0
ENSG00000124228,20319
ENSG00000124232,6
ENSG00000124233,0
ENSG00000124237,34
ENSG00000124243,1903
ENSG00000124249,25
ENSG00000124251,55
ENSG00000124253,302
ENSG00000124256,171
ENSG00000124257,30
ENSG00000124260,1537
ENSG00000124275,4269
ENSG00000124279,1032
ENSG00000124299,6323
ENSG00000124302,977
ENSG00000124313,1359
ENSG00000124333,2418
ENSG00000124334,12
ENSG00000124343,151
ENSG00000124356,3069
ENSG00000124357,5375
ENSG00000124370,404
ENSG00000124374,1256
ENSG00000124380,1401
ENSG00000124383,3167
ENSG00000124391,20
ENSG00000124399,1
ENSG00000124406,387
ENSG00000124422,23258
ENSG00000124429,3000
ENSG00000124440,18
ENSG00000124444,411
ENSG00000124449,0
ENSG00000124459,642
ENSG00000124466,5531
ENSG00000124467,0
ENSG00000124469,2
ENSG00000124479,37
ENSG00000124486,16453
ENSG00000124490,0
ENSG00000124491,516
ENSG00000124493,774
ENSG00000124496,1138
ENSG00000124507,127
ENSG00000124508,353
ENSG00000124523,845
ENSG00000124532,1496
ENSG00000124535,3516
ENSG00000124541,5223
ENSG00000124549,63
ENSG00000124557,10
ENSG00000124562,3695
ENSG00000124564,0
ENSG00000124568,0
ENSG00000124570,3375
ENSG00000124571,4848
ENSG00000124574,787
ENSG00000124575,47
ENSG00000124587,3643
ENSG00000124588,3556
ENSG00000124593,136
ENSG00000124596,1244
ENSG00000124602,67
ENSG00000124608,1077
ENSG00000124610,0
ENSG00000124613,102
ENSG00000124614,8773
ENSG00000124615,540
ENSG00000124635,230
ENSG00000124641,1609
ENSG00000124657,17
ENSG00000124659,1056
ENSG00000124664,24706
ENSG00000124678,2
ENSG00000124688,1228
ENSG00000124701,3
ENSG00000124702,5757
ENSG00000124713,284
ENSG00000124721,18
ENSG00000124731,33
ENSG00000124733,5535
ENSG00000124743,56
ENSG00000124749,32
ENSG00000124762,2223
ENSG00000124766,8966
ENSG00000124767,13114
ENSG00000124772,314
ENSG00000124780,7
ENSG00000124782,3627
ENSG00000124783,12276
ENSG00000124784,1111
ENSG00000124785,294
ENSG00000124786,831
ENSG00000124787,742
ENSG00000124788,2901
ENSG00000124789,3734
ENSG00000124795,6985
ENSG00000124802,372
ENSG00000124812,0
ENSG00000124813,439
ENSG00000124818,0
ENSG00000124827,0
ENSG00000124831,15793
ENSG00000124835,0
ENSG00000124839,693
ENSG00000124875,234
ENSG00000124882,29
ENSG00000124900,0
ENSG00000124915,0
ENSG00000124920,189
ENSG00000124935,23
ENSG00000124939,35
ENSG00000124942,39116
ENSG00000125037,3683
ENSG00000125046,26
ENSG00000125084,0
ENSG00000125089,390
ENSG00000125107,39921
ENSG00000125122,95
ENSG00000125124,2438
ENSG00000125144,46
ENSG00000125148,11059
ENSG00000125149,4834
ENSG00000125166,34924
ENSG00000125170,2196
ENSG00000125207,0
ENSG00000125245,45
ENSG00000125246,379
ENSG00000125247,4528
ENSG00000125249,2470
ENSG00000125255,0
ENSG00000125257,161
ENSG00000125266,5968
ENSG00000125285,1
ENSG00000125304,20592
ENSG00000125319,204
ENSG00000125337,20
ENSG00000125347,3183
ENSG00000125351,499
ENSG00000125352,398
ENSG00000125354,3447
ENSG00000125355,30
ENSG00000125356,3563
ENSG00000125363,0
ENSG00000125375,778
ENSG00000125378,1234
ENSG00000125384,64
ENSG00000125385,0
ENSG00000125386,1016
ENSG00000125388,62
ENSG00000125398,5971
ENSG00000125409,45
ENSG00000125414,3
ENSG00000125430,144
ENSG00000125434,676
ENSG00000125445,8878
ENSG00000125447,2705
ENSG00000125449,1737
ENSG00000125450,5991
ENSG00000125454,806
ENSG00000125457,2587
ENSG00000125458,1632
ENSG00000125459,638
ENSG00000125462,70
ENSG00000125482,1671
ENSG00000125484,2871
ENSG00000125485,932
ENSG00000125492,0
ENSG00000125498,6
ENSG00000125503,1914
ENSG00000125505,7214
ENSG00000125508,325
ENSG00000125510,219
ENSG00000125514,8
ENSG00000125520,8628
ENSG00000125522,0
ENSG00000125531,28
ENSG00000125533,0
ENSG00000125534,22254
ENSG00000125538,140
ENSG00000125551,1
ENSG00000125571,0
ENSG00000125611,1197
ENSG00000125618,28
ENSG00000125629,3887
ENSG00000125630,1980
ENSG00000125631,5
ENSG00000125633,1823
ENSG00000125637,2824
ENSG00000125648,2195
ENSG00000125650,197
ENSG00000125651,4614
ENSG00000125652,1498
ENSG00000125656,1852
ENSG00000125657,29
ENSG00000125675,22
ENSG00000125676,4545
ENSG00000125686,7754
ENSG00000125691,80063
ENSG00000125695,0
ENSG00000125703,466
ENSG00000125726,27
ENSG00000125730,16702
ENSG00000125731,665
ENSG00000125733,2917
ENSG00000125734,2663
ENSG00000125735,89
ENSG00000125740,3667
ENSG00000125741,1263
ENSG00000125743,8934
ENSG00000125744,394
ENSG00000125746,1843
ENSG00000125753,6916
ENSG00000125755,6020
ENSG00000125772,2366
ENSG00000125775,130
ENSG00000125779,3206
ENSG00000125780,7
ENSG00000125787,3
ENSG00000125788,46
ENSG00000125798,0
ENSG00000125804,2
ENSG00000125810,2397
ENSG00000125812,977
ENSG00000125813,182
ENSG00000125814,274
ENSG00000125815,0
ENSG00000125816,0
ENSG00000125817,10354
ENSG00000125818,11292
ENSG00000125820,70
ENSG00000125821,837
ENSG00000125823,20
ENSG00000125826,4633
ENSG00000125827,3635
ENSG00000125831,1
ENSG00000125834,5562
ENSG00000125835,15250
ENSG00000125841,3512
ENSG00000125843,1098
ENSG00000125844,18349
ENSG00000125845,55
ENSG00000125846,593
ENSG00000125848,42
ENSG00000125850,328
ENSG00000125851,4
ENSG00000125861,4
ENSG00000125863,1815
ENSG00000125864,95
ENSG00000125868,15355
ENSG00000125869,176
ENSG00000125870,2640
ENSG00000125871,1429
ENSG00000125872,4
ENSG00000125875,3929
ENSG00000125877,3252
ENSG00000125878,24
ENSG00000125879,2
ENSG00000125885,1457
ENSG00000125888,0
ENSG00000125895,250
ENSG00000125898,3191
ENSG00000125899,0
ENSG00000125900,1
ENSG00000125901,3737
ENSG00000125903,0
ENSG00000125910,130
ENSG00000125912,4697
ENSG00000125931,28
ENSG00000125944,11047
ENSG00000125945,2683
ENSG00000125952,3906
ENSG00000125954,1
ENSG00000125962,1051
ENSG00000125965,5
ENSG00000125966,65
ENSG00000125967,2113
ENSG00000125968,267
ENSG00000125970,10936
ENSG00000125971,5016
ENSG00000125975,0
ENSG00000125977,4030
ENSG00000125991,12346
ENSG00000125995,2167
ENSG00000125997,1
ENSG00000125998,0
ENSG00000125999,15
ENSG00000126001,3199
ENSG00000126003,2162
ENSG00000126005,929
ENSG00000126010,6
ENSG00000126012,19122
ENSG00000126016,2377
ENSG00000126062,2239
ENSG00000126067,9081
ENSG00000126070,1637
ENSG00000126088,2907
ENSG00000126091,396
ENSG00000126106,1772
ENSG00000126107,7465
ENSG00000126214,2634
ENSG00000126215,1579
ENSG00000126216,2826
ENSG00000126217,2334
ENSG00000126218,78
ENSG00000126226,3341
ENSG00000126231,30
ENSG00000126233,2
ENSG00000126243,604
ENSG00000126246,71
ENSG00000126247,30577
ENSG00000126249,692
ENSG00000126251,0
ENSG00000126254,2621
ENSG00000126259,9
ENSG00000126261,6063
ENSG00000126262,472
ENSG00000126264,122
ENSG00000126266,0
ENSG00000126267,10786
ENSG00000126337,3
ENSG00000126351,8188
ENSG00000126353,565
ENSG00000126368,3105
ENSG00000126391,2637
ENSG00000126432,10248
ENSG00000126453,1130
ENSG00000126456,3180
ENSG00000126457,7475
ENSG00000126458,1410
ENSG00000126460,211
ENSG00000126461,3683
ENSG00000126464,2828
ENSG00000126467,7
ENSG00000126500,81
ENSG00000126522,1688
ENSG00000126524,4559
ENSG00000126545,1
ENSG00000126549,0
ENSG00000126550,0
ENSG00000126561,1252
ENSG00000126562,65
ENSG00000126581,4872
ENSG00000126583,3
ENSG00000126602,3211
ENSG00000126603,830
ENSG00000126653,916
ENSG00000126698,12184
ENSG00000126705,2347
ENSG00000126709,8426
ENSG00000126733,2
ENSG00000126746,954
ENSG00000126749,884
ENSG00000126752,16
ENSG00000126756,2205
ENSG00000126759,103
ENSG00000126767,1918
ENSG00000126768,1997
ENSG00000126773,3368
ENSG00000126775,1389
ENSG00000126777,19565
ENSG00000126778,857
ENSG00000126785,392
ENSG00000126787,2232
ENSG00000126790,414
ENSG00000126803,326
ENSG00000126804,1486
ENSG00000126814,1116
ENSG00000126821,916
ENSG00000126822,3091
ENSG00000126838,10
ENSG00000126856,8
ENSG00000126858,7538
ENSG00000126860,331
ENSG00000126861,13
ENSG00000126870,826
ENSG00000126878,6309
ENSG00000126882,404
ENSG00000126883,3006
ENSG00000126890,0
ENSG00000126895,51
ENSG00000126903,1617
ENSG00000126934,6726
ENSG00000126945,6953
ENSG00000126947,206
ENSG00000126950,12
ENSG00000126952,0
ENSG00000126953,625
ENSG00000126970,84
ENSG00000127022,42781
ENSG00000127054,4346
ENSG00000127074,13
ENSG00000127080,234
ENSG00000127081,226
ENSG00000127083,45
ENSG00000127084,353
ENSG00000127124,634
ENSG00000127125,4275
ENSG00000127129,342
ENSG00000127152,365
ENSG00000127184,10796
ENSG00000127191,1526
ENSG00000127220,292
ENSG00000127241,3
ENSG00000127249,695
ENSG00000127252,619
ENSG00000127311,295
ENSG00000127314,1438
ENSG00000127318,0
ENSG00000127324,100
ENSG00000127325,28
ENSG00000127328,2235
ENSG00000127329,914
ENSG00000127334,1893
ENSG00000127337,757
ENSG00000127362,1
ENSG00000127364,9
ENSG00000127366,14
ENSG00000127377,13
ENSG00000127399,1310
ENSG00000127412,8
ENSG00000127415,346
ENSG00000127418,923
ENSG00000127419,386
ENSG00000127423,662
ENSG00000127445,1713
ENSG00000127452,824
ENSG00000127463,6623
ENSG00000127472,38
ENSG00000127481,9883
ENSG00000127483,8644
ENSG00000127507,132
ENSG00000127511,3093
ENSG00000127515,0
ENSG00000127526,4443
ENSG00000127527,1631
ENSG00000127528,2048
ENSG00000127529,0
ENSG00000127530,0
ENSG00000127533,317
ENSG00000127540,2952
ENSG00000127554,1339
ENSG00000127561,38
ENSG00000127564,1638
ENSG00000127578,5
ENSG00000127580,645
ENSG00000127585,2599
ENSG00000127586,597
ENSG00000127588,72
ENSG00000127589,166
ENSG00000127603,15627
ENSG00000127616,13031
ENSG00000127663,2273
ENSG00000127666,579
ENSG00000127720,129
ENSG00000127743,10
ENSG00000127774,87
ENSG00000127780,0
ENSG00000127804,2238
ENSG00000127824,1029
ENSG00000127831,4
ENSG00000127837,11096
ENSG00000127838,5709
ENSG00000127863,395
ENSG00000127870,2412
ENSG00000127884,11841
ENSG00000127903,15
ENSG00000127914,3439
ENSG00000127920,816
ENSG00000127922,6284
ENSG00000127928,144
ENSG00000127946,3377
ENSG00000127947,7181
ENSG00000127948,22770
ENSG00000127951,806
ENSG00000127952,2332
ENSG00000127954,1084
ENSG00000127955,1921
ENSG00000127957,57
ENSG00000127980,1435
ENSG00000127989,516
ENSG00000127990,612
ENSG00000127993,487
ENSG00000127995,2101
ENSG00000128000,501
ENSG00000128011,272
ENSG00000128016,9914
ENSG00000128039,5978
ENSG00000128040,6
ENSG00000128045,390
ENSG00000128050,13405
ENSG00000128052,1039
ENSG00000128059,1585
ENSG00000128159,1205
ENSG00000128165,683
ENSG00000128185,2745
ENSG00000128191,1714
ENSG00000128203,202
ENSG00000128218,70
ENSG00000128228,1199
ENSG00000128242,7
ENSG00000128245,11344
ENSG00000128250,0
ENSG00000128253,1
ENSG00000128254,3
ENSG00000128262,35
ENSG00000128266,517
ENSG00000128268,112
ENSG00000128271,8
ENSG00000128272,8236
ENSG00000128274,299
ENSG00000128276,0
ENSG00000128283,4100
ENSG00000128284,1497
ENSG00000128285,12
ENSG00000128294,2085
ENSG00000128298,48
ENSG00000128309,2709
ENSG00000128310,2
ENSG00000128311,2858
ENSG00000128313,2
ENSG00000128322,1
ENSG00000128335,1927
ENSG00000128340,1637
ENSG00000128342,194
ENSG00000128346,66
ENSG00000128383,15
ENSG00000128394,133
ENSG00000128408,266
ENSG00000128422,5464
ENSG00000128438,16
ENSG00000128463,4622
ENSG00000128482,34
ENSG00000128487,4976
ENSG00000128510,382
ENSG00000128512,603
ENSG00000128513,1183
ENSG00000128519,0
ENSG00000128524,4396
ENSG00000128534,2188
ENSG00000128536,60
ENSG00000128563,1826
ENSG00000128564,208
ENSG00000128567,2683
ENSG00000128573,27
ENSG00000128578,243
ENSG00000128581,3787
ENSG00000128585,3009
ENSG00000128590,1170
ENSG00000128591,444
ENSG00000128594,137
ENSG00000128595,19798
ENSG00000128596,178
ENSG00000128602,2193
ENSG00000128604,573
ENSG00000128606,147
ENSG00000128607,5319
ENSG00000128609,3680
ENSG00000128610,219
ENSG00000128617,116
ENSG00000128626,1427
ENSG00000128641,14041
ENSG00000128645,31
ENSG00000128652,30
ENSG00000128654,1915
ENSG00000128655,36
ENSG00000128656,2846
ENSG00000128683,3
ENSG00000128692,5
ENSG00000128694,379
ENSG00000128699,2417
ENSG00000128708,5594
ENSG00000128709,148
ENSG00000128710,66
ENSG00000128713,10
ENSG00000128714,31
ENSG00000128731,3535
ENSG00000128739,506
ENSG00000128789,3975
ENSG00000128791,2269
ENSG00000128805,148
ENSG00000128815,594
ENSG00000128829,4971
ENSG00000128833,3232
ENSG00000128849,876
ENSG00000128872,234
ENSG00000128881,476
ENSG00000128886,152
ENSG00000128891,647
ENSG00000128908,2567
ENSG00000128915,1693
ENSG00000128917,401
ENSG00000128918,105
ENSG00000128923,962
ENSG00000128928,3869
ENSG00000128944,2047
ENSG00000128951,1931
ENSG00000128965,98
ENSG00000128973,2441
ENSG00000128989,7361
ENSG00000129003,2907
ENSG00000129007,36
ENSG00000129009,2858
ENSG00000129028,62
ENSG00000129038,956
ENSG00000129048,16
ENSG00000129055,7588
ENSG00000129071,2600
ENSG00000129083,7502
ENSG00000129084,3298
ENSG00000129103,11111
ENSG00000129116,8049
ENSG00000129128,6565
ENSG00000129151,374
ENSG00000129152,1
ENSG00000129158,506
ENSG00000129159,10
ENSG00000129167,9
ENSG00000129170,0
ENSG00000129173,1028
ENSG00000129187,2727
ENSG00000129194,18
ENSG00000129195,857
ENSG00000129197,1691
ENSG00000129204,54
ENSG00000129214,18
ENSG00000129219,2752
ENSG00000129221,2
ENSG00000129226,104
ENSG00000129235,3125
ENSG00000129244,40
ENSG00000129245,2400
ENSG00000129250,7198
ENSG00000129255,5711
ENSG00000129292,1976
ENSG00000129295,620
ENSG00000129315,1746
ENSG00000129317,905
ENSG00000129347,1392
ENSG00000129351,18990
ENSG00000129353,12551
ENSG00000129354,4463
ENSG00000129355,528
ENSG00000129422,5825
ENSG00000129437,3
ENSG00000129450,87
ENSG00000129451,14
ENSG00000129455,1
ENSG00000129460,2547
ENSG00000129465,92
ENSG00000129467,274
ENSG00000129472,2626
ENSG00000129473,2728
ENSG00000129474,1794
ENSG00000129480,1902
ENSG00000129484,4226
ENSG00000129493,4117
ENSG00000129514,23075
ENSG00000129515,6933
ENSG00000129518,3713
ENSG00000129521,4121
ENSG00000129534,1533
ENSG00000129535,149
ENSG00000129538,2870
ENSG00000129559,10053
ENSG00000129562,13483
ENSG00000129566,7856
ENSG00000129595,1638
ENSG00000129596,164
ENSG00000129625,14266
ENSG00000129636,2577
ENSG00000129646,155
ENSG00000129654,279
ENSG00000129657,4569
ENSG00000129667,1684
ENSG00000129673,3
ENSG00000129675,1017
ENSG00000129680,283
ENSG00000129682,1136
ENSG00000129691,3334
ENSG00000129696,1495
ENSG00000129744,0
ENSG00000129749,15
ENSG00000129757,626
ENSG00000129810,583
ENSG00000129816,0
ENSG00000129824,1
ENSG00000129845,0
ENSG00000129862,0
ENSG00000129864,0
ENSG00000129873,0
ENSG00000129910,12
ENSG00000129911,1563
ENSG00000129925,2937
ENSG00000129932,679
ENSG00000129933,3456
ENSG00000129946,988
ENSG00000129951,57
ENSG00000129965,0
ENSG00000129968,981
ENSG00000129988,51
ENSG00000129990,22
ENSG00000129991,16
ENSG00000129993,1783
ENSG00000130005,172
ENSG00000130021,1352
ENSG00000130023,1361
ENSG00000130024,6368
ENSG00000130032,8
ENSG00000130035,16
ENSG00000130037,14
ENSG00000130038,254
ENSG00000130045,7
ENSG00000130052,235
ENSG00000130054,1072
ENSG00000130055,2
ENSG00000130066,4050
ENSG00000130119,518
ENSG00000130147,17031
ENSG00000130150,1143
ENSG00000130158,1223
ENSG00000130159,2692
ENSG00000130164,5749
ENSG00000130165,3540
ENSG00000130167,1
ENSG00000130173,6
ENSG00000130175,25743
ENSG00000130176,822
ENSG00000130177,4624
ENSG00000130182,0
ENSG00000130193,8144
ENSG00000130201,149
ENSG00000130202,18122
ENSG00000130203,10324
ENSG00000130204,7514
ENSG00000130208,3361
ENSG00000130222,120
ENSG00000130224,48
ENSG00000130226,2
ENSG00000130227,3449
ENSG00000130234,46
ENSG00000130244,547
ENSG00000130254,3095
ENSG00000130255,23449
ENSG00000130270,68
ENSG00000130283,0
ENSG00000130287,9
ENSG00000130294,14507
ENSG00000130299,1522
ENSG00000130300,3169
ENSG00000130303,4689
ENSG00000130304,1210
ENSG00000130305,2992
ENSG00000130307,75
ENSG00000130309,17238
ENSG00000130311,2606
ENSG00000130312,1559
ENSG00000130313,5292
ENSG00000130332,1724
ENSG00000130338,3455
ENSG00000130340,3812
ENSG00000130347,2478
ENSG00000130348,4108
ENSG00000130349,1958
ENSG00000130363,1033
ENSG00000130368,2
ENSG00000130377,7
ENSG00000130382,5640
ENSG00000130383,1
ENSG00000130385,0
ENSG00000130396,9289
ENSG00000130402,28469
ENSG00000130413,9
ENSG00000130414,7236
ENSG00000130427,4
ENSG00000130429,5711
ENSG00000130433,8
ENSG00000130449,840
ENSG00000130475,166
ENSG00000130477,171
ENSG00000130479,2334
ENSG00000130487,549
ENSG00000130489,1253
ENSG00000130508,16409
ENSG00000130511,890
ENSG00000130513,473
ENSG00000130517,542
ENSG00000130518,183
ENSG00000130520,4851
ENSG00000130522,6209
ENSG00000130528,36
ENSG00000130529,5654
ENSG00000130538,0
ENSG00000130540,2
ENSG00000130544,659
ENSG00000130545,912
ENSG00000130558,2900
ENSG00000130559,3826
ENSG00000130560,1828
ENSG00000130561,11
ENSG00000130584,2108
ENSG00000130589,3749
ENSG00000130590,1248
ENSG00000130592,2886
ENSG00000130595,100
ENSG00000130598,16
ENSG00000130600,685
ENSG00000130612,1
ENSG00000130635,8612
ENSG00000130638,6392
ENSG00000130640,5094
ENSG00000130643,3
ENSG00000130649,10
ENSG00000130653,210
ENSG00000130656,0
ENSG00000130669,10730
ENSG00000130675,412
ENSG00000130684,84
ENSG00000130695,2495
ENSG00000130699,3079
ENSG00000130700,18
ENSG00000130701,827
ENSG00000130702,6219
ENSG00000130703,7278
ENSG00000130706,8438
ENSG00000130707,43816
ENSG00000130711,10
ENSG00000130713,3405
ENSG00000130714,1824
ENSG00000130717,1387
ENSG00000130720,457
ENSG00000130723,7184
ENSG00000130724,5873
ENSG00000130725,3139
ENSG00000130726,20182
ENSG00000130731,1812
ENSG00000130733,1893
ENSG00000130734,1277
ENSG00000130741,14340
ENSG00000130748,187
ENSG00000130749,3561
ENSG00000130751,34
ENSG00000130755,593
ENSG00000130758,390
ENSG00000130762,1407
ENSG00000130764,3385
ENSG00000130766,1714
ENSG00000130768,109
ENSG00000130770,8770
ENSG00000130772,1674
ENSG00000130775,674
ENSG00000130779,3600
ENSG00000130783,30
ENSG00000130787,4741
ENSG00000130803,2151
ENSG00000130810,246
ENSG00000130811,5678
ENSG00000130812,25
ENSG00000130813,691
ENSG00000130816,7624
ENSG00000130818,1238
ENSG00000130821,4173
ENSG00000130822,14
ENSG00000130826,5718
ENSG00000130827,3289
ENSG00000130829,45
ENSG00000130830,497
ENSG00000130844,401
ENSG00000130856,950
ENSG00000130876,128
ENSG00000130881,1811
ENSG00000130921,1280
ENSG00000130935,8319
ENSG00000130939,3997
ENSG00000130940,2463
ENSG00000130943,21
ENSG00000130948,13
ENSG00000130950,0
ENSG00000130956,813
ENSG00000130957,7
ENSG00000130958,736
ENSG00000130962,169
ENSG00000130985,29762
ENSG00000130988,28
ENSG00000130997,53
ENSG00000131002,0
ENSG00000131007,0
ENSG00000131013,2995
ENSG00000131015,91
ENSG00000131016,991
ENSG00000131018,1072
ENSG00000131019,39
ENSG00000131023,1717
ENSG00000131037,877
ENSG00000131042,253
ENSG00000131043,5835
ENSG00000131044,16
ENSG00000131050,1
ENSG00000131051,8586
ENSG00000131055,45
ENSG00000131059,0
ENSG00000131061,505
ENSG00000131067,523
ENSG00000131068,1
ENSG00000131069,2842
ENSG00000131080,64
ENSG00000131089,1683
ENSG00000131094,25
ENSG00000131095,13
ENSG00000131096,2
ENSG00000131097,17
ENSG00000131100,5404
ENSG00000131115,684
ENSG00000131116,738
ENSG00000131126,0
ENSG00000131127,213
ENSG00000131142,13
ENSG00000131143,22228
ENSG00000131148,2378
ENSG00000131149,30484
ENSG00000131152,2
ENSG00000131153,1797
ENSG00000131165,15029
ENSG00000131171,8385
ENSG00000131174,7623
ENSG00000131183,3
ENSG00000131187,144
ENSG00000131188,191
ENSG00000131196,1189
ENSG00000131203,418
ENSG00000131233,3
ENSG00000131236,38119
ENSG00000131238,55471
ENSG00000131242,3060
ENSG00000131263,4293
ENSG00000131264,0
ENSG00000131269,1578
ENSG00000131323,1547
ENSG00000131351,1318
ENSG00000131355,2
ENSG00000131368,1909
ENSG00000131370,593
ENSG00000131373,734
ENSG00000131374,2684
ENSG00000131375,3621
ENSG00000131378,5826
ENSG00000131379,13
ENSG00000131381,2057
ENSG00000131386,334
ENSG00000131389,1220
ENSG00000131398,154
ENSG00000131400,10
ENSG00000131401,462
ENSG00000131408,3135
ENSG00000131409,14
ENSG00000131435,694
ENSG00000131437,961
ENSG00000131446,5889
ENSG00000131459,682
ENSG00000131462,2395
ENSG00000131467,8368
ENSG00000131469,37351
ENSG00000131470,187
ENSG00000131471,2572
ENSG00000131473,13202
ENSG00000131475,4450
ENSG00000131477,447
ENSG00000131480,38
ENSG00000131482,1
ENSG00000131484,0
ENSG00000131495,2659
ENSG00000131503,199
ENSG00000131504,10145
ENSG00000131507,4365
ENSG00000131508,5527
ENSG00000131538,0
ENSG00000131548,0
ENSG00000131558,2670
ENSG00000131584,1213
ENSG00000131591,564
ENSG00000131620,3316
ENSG00000131626,5711
ENSG00000131634,436
ENSG00000131650,1490
ENSG00000131652,1222
ENSG00000131653,6824
ENSG00000131668,6
ENSG00000131669,4559
ENSG00000131686,0
ENSG00000131697,769
ENSG00000131711,4888
ENSG00000131721,0
ENSG00000131724,9322
ENSG00000131725,986
ENSG00000131730,19
ENSG00000131732,1080
ENSG00000131737,0
ENSG00000131738,0
ENSG00000131746,692
ENSG00000131747,5317
ENSG00000131748,24316
ENSG00000131759,2489
ENSG00000131771,2814
ENSG00000131773,1213
ENSG00000131778,2694
ENSG00000131779,1908
ENSG00000131781,272
ENSG00000131788,1763
ENSG00000131791,997
ENSG00000131797,347
ENSG00000131808,0
ENSG00000131828,4244
ENSG00000131831,623
ENSG00000131844,8073
ENSG00000131845,813
ENSG00000131848,404
ENSG00000131849,91
ENSG00000131864,0
ENSG00000131871,2391
ENSG00000131873,2706
ENSG00000131876,2722
ENSG00000131885,1
ENSG00000131899,3161
ENSG00000131910,2
ENSG00000131914,1
ENSG00000131931,1003
ENSG00000131941,4432
ENSG00000131943,791
ENSG00000131944,458
ENSG00000131951,10
ENSG00000131966,3642
ENSG00000131969,13
ENSG00000131979,1979
ENSG00000131981,10507
ENSG00000131982,0
ENSG00000132000,155
ENSG00000132002,10483
ENSG00000132003,1462
ENSG00000132004,732
ENSG00000132005,1209
ENSG00000132010,77
ENSG00000132016,47
ENSG00000132017,1792
ENSG00000132024,1774
ENSG00000132026,38
ENSG00000132031,172
ENSG00000132109,1148
ENSG00000132122,1701
ENSG00000132128,10516
ENSG00000132141,54
ENSG00000132153,4886
ENSG00000132155,4351
ENSG00000132164,1
ENSG00000132170,382
ENSG00000132182,5099
ENSG00000132185,159
ENSG00000132196,375
ENSG00000132199,1477
ENSG00000132204,14
ENSG00000132205,789
ENSG00000132207,3
ENSG00000132254,6389
ENSG00000132256,651
ENSG00000132259,19
ENSG00000132274,1255
ENSG00000132275,728
ENSG00000132286,1154
ENSG00000132294,5375
ENSG00000132297,0
ENSG00000132300,5858
ENSG00000132305,7808
ENSG00000132313,2835
ENSG00000132321,127
ENSG00000132323,2012
ENSG00000132326,2164
ENSG00000132329,150
ENSG00000132330,167
ENSG00000132334,474
ENSG00000132341,17534
ENSG00000132356,5871
ENSG00000132357,203
ENSG00000132359,819
ENSG00000132361,6929
ENSG00000132376,2191
ENSG00000132382,4458
ENSG00000132383,9174
ENSG00000132386,3879
ENSG00000132388,3001
ENSG00000132394,1068
ENSG00000132405,673
ENSG00000132406,427
ENSG00000132423,988
ENSG00000132424,4009
ENSG00000132429,3
ENSG00000132432,3633
ENSG00000132434,3579
ENSG00000132436,614
ENSG00000132437,480
ENSG00000132446,2
ENSG00000132463,10253
ENSG00000132464,0
ENSG00000132465,6600
ENSG00000132466,11548
ENSG00000132467,2325
ENSG00000132470,17357
ENSG00000132471,7307
ENSG00000132475,45117
ENSG00000132478,2423
ENSG00000132481,2534
ENSG00000132485,1766
ENSG00000132507,18550
ENSG00000132510,4574
ENSG00000132514,234
ENSG00000132517,44
ENSG00000132518,24
ENSG00000132522,165
ENSG00000132530,221
ENSG00000132535,298
ENSG00000132541,571
ENSG00000132549,1641
ENSG00000132554,12
ENSG00000132561,671
ENSG00000132563,175
ENSG00000132570,358
ENSG00000132581,6491
ENSG00000132589,24131
ENSG00000132591,13200
ENSG00000132600,4224
ENSG00000132603,3526
ENSG00000132604,4307
ENSG00000132612,7634
ENSG00000132613,4596
ENSG00000132622,306
ENSG00000132623,1150
ENSG00000132631,0
ENSG00000132635,526
ENSG00000132639,36
ENSG00000132640,1125
ENSG00000132646,6772
ENSG00000132661,807
ENSG00000132664,519
ENSG00000132669,2406
ENSG00000132670,5655
ENSG00000132671,0
ENSG00000132676,9007
ENSG00000132677,29
ENSG00000132680,1529
ENSG00000132681,18
ENSG00000132688,1586
ENSG00000132692,19
ENSG00000132693,0
ENSG00000132694,3462
ENSG00000132698,4153
ENSG00000132702,3
ENSG00000132703,0
ENSG00000132704,38
ENSG00000132716,1679
ENSG00000132718,426
ENSG00000132740,1121
ENSG00000132744,105
ENSG00000132746,20379
ENSG00000132749,648
ENSG00000132763,653
ENSG00000132768,2668
ENSG00000132773,937
ENSG00000132780,21998
ENSG00000132781,1661
ENSG00000132792,3318
ENSG00000132793,256
ENSG00000132801,603
ENSG00000132819,9882
ENSG00000132821,162
ENSG00000132823,4871
ENSG00000132824,13677
ENSG00000132825,1501
ENSG00000132832,7
ENSG00000132837,36
ENSG00000132840,147
ENSG00000132842,2828
ENSG00000132846,459
ENSG00000132849,5221
ENSG00000132854,134
ENSG00000132855,11
ENSG00000132872,0
ENSG00000132874,24
ENSG00000132879,834
ENSG00000132881,144
ENSG00000132906,2253
ENSG00000132911,0
ENSG00000132912,4352
ENSG00000132915,21
ENSG00000132932,426
ENSG00000132938,63
ENSG00000132950,312
ENSG00000132952,1206
ENSG00000132953,2729
ENSG00000132958,4
ENSG00000132963,6996
ENSG00000132964,1194
ENSG00000132965,390
ENSG00000132967,1309
ENSG00000132970,171
ENSG00000132972,3
ENSG00000132975,3
ENSG00000133019,4
ENSG00000133020,3
ENSG00000133026,6164
ENSG00000133027,1456
ENSG00000133028,1521
ENSG00000133030,11450
ENSG00000133048,2511
ENSG00000133055,3
ENSG00000133056,4360
ENSG00000133059,1251
ENSG00000133063,1467
ENSG00000133065,1070
ENSG00000133067,96
ENSG00000133069,75
ENSG00000133083,933
ENSG00000133101,12
ENSG00000133103,1753
ENSG00000133104,606
ENSG00000133105,0
ENSG00000133106,627
ENSG00000133107,8
ENSG00000133110,20729
ENSG00000133111,209
ENSG00000133112,82610
ENSG00000133114,411
ENSG00000133115,0
ENSG00000133116,44
ENSG00000133119,2315
ENSG00000133121,739
ENSG00000133124,2
ENSG00000133131,1784
ENSG00000133134,257
ENSG00000133135,12
ENSG00000133136,2
ENSG00000133138,478
ENSG00000133142,4818
ENSG00000133169,116
ENSG00000133193,1955
ENSG00000133195,3258
ENSG00000133216,1215
ENSG00000133226,6034
ENSG00000133243,5897
ENSG00000133246,68
ENSG00000133247,858
ENSG00000133250,483
ENSG00000133256,391
ENSG00000133265,2509
ENSG00000133275,3972
ENSG00000133302,936
ENSG00000133313,14941
ENSG00000133315,986
ENSG00000133316,2421
ENSG00000133317,724
ENSG00000133318,32361
ENSG00000133321,6159
ENSG00000133328,1731
ENSG00000133392,4089
ENSG00000133393,1901
ENSG00000133398,1857
ENSG00000133401,3362
ENSG00000133422,3774
ENSG00000133424,1663
ENSG00000133433,10
ENSG00000133454,2
ENSG00000133460,307
ENSG00000133466,664
ENSG00000133475,0
ENSG00000133477,1011
ENSG00000133488,3
ENSG00000133519,51
ENSG00000133561,649
ENSG00000133574,1108
ENSG00000133597,2172
ENSG00000133606,14292
ENSG00000133612,3676
ENSG00000133619,605
ENSG00000133624,380
ENSG00000133627,787
ENSG00000133636,23
ENSG00000133639,5755
ENSG00000133640,12
ENSG00000133641,479
ENSG00000133657,6225
ENSG00000133661,23
ENSG00000133665,69
ENSG00000133678,3111
ENSG00000133687,2445
ENSG00000133703,3814
ENSG00000133704,4155
ENSG00000133706,5782
ENSG00000133710,77
ENSG00000133731,475
ENSG00000133739,3264
ENSG00000133740,1316
ENSG00000133742,0
ENSG00000133773,1166
ENSG00000133789,5424
ENSG00000133794,481
ENSG00000133800,175
ENSG00000133805,591
ENSG00000133808,89
ENSG00000133812,2146
ENSG00000133816,2072
ENSG00000133818,1668
ENSG00000133835,4652
ENSG00000133858,873
ENSG00000133863,0
ENSG00000133872,17480
ENSG00000133874,1677
ENSG00000133878,11
ENSG00000133884,4198
ENSG00000133895,3977
ENSG00000133935,4843
ENSG00000133937,248
ENSG00000133943,1995
ENSG00000133958,21
ENSG00000133961,5507
ENSG00000133962,415
ENSG00000133980,3
ENSG00000133983,1486
ENSG00000133985,4227
ENSG00000133997,2320
ENSG00000134001,5856
ENSG00000134007,27
ENSG00000134013,1416
ENSG00000134014,1136
ENSG00000134020,6
ENSG00000134028,604
ENSG00000134030,977
ENSG00000134042,23
ENSG00000134046,5250
ENSG00000134049,2252
ENSG00000134056,1038
ENSG00000134057,5345
ENSG00000134058,1568
ENSG00000134061,270
ENSG00000134070,103
ENSG00000134072,143
ENSG00000134077,2916
ENSG00000134086,2678
ENSG00000134107,6464
ENSG00000134108,6394
ENSG00000134109,3114
ENSG00000134115,0
ENSG00000134121,246
ENSG00000134138,458
ENSG00000134146,454
ENSG00000134152,1219
ENSG00000134153,3424
ENSG00000134160,4
ENSG00000134183,0
ENSG00000134184,1
ENSG00000134186,1450
ENSG00000134193,1
ENSG00000134198,262
ENSG00000134200,0
ENSG00000134201,54
ENSG00000134202,2825
ENSG00000134207,2
ENSG00000134215,2830
ENSG00000134216,0
ENSG00000134222,1279
ENSG00000134240,49
ENSG00000134242,129
ENSG00000134243,11347
ENSG00000134245,73
ENSG00000134247,3746
ENSG00000134248,1555
ENSG00000134249,0
ENSG00000134250,10426
ENSG00000134253,167
ENSG00000134255,619
ENSG00000134256,46
ENSG00000134258,166
ENSG00000134259,6
ENSG00000134262,353
ENSG00000134265,1764
ENSG00000134278,1985
ENSG00000134283,1937
ENSG00000134285,1306
ENSG00000134287,13022
ENSG00000134291,4303
ENSG00000134294,9292
ENSG00000134297,191
ENSG00000134308,55483
ENSG00000134313,5072
ENSG00000134317,7857
ENSG00000134318,5646
ENSG00000134321,425
ENSG00000134323,97
ENSG00000134324,5171
ENSG00000134326,278
ENSG00000134330,4059
ENSG00000134333,36249
ENSG00000134339,408
ENSG00000134343,417
ENSG00000134352,4546
ENSG00000134363,370
ENSG00000134365,0
ENSG00000134369,1083
ENSG00000134371,2238
ENSG00000134375,2724
ENSG00000134376,1
ENSG00000134389,0
ENSG00000134398,1
ENSG00000134419,22387
ENSG00000134438,0
ENSG00000134440,9120
ENSG00000134443,1
ENSG00000134444,1878
ENSG00000134452,3724
ENSG00000134453,3785
ENSG00000134460,232
ENSG00000134461,362
ENSG00000134463,1495
ENSG00000134470,315
ENSG00000134480,1195
ENSG00000134489,3
ENSG00000134490,2327
ENSG00000134504,3127
ENSG00000134508,2706
ENSG00000134516,852
ENSG00000134531,3973
ENSG00000134532,48
ENSG00000134533,601
ENSG00000134538,1
ENSG00000134539,123
ENSG00000134545,27
ENSG00000134548,47
ENSG00000134551,7
ENSG00000134569,164
ENSG00000134571,3
ENSG00000134574,827
ENSG00000134575,3503
ENSG00000134588,1
ENSG00000134590,2804
ENSG00000134594,43
ENSG00000134595,0
ENSG00000134597,1057
ENSG00000134602,1157
ENSG00000134612,21
ENSG00000134627,28
ENSG00000134640,4
ENSG00000134644,6657
ENSG00000134668,80
ENSG00000134684,4652
ENSG00000134686,8555
ENSG00000134690,4296
ENSG00000134697,6788
ENSG00000134698,1857
ENSG00000134709,2403
ENSG00000134716,1206
ENSG00000134717,4818
ENSG00000134744,2951
ENSG00000134748,5357
ENSG00000134755,4144
ENSG00000134757,167
ENSG00000134758,1733
ENSG00000134759,5207
ENSG00000134760,3
ENSG00000134762,408
ENSG00000134765,10
ENSG00000134769,3942
ENSG00000134775,204
ENSG00000134779,3649
ENSG00000134780,519
ENSG00000134802,2884
ENSG00000134809,2247
ENSG00000134812,0
ENSG00000134815,1527
ENSG00000134817,1142
ENSG00000134824,123410
ENSG00000134825,5564
ENSG00000134827,3
ENSG00000134830,19
ENSG00000134851,4253
ENSG00000134852,3314
ENSG00000134853,878
ENSG00000134864,59
ENSG00000134871,13475
ENSG00000134873,0
ENSG00000134874,200
ENSG00000134882,8797
ENSG00000134884,1604
ENSG00000134897,887
ENSG00000134899,1076
ENSG00000134900,3260
ENSG00000134901,385
ENSG00000134905,2851
ENSG00000134909,4260
ENSG00000134910,11577
ENSG00000134917,36
ENSG00000134940,50
ENSG00000134954,3421
ENSG00000134955,308
ENSG00000134962,152
ENSG00000134970,3315
ENSG00000134982,1805
ENSG00000134986,2861
ENSG00000134987,1893
ENSG00000134996,1872
ENSG00000135002,542
ENSG00000135018,13006
ENSG00000135040,1929
ENSG00000135045,80
ENSG00000135046,3446
ENSG00000135047,4246
ENSG00000135048,2506
ENSG00000135049,1075
ENSG00000135052,8047
ENSG00000135063,123
ENSG00000135069,525
ENSG00000135070,2690
ENSG00000135074,951
ENSG00000135077,493
ENSG00000135083,548
ENSG00000135090,2606
ENSG00000135093,648
ENSG00000135094,280
ENSG00000135097,92
ENSG00000135100,0
ENSG00000135108,4004
ENSG00000135111,1547
ENSG00000135114,457
ENSG00000135116,117
ENSG00000135119,241
ENSG00000135124,1095
ENSG00000135127,2202
ENSG00000135144,1015
ENSG00000135148,3441
ENSG00000135164,2290
ENSG00000135175,0
ENSG00000135185,563
ENSG00000135205,240
ENSG00000135211,1318
ENSG00000135218,4830
ENSG00000135220,0
ENSG00000135222,0
ENSG00000135226,552
ENSG00000135241,2969
ENSG00000135245,1555
ENSG00000135248,3
ENSG00000135249,1406
ENSG00000135250,3421
ENSG00000135253,22
ENSG00000135269,8121
ENSG00000135272,883
ENSG00000135297,835
ENSG00000135298,0
ENSG00000135299,183
ENSG00000135312,0
ENSG00000135314,30
ENSG00000135315,346
ENSG00000135316,11129
ENSG00000135317,5434
ENSG00000135318,344
ENSG00000135324,45
ENSG00000135333,5
ENSG00000135334,1655
ENSG00000135336,1289
ENSG00000135338,283
ENSG00000135341,2388
ENSG00000135346,0
ENSG00000135355,0
ENSG00000135362,195
ENSG00000135363,341
ENSG00000135365,1778
ENSG00000135372,4684
ENSG00000135373,4097
ENSG00000135374,327
ENSG00000135378,1235
ENSG00000135387,13138
ENSG00000135390,12075
ENSG00000135392,1221
ENSG00000135404,20188
ENSG00000135406,14
ENSG00000135407,164
ENSG00000135409,0
ENSG00000135413,50
ENSG00000135414,386
ENSG00000135423,13
ENSG00000135424,803
ENSG00000135426,148
ENSG00000135436,3
ENSG00000135437,93
ENSG00000135439,178
ENSG00000135441,814
ENSG00000135443,0
ENSG00000135446,4405
ENSG00000135447,2137
ENSG00000135451,990
ENSG00000135452,1286
ENSG00000135454,191
ENSG00000135457,2773
ENSG00000135469,73
ENSG00000135472,533
ENSG00000135473,1331
ENSG00000135476,750
ENSG00000135477,119
ENSG00000135480,59129
ENSG00000135482,350
ENSG00000135486,32755
ENSG00000135502,2
ENSG00000135503,3098
ENSG00000135506,14979
ENSG00000135517,4
ENSG00000135519,36
ENSG00000135521,2275
ENSG00000135525,8972
ENSG00000135535,53430
ENSG00000135537,619
ENSG00000135540,2125
ENSG00000135541,1788
ENSG00000135547,54
ENSG00000135549,655
ENSG00000135569,0
ENSG00000135577,4
ENSG00000135587,3988
ENSG00000135596,4646
ENSG00000135597,4535
ENSG00000135604,145
ENSG00000135605,60
ENSG00000135617,605
ENSG00000135622,968
ENSG00000135624,26959
ENSG00000135625,7
ENSG00000135631,2559
ENSG00000135632,4599
ENSG00000135636,1158
ENSG00000135637,257
ENSG00000135638,7
ENSG00000135643,117
ENSG00000135655,1705
ENSG00000135677,10235
ENSG00000135678,1076
ENSG00000135679,3114
ENSG00000135686,2496
ENSG00000135697,8
ENSG00000135698,7099
ENSG00000135702,0
ENSG00000135709,1345
ENSG00000135720,16980
ENSG00000135722,349
ENSG00000135723,8381
ENSG00000135736,1361
ENSG00000135740,348
ENSG00000135744,41
ENSG00000135747,52
ENSG00000135749,654
ENSG00000135750,4948
ENSG00000135763,1861
ENSG00000135766,5045
ENSG00000135773,6
ENSG00000135775,1930
ENSG00000135776,1242
ENSG00000135778,2775
ENSG00000135801,2086
ENSG00000135821,37167
ENSG00000135823,3171
ENSG00000135824,7
ENSG00000135828,476
ENSG00000135829,14733
ENSG00000135835,85
ENSG00000135837,4482
ENSG00000135838,664
ENSG00000135842,1224
ENSG00000135845,1199
ENSG00000135862,7179
ENSG00000135870,1117
ENSG00000135898,26
ENSG00000135899,1057
ENSG00000135900,2423
ENSG00000135902,0
ENSG00000135903,1
ENSG00000135905,542
ENSG00000135912,2047
ENSG00000135913,684
ENSG00000135914,31
ENSG00000135916,10117
ENSG00000135917,853
ENSG00000135919,2934
ENSG00000135924,7221
ENSG00000135925,56
ENSG00000135926,14483
ENSG00000135929,1227
ENSG00000135930,4660
ENSG00000135931,1211
ENSG00000135932,5842
ENSG00000135940,6762
ENSG00000135945,1222
ENSG00000135951,325
ENSG00000135953,1096
ENSG00000135956,8724
ENSG00000135960,5
ENSG00000135966,1903
ENSG00000135968,2902
ENSG00000135972,2007
ENSG00000135973,4
ENSG00000135974,907
ENSG00000135976,104
ENSG00000135999,1869
ENSG00000136002,1037
ENSG00000136003,2293
ENSG00000136010,276
ENSG00000136011,39
ENSG00000136014,14
ENSG00000136021,4063
ENSG00000136026,19269
ENSG00000136040,1065
ENSG00000136044,2234
ENSG00000136045,2549
ENSG00000136048,1708
ENSG00000136051,2659
ENSG00000136052,468
ENSG00000136059,143
ENSG00000136068,18375
ENSG00000136098,205
ENSG00000136099,1
ENSG00000136100,1229
ENSG00000136104,1123
ENSG00000136108,1087
ENSG00000136110,1
ENSG00000136111,4225
ENSG00000136114,112
ENSG00000136122,450
ENSG00000136141,903
ENSG00000136143,1778
ENSG00000136144,1249
ENSG00000136146,2020
ENSG00000136147,856
ENSG00000136149,97
ENSG00000136152,2236
ENSG00000136153,500
ENSG00000136155,19
ENSG00000136156,14148
ENSG00000136158,299
ENSG00000136159,2733
ENSG00000136160,325
ENSG00000136161,367
ENSG00000136167,6242
ENSG00000136169,630
ENSG00000136193,12341
ENSG00000136197,28
ENSG00000136205,2189
ENSG00000136206,6
ENSG00000136213,630
ENSG00000136231,3
ENSG00000136235,9668
ENSG00000136237,1619
ENSG00000136238,19886
ENSG00000136240,24354
ENSG00000136243,575
ENSG00000136244,200
ENSG00000136247,2999
ENSG00000136250,373
ENSG00000136261,6663
ENSG00000136267,2
ENSG00000136270,4085
ENSG00000136271,3455
ENSG00000136273,366
ENSG00000136274,288
ENSG00000136275,0
ENSG00000136279,4687
ENSG00000136280,3305
ENSG00000136286,322
ENSG00000136295,9999
ENSG00000136297,1
ENSG00000136305,32
ENSG00000136315,3
ENSG00000136319,2787
ENSG00000136327,17
ENSG00000136352,0
ENSG00000136367,412
ENSG00000136371,180
ENSG00000136378,351
ENSG00000136379,1315
ENSG00000136381,2791
ENSG00000136383,660
ENSG00000136404,68
ENSG00000136425,677
ENSG00000136436,2659
ENSG00000136444,1901
ENSG00000136448,3688
ENSG00000136449,59
ENSG00000136450,18578
ENSG00000136451,7167
ENSG00000136457,64
ENSG00000136463,5959
ENSG00000136478,34283
ENSG00000136485,45598
ENSG00000136487,23
ENSG00000136488,3
ENSG00000136490,20898
ENSG00000136492,348
ENSG00000136504,3868
ENSG00000136514,120
ENSG00000136518,16052
ENSG00000136521,11915
ENSG00000136522,6826
ENSG00000136527,6902
ENSG00000136531,19
ENSG00000136535,0
ENSG00000136536,5753
ENSG00000136541,18
ENSG00000136542,52
ENSG00000136546,22
ENSG00000136560,1857
ENSG00000136573,64
ENSG00000136574,0
ENSG00000136603,2916
ENSG00000136628,9733
ENSG00000136630,229
ENSG00000136631,2791
ENSG00000136634,34
ENSG00000136636,4871
ENSG00000136643,1341
ENSG00000136682,559
ENSG00000136688,0
ENSG00000136689,163
ENSG00000136694,0
ENSG00000136695,0
ENSG00000136696,0
ENSG00000136697,0
ENSG00000136698,0
ENSG00000136699,8936
ENSG00000136709,5188
ENSG00000136710,4525
ENSG00000136715,3769
ENSG00000136717,1382
ENSG00000136718,5209
ENSG00000136720,3435
ENSG00000136731,8587
ENSG00000136732,695
ENSG00000136738,1149
ENSG00000136750,0
ENSG00000136754,6229
ENSG00000136758,25575
ENSG00000136770,3569
ENSG00000136783,958
ENSG00000136802,7608
ENSG00000136807,5323
ENSG00000136810,11966
ENSG00000136811,11204
ENSG00000136813,7757
ENSG00000136816,4081
ENSG00000136819,8860
ENSG00000136824,1861
ENSG00000136826,1318
ENSG00000136827,5239
ENSG00000136828,2051
ENSG00000136830,31135
ENSG00000136834,5
ENSG00000136839,0
ENSG00000136840,727
ENSG00000136842,65
ENSG00000136848,6739
ENSG00000136854,5173
ENSG00000136856,2071
ENSG00000136859,2097
ENSG00000136861,7957
ENSG00000136866,77
ENSG00000136867,49
ENSG00000136868,5500
ENSG00000136869,520
ENSG00000136870,888
ENSG00000136872,12
ENSG00000136874,870
ENSG00000136875,2837
ENSG00000136877,6375
ENSG00000136878,2609
ENSG00000136881,0
ENSG00000136883,84
ENSG00000136888,7366
ENSG00000136891,1225
ENSG00000136895,1011
ENSG00000136897,1205
ENSG00000136908,8503
ENSG00000136918,12
ENSG00000136925,492
ENSG00000136928,10
ENSG00000136929,0
ENSG00000136930,15696
ENSG00000136931,2
ENSG00000136932,377
ENSG00000136933,2132
ENSG00000136935,5179
ENSG00000136936,427
ENSG00000136937,3835
ENSG00000136938,11381
ENSG00000136939,0
ENSG00000136940,3282
ENSG00000136942,41942
ENSG00000136943,1134
ENSG00000136944,6068
ENSG00000136950,5962
ENSG00000136960,1632
ENSG00000136982,559
ENSG00000136986,6706
ENSG00000136997,2139
ENSG00000136999,149
ENSG00000137033,497
ENSG00000137038,1895
ENSG00000137040,1121
ENSG00000137054,1873
ENSG00000137055,2146
ENSG00000137070,286
ENSG00000137073,3126
ENSG00000137074,1795
ENSG00000137075,3960
ENSG00000137076,19120
ENSG00000137077,866
ENSG00000137078,135
ENSG00000137080,0
ENSG00000137090,2
ENSG00000137094,812
ENSG00000137098,23
ENSG00000137100,2881
ENSG00000137101,170
ENSG00000137103,1260
ENSG00000137106,5721
ENSG00000137124,2827
ENSG00000137133,2358
ENSG00000137135,933
ENSG00000137142,83
ENSG00000137145,3093
ENSG00000137154,126148
ENSG00000137161,5590
ENSG00000137166,10129
ENSG00000137168,2417
ENSG00000137171,1050
ENSG00000137177,4293
ENSG00000137185,638
ENSG00000137193,1552
ENSG00000137198,131
ENSG00000137200,2534
ENSG00000137203,5494
ENSG00000137204,0
ENSG00000137207,5500
ENSG00000137210,2106
ENSG00000137216,2592
ENSG00000137218,92
ENSG00000137221,1076
ENSG00000137225,19
ENSG00000137251,0
ENSG00000137252,1
ENSG00000137261,17
ENSG00000137265,531
ENSG00000137266,2874
ENSG00000137267,1854
ENSG00000137269,3077
ENSG00000137270,1
ENSG00000137273,96
ENSG00000137274,1375
ENSG00000137275,2549
ENSG00000137285,125
ENSG00000137288,2133
ENSG00000137309,18748
ENSG00000137310,1372
ENSG00000137312,8913
ENSG00000137331,4442
ENSG00000137337,2624
ENSG00000137338,121
ENSG00000137343,660
ENSG00000137364,2270
ENSG00000137392,1
ENSG00000137393,1929
ENSG00000137404,678
ENSG00000137409,11254
ENSG00000137411,2266
ENSG00000137413,1074
ENSG00000137414,1392
ENSG00000137434,63
ENSG00000137440,27
ENSG00000137441,75
ENSG00000137449,624
ENSG00000137460,1265
ENSG00000137462,654
ENSG00000137463,7
ENSG00000137473,2
ENSG00000137474,243
ENSG00000137478,1178
ENSG00000137486,1130
ENSG00000137491,974
ENSG00000137492,2006
ENSG00000137494,906
ENSG00000137496,633
ENSG00000137497,14091
ENSG00000137500,1559
ENSG00000137501,8229
ENSG00000137502,794
ENSG00000137504,1954
ENSG00000137507,1594
ENSG00000137509,5523
ENSG00000137513,1021
ENSG00000137522,1131
ENSG00000137547,997
ENSG00000137558,248
ENSG00000137561,7
ENSG00000137563,861
ENSG00000137571,50
ENSG00000137573,4742
ENSG00000137574,685
ENSG00000137575,3838
ENSG00000137601,883
ENSG00000137628,631
ENSG00000137634,1
ENSG00000137642,7842
ENSG00000137648,222
ENSG00000137656,1260
ENSG00000137672,69
ENSG00000137673,1078
ENSG00000137674,2
ENSG00000137675,3
ENSG00000137691,86
ENSG00000137692,1543
ENSG00000137693,3971
ENSG00000137699,2522
ENSG00000137700,934
ENSG00000137707,1
ENSG00000137709,716
ENSG00000137710,3705
ENSG00000137713,2696
ENSG00000137714,863
ENSG00000137720,1015
ENSG00000137726,325
ENSG00000137727,74
ENSG00000137731,10
ENSG00000137745,316
ENSG00000137747,3203
ENSG00000137752,637
ENSG00000137757,8
ENSG00000137760,435
ENSG00000137764,609
ENSG00000137766,2
ENSG00000137767,3275
ENSG00000137770,2254
ENSG00000137776,6640
ENSG00000137801,12909
ENSG00000137802,1181
ENSG00000137804,3422
ENSG00000137806,707
ENSG00000137807,3378
ENSG00000137808,0
ENSG00000137809,770
ENSG00000137812,917
ENSG00000137814,1711
ENSG00000137815,6867
ENSG00000137817,1260
ENSG00000137818,67131
ENSG00000137819,222
ENSG00000137821,80
ENSG00000137822,1230
ENSG00000137824,2435
ENSG00000137825,28
ENSG00000137831,2113
ENSG00000137834,873
ENSG00000137841,367
ENSG00000137842,4715
ENSG00000137843,12
ENSG00000137845,7765
ENSG00000137857,663
ENSG00000137860,43
ENSG00000137868,477
ENSG00000137869,8
ENSG00000137871,1585
ENSG00000137872,106
ENSG00000137875,105
ENSG00000137876,3701
ENSG00000137877,117
ENSG00000137878,2
ENSG00000137880,131
ENSG00000137936,841
ENSG00000137941,429
ENSG00000137942,12198
ENSG00000137944,741
ENSG00000137947,615
ENSG00000137948,0
ENSG00000137955,2444
ENSG00000137959,816
ENSG00000137960,82
ENSG00000137962,3760
ENSG00000137965,395
ENSG00000137968,225
ENSG00000137970,73
ENSG00000137975,1074
ENSG00000137976,32
ENSG00000137992,1117
ENSG00000137996,1448
ENSG00000138002,806
ENSG00000138018,2452
ENSG00000138028,154
ENSG00000138029,5353
ENSG00000138030,121
ENSG00000138031,1118
ENSG00000138032,2025
ENSG00000138035,1551
ENSG00000138036,1053
ENSG00000138039,1
ENSG00000138050,263
ENSG00000138061,2009
ENSG00000138068,0
ENSG00000138069,12571
ENSG00000138071,22638
ENSG00000138073,3825
ENSG00000138074,12007
ENSG00000138075,22
ENSG00000138078,2267
ENSG00000138079,4
ENSG00000138080,2392
ENSG00000138081,1670
ENSG00000138083,50
ENSG00000138085,5279
ENSG00000138092,559
ENSG00000138095,6632
ENSG00000138100,6
ENSG00000138101,1817
ENSG00000138107,10784
ENSG00000138109,0
ENSG00000138111,192
ENSG00000138115,63
ENSG00000138119,3308
ENSG00000138131,81
ENSG00000138134,140
ENSG00000138135,142
ENSG00000138136,0
ENSG00000138138,1949
ENSG00000138152,4
ENSG00000138160,3573
ENSG00000138161,25
ENSG00000138162,2678
ENSG00000138166,3890
ENSG00000138172,565
ENSG00000138175,1661
ENSG00000138180,3090
ENSG00000138182,1301
ENSG00000138185,1826
ENSG00000138190,1003
ENSG00000138193,578
ENSG00000138207,676
ENSG00000138231,564
ENSG00000138246,4432
ENSG00000138271,38
ENSG00000138279,7738
ENSG00000138286,1075
ENSG00000138303,1866
ENSG00000138308,0
ENSG00000138311,44
ENSG00000138315,2
ENSG00000138316,86
ENSG00000138326,48910
ENSG00000138336,152
ENSG00000138346,514
ENSG00000138347,24
ENSG00000138356,100
ENSG00000138363,12553
ENSG00000138375,2368
ENSG00000138376,1423
ENSG00000138378,295
ENSG00000138379,5
ENSG00000138380,150
ENSG00000138381,2136
ENSG00000138382,2090
ENSG00000138385,8304
ENSG00000138386,1959
ENSG00000138395,31
ENSG00000138398,5559
ENSG00000138399,720
ENSG00000138400,91
ENSG00000138411,451
ENSG00000138413,16146
ENSG00000138430,8281
ENSG00000138433,2028
ENSG00000138434,4830
ENSG00000138435,14
ENSG00000138439,3126
ENSG00000138442,1743
ENSG00000138443,4587
ENSG00000138448,3263
ENSG00000138449,4502
ENSG00000138459,1694
ENSG00000138463,1562
ENSG00000138468,628
ENSG00000138472,1
ENSG00000138483,0
ENSG00000138495,1982
ENSG00000138496,4553
ENSG00000138587,311
ENSG00000138592,2507
ENSG00000138593,1764
ENSG00000138594,4302
ENSG00000138600,3303
ENSG00000138604,1805
ENSG00000138606,154
ENSG00000138613,498
ENSG00000138614,3252
ENSG00000138615,7051
ENSG00000138617,658
ENSG00000138621,309
ENSG00000138622,112
ENSG00000138623,435
ENSG00000138629,1574
ENSG00000138639,322
ENSG00000138640,752
ENSG00000138641,955
ENSG00000138642,320
ENSG00000138646,190
ENSG00000138650,2
ENSG00000138653,0
ENSG00000138658,440
ENSG00000138660,1240
ENSG00000138663,1006
ENSG00000138668,7594
ENSG00000138669,77
ENSG00000138670,1422
ENSG00000138674,5600
ENSG00000138675,0
ENSG00000138678,121
ENSG00000138684,11
ENSG00000138685,263
ENSG00000138686,793
ENSG00000138688,3992
ENSG00000138696,19
ENSG00000138698,2853
ENSG00000138709,3421
ENSG00000138722,305
ENSG00000138735,513
ENSG00000138738,47
ENSG00000138741,1
ENSG00000138744,4121
ENSG00000138750,4564
ENSG00000138755,12627
ENSG00000138756,908
ENSG00000138757,26037
ENSG00000138758,7806
ENSG00000138759,888
ENSG00000138760,77569
ENSG00000138764,6698
ENSG00000138767,3960
ENSG00000138768,13551
ENSG00000138769,173
ENSG00000138771,10196
ENSG00000138772,2861
ENSG00000138777,2161
ENSG00000138778,3084
ENSG00000138780,665
ENSG00000138785,727
ENSG00000138792,230
ENSG00000138794,2311
ENSG00000138795,430
ENSG00000138796,4215
ENSG00000138798,427
ENSG00000138801,8409
ENSG00000138802,3549
ENSG00000138813,0
ENSG00000138814,1497
ENSG00000138821,347
ENSG00000138823,0
ENSG00000138829,73
ENSG00000138834,507
ENSG00000138835,2692
ENSG00000138867,9612
ENSG00000138892,1
ENSG00000138942,1637
ENSG00000138944,54
ENSG00000138964,415
ENSG00000139044,1395
ENSG00000139053,0
ENSG00000139055,2299
ENSG00000139083,4368
ENSG00000139112,2146
ENSG00000139116,1608
ENSG00000139117,161
ENSG00000139131,848
ENSG00000139132,838
ENSG00000139133,225
ENSG00000139144,362
ENSG00000139146,5484
ENSG00000139151,4
ENSG00000139154,1602
ENSG00000139155,5
ENSG00000139160,116
ENSG00000139163,2207
ENSG00000139168,3562
ENSG00000139173,58
ENSG00000139174,361
ENSG00000139178,2145
ENSG00000139180,3075
ENSG00000139182,6651
ENSG00000139187,63
ENSG00000139190,694
ENSG00000139192,682
ENSG00000139193,388
ENSG00000139194,222
ENSG00000139197,2521
ENSG00000139200,14
ENSG00000139209,3
ENSG00000139211,1455
ENSG00000139218,4666
ENSG00000139219,20
ENSG00000139220,27
ENSG00000139223,0
ENSG00000139233,1325
ENSG00000139239,143
ENSG00000139263,2089
ENSG00000139266,731
ENSG00000139269,1
ENSG00000139278,505
ENSG00000139287,1
ENSG00000139289,1113
ENSG00000139291,865
ENSG00000139292,24
ENSG00000139304,9
ENSG00000139318,3776
ENSG00000139323,795
ENSG00000139324,1789
ENSG00000139329,7627
ENSG00000139330,13
ENSG00000139343,3258
ENSG00000139344,46
ENSG00000139350,1462
ENSG00000139351,7
ENSG00000139352,4
ENSG00000139354,242
ENSG00000139364,6
ENSG00000139370,2078
ENSG00000139372,2293
ENSG00000139405,1153
ENSG00000139410,758
ENSG00000139428,1312
ENSG00000139433,2401
ENSG00000139436,841
ENSG00000139437,885
ENSG00000139438,492
ENSG00000139445,18
ENSG00000139496,2758
ENSG00000139505,488
ENSG00000139508,644
ENSG00000139514,5783
ENSG00000139515,0
ENSG00000139517,3078
ENSG00000139531,1032
ENSG00000139537,215
ENSG00000139540,9
ENSG00000139546,1153
ENSG00000139547,15
ENSG00000139549,11
ENSG00000139567,833
ENSG00000139572,47
ENSG00000139574,0
ENSG00000139579,1842
ENSG00000139597,245
ENSG00000139610,0
ENSG00000139613,2907
ENSG00000139618,1160
ENSG00000139620,1452
ENSG00000139624,2005
ENSG00000139625,197
ENSG00000139626,140
ENSG00000139629,2294
ENSG00000139631,241
ENSG00000139636,1267
ENSG00000139637,2013
ENSG00000139641,7828
ENSG00000139644,41915
ENSG00000139645,3206
ENSG00000139648,1
ENSG00000139651,875
ENSG00000139656,6
ENSG00000139668,1410
ENSG00000139675,68
ENSG00000139679,460
ENSG00000139684,2429
ENSG00000139687,3083
ENSG00000139697,4587
ENSG00000139714,139
ENSG00000139718,1582
ENSG00000139719,1184
ENSG00000139722,3731
ENSG00000139725,92
ENSG00000139726,3730
ENSG00000139734,1390
ENSG00000139737,56
ENSG00000139746,3513
ENSG00000139767,0
ENSG00000139780,1
ENSG00000139793,4299
ENSG00000139797,0
ENSG00000139800,1
ENSG00000139826,856
ENSG00000139832,2350
ENSG00000139835,1707
ENSG00000139842,9434
ENSG00000139865,481
ENSG00000139874,18
ENSG00000139880,886
ENSG00000139890,86
ENSG00000139899,195
ENSG00000139908,82
ENSG00000139910,94
ENSG00000139914,60
ENSG00000139915,11
ENSG00000139921,2997
ENSG00000139926,1725
ENSG00000139946,952
ENSG00000139970,1366
ENSG00000139971,104
ENSG00000139973,8
ENSG00000139974,697
ENSG00000139977,2270
ENSG00000139985,1
ENSG00000139988,3
ENSG00000139990,4486
ENSG00000139998,4693
ENSG00000140006,1007
ENSG00000140009,72
ENSG00000140015,1
ENSG00000140022,1030
ENSG00000140025,685
ENSG00000140030,145
ENSG00000140043,641
ENSG00000140044,1507
ENSG00000140057,987
ENSG00000140067,5
ENSG00000140090,15
ENSG00000140092,2567
ENSG00000140093,1
ENSG00000140104,1521
ENSG00000140105,11724
ENSG00000140107,2
ENSG00000140153,2092
ENSG00000140157,1846
ENSG00000140199,1039
ENSG00000140254,119
ENSG00000140259,3591
ENSG00000140262,4227
ENSG00000140263,2514
ENSG00000140264,31858
ENSG00000140265,1405
ENSG00000140274,1
ENSG00000140279,54
ENSG00000140280,339
ENSG00000140284,70
ENSG00000140285,311
ENSG00000140287,5
ENSG00000140297,4
ENSG00000140299,3048
ENSG00000140307,2301
ENSG00000140319,9564
ENSG00000140320,1525
ENSG00000140323,29
ENSG00000140326,1261
ENSG00000140332,5862
ENSG00000140350,11412
ENSG00000140365,2356
ENSG00000140367,2616
ENSG00000140368,208
ENSG00000140374,13251
ENSG00000140379,161
ENSG00000140382,1151
ENSG00000140386,475
ENSG00000140391,2440
ENSG00000140395,2018
ENSG00000140396,1327
ENSG00000140398,248
ENSG00000140400,1011
ENSG00000140403,6684
ENSG00000140406,2316
ENSG00000140416,19595
ENSG00000140443,3448
ENSG00000140450,1156
ENSG00000140451,249
ENSG00000140455,2516
ENSG00000140459,19
ENSG00000140463,1291
ENSG00000140464,2152
ENSG00000140465,0
ENSG00000140470,273
ENSG00000140471,837
ENSG00000140474,2231
ENSG00000140478,0
ENSG00000140479,316
ENSG00000140481,1
ENSG00000140488,0
ENSG00000140497,5264
ENSG00000140505,1
ENSG00000140506,1
ENSG00000140511,493
ENSG00000140519,112
ENSG00000140521,1829
ENSG00000140522,0
ENSG00000140525,6576
ENSG00000140526,4185
ENSG00000140527,253
ENSG00000140534,1062
ENSG00000140538,249
ENSG00000140543,537
ENSG00000140545,3305
ENSG00000140548,3194
ENSG00000140553,15343
ENSG00000140557,32
ENSG00000140563,82
ENSG00000140564,1676
ENSG00000140575,25649
ENSG00000140577,3018
ENSG00000140598,2311
ENSG00000140600,16
ENSG00000140612,8796
ENSG00000140623,28
ENSG00000140632,5818
ENSG00000140650,814
ENSG00000140675,36
ENSG00000140678,799
ENSG00000140682,780
ENSG00000140688,4564
ENSG00000140691,778
ENSG00000140694,3479
ENSG00000140718,3659
ENSG00000140740,5448
ENSG00000140743,3505
ENSG00000140749,697
ENSG00000140750,2497
ENSG00000140795,5
ENSG00000140798,181
ENSG00000140807,335
ENSG00000140829,4327
ENSG00000140830,668
ENSG00000140832,3468
ENSG00000140835,2
ENSG00000140836,3183
ENSG00000140839,24
ENSG00000140848,4643
ENSG00000140853,1886
ENSG00000140854,3879
ENSG00000140859,569
ENSG00000140873,57
ENSG00000140876,215
ENSG00000140905,346
ENSG00000140931,10318
ENSG00000140932,24
ENSG00000140937,4473
ENSG00000140939,4263
ENSG00000140941,7050
ENSG00000140943,12727
ENSG00000140945,971
ENSG00000140948,2434
ENSG00000140950,5418
ENSG00000140955,3
ENSG00000140961,1156
ENSG00000140968,797
ENSG00000140983,3260
ENSG00000140986,24
ENSG00000140987,94
ENSG00000140988,43850
ENSG00000140990,3834
ENSG00000140992,1728
ENSG00000140993,208
ENSG00000140995,2787
ENSG00000141002,7558
ENSG00000141012,5618
ENSG00000141013,2944
ENSG00000141026,1954
ENSG00000141027,15179
ENSG00000141028,3
ENSG00000141030,5740
ENSG00000141034,770
ENSG00000141040,616
ENSG00000141052,22
ENSG00000141068,360
ENSG00000141076,6684
ENSG00000141084,4173
ENSG00000141086,7
ENSG00000141096,1
ENSG00000141098,6277
ENSG00000141101,4624
ENSG00000141127,3121
ENSG00000141161,3
ENSG00000141179,2932
ENSG00000141194,0
ENSG00000141198,8602
ENSG00000141200,0
ENSG00000141219,2584
ENSG00000141232,6166
ENSG00000141252,1975
ENSG00000141255,0
ENSG00000141258,2993
ENSG00000141279,2626
ENSG00000141293,199
ENSG00000141294,163
ENSG00000141295,562
ENSG00000141298,5184
ENSG00000141314,310
ENSG00000141316,0
ENSG00000141337,1178
ENSG00000141338,374
ENSG00000141349,1215
ENSG00000141367,251679
ENSG00000141371,4
ENSG00000141376,792
ENSG00000141378,5435
ENSG00000141380,4599
ENSG00000141384,179
ENSG00000141385,6679
ENSG00000141391,127
ENSG00000141401,4134
ENSG00000141404,274
ENSG00000141424,14294
ENSG00000141425,2992
ENSG00000141428,814
ENSG00000141429,9884
ENSG00000141431,22
ENSG00000141433,1
ENSG00000141434,3
ENSG00000141437,0
ENSG00000141441,1208
ENSG00000141446,1746
ENSG00000141447,1830
ENSG00000141448,458
ENSG00000141449,558
ENSG00000141452,1253
ENSG00000141456,4713
ENSG00000141458,4055
ENSG00000141469,57
ENSG00000141480,2137
ENSG00000141485,8
ENSG00000141497,72
ENSG00000141499,1202
ENSG00000141503,3661
ENSG00000141504,1239
ENSG00000141505,36
ENSG00000141506,295
ENSG00000141510,6229
ENSG00000141519,786
ENSG00000141522,11708
ENSG00000141524,1614
ENSG00000141526,2208
ENSG00000141527,576
ENSG00000141540,175
ENSG00000141542,430
ENSG00000141543,5095
ENSG00000141551,9701
ENSG00000141552,3667
ENSG00000141556,5602
ENSG00000141560,2674
ENSG00000141562,3828
ENSG00000141564,2559
ENSG00000141568,4276
ENSG00000141569,1391
ENSG00000141570,1115
ENSG00000141574,5765
ENSG00000141576,100
ENSG00000141577,1175
ENSG00000141579,476
ENSG00000141580,5082
ENSG00000141582,3150
ENSG00000141622,138
ENSG00000141627,2566
ENSG00000141639,494
ENSG00000141642,96
ENSG00000141644,2365
ENSG00000141646,2778
ENSG00000141655,311
ENSG00000141664,1876
ENSG00000141665,68
ENSG00000141668,0
ENSG00000141682,62
ENSG00000141696,455
ENSG00000141698,575
ENSG00000141699,2911
ENSG00000141736,490395
ENSG00000141738,53227
ENSG00000141741,23724
ENSG00000141744,1719
ENSG00000141748,1
ENSG00000141750,705
ENSG00000141753,10943
ENSG00000141756,1673
ENSG00000141759,2337
ENSG00000141837,137
ENSG00000141854,647
ENSG00000141858,4791
ENSG00000141867,5985
ENSG00000141873,1563
ENSG00000141905,10845
ENSG00000141933,36
ENSG00000141934,5884
ENSG00000141946,0
ENSG00000141956,705
ENSG00000141959,17737
ENSG00000141965,75
ENSG00000141968,439
ENSG00000141971,1748
ENSG00000141977,7
ENSG00000141979,0
ENSG00000141985,8664
ENSG00000141994,888
ENSG00000142002,3850
ENSG00000142025,23
ENSG00000142039,4217
ENSG00000142046,128
ENSG00000142065,524
ENSG00000142082,1628
ENSG00000142089,6096
ENSG00000142102,1400
ENSG00000142149,699
ENSG00000142156,14106
ENSG00000142163,0
ENSG00000142166,6068
ENSG00000142168,15218
ENSG00000142173,17501
ENSG00000142178,2
ENSG00000142182,0
ENSG00000142185,1169
ENSG00000142186,8138
ENSG00000142188,2807
ENSG00000142192,82188
ENSG00000142197,6032
ENSG00000142207,3685
ENSG00000142208,40116
ENSG00000142224,0
ENSG00000142227,823
ENSG00000142230,8485
ENSG00000142233,36
ENSG00000142235,516
ENSG00000142252,872
ENSG00000142273,14
ENSG00000142279,430
ENSG00000142303,107
ENSG00000142319,15
ENSG00000142327,8663
ENSG00000142330,804
ENSG00000142347,725
ENSG00000142396,635
ENSG00000142405,49
ENSG00000142408,10
ENSG00000142409,1635
ENSG00000142444,707
ENSG00000142449,35
ENSG00000142453,3944
ENSG00000142459,1165
ENSG00000142484,0
ENSG00000142494,81
ENSG00000142507,7594
ENSG00000142511,0
ENSG00000142512,238
ENSG00000142513,3
ENSG00000142515,1
ENSG00000142528,831
ENSG00000142530,134
ENSG00000142534,55977
ENSG00000142538,0
ENSG00000142539,0
ENSG00000142541,80465
ENSG00000142544,91
ENSG00000142546,1814
ENSG00000142549,5
ENSG00000142552,1042
ENSG00000142556,623
ENSG00000142583,214
ENSG00000142599,5583
ENSG00000142606,274
ENSG00000142609,5
ENSG00000142611,349
ENSG00000142615,0
ENSG00000142619,933
ENSG00000142621,233
ENSG00000142623,5
ENSG00000142627,1840
ENSG00000142632,1147
ENSG00000142634,7856
ENSG00000142655,1285
ENSG00000142657,25032
ENSG00000142661,49
ENSG00000142669,14280
ENSG00000142675,1019
ENSG00000142676,62904
ENSG00000142677,9
ENSG00000142684,323
ENSG00000142686,975
ENSG00000142687,8625
ENSG00000142694,312
ENSG00000142698,11
ENSG00000142700,2
ENSG00000142731,2931
ENSG00000142733,2535
ENSG00000142748,66
ENSG00000142751,2191
ENSG00000142765,1337
ENSG00000142784,6109
ENSG00000142789,0
ENSG00000142794,1226
ENSG00000142798,7012
ENSG00000142856,572
ENSG00000142864,14930
ENSG00000142867,576
ENSG00000142871,6018
ENSG00000142875,1814
ENSG00000142892,1656
ENSG00000142910,4273
ENSG00000142920,217
ENSG00000142937,99648
ENSG00000142945,4910
ENSG00000142949,84611
ENSG00000142959,40
ENSG00000142961,681
ENSG00000142973,335
ENSG00000143001,113
ENSG00000143006,0
ENSG00000143013,8712
ENSG00000143028,11
ENSG00000143032,0
ENSG00000143033,2512
ENSG00000143036,169
ENSG00000143061,3676
ENSG00000143067,444
ENSG00000143079,1162
ENSG00000143093,957
ENSG00000143105,0
ENSG00000143106,8611
ENSG00000143107,2
ENSG00000143110,478
ENSG00000143119,1662
ENSG00000143125,17
ENSG00000143126,8045
ENSG00000143127,78
ENSG00000143147,211
ENSG00000143149,5227
ENSG00000143153,4144
ENSG00000143155,1934
ENSG00000143156,406
ENSG00000143157,3463
ENSG00000143158,2348
ENSG00000143162,5268
ENSG00000143164,3401
ENSG00000143167,9
ENSG00000143171,8
ENSG00000143178,107
ENSG00000143179,1840
ENSG00000143183,3796
ENSG00000143184,37
ENSG00000143185,21
ENSG00000143190,1913
ENSG00000143194,155
ENSG00000143195,11
ENSG00000143196,1350
ENSG00000143198,3845
ENSG00000143199,19
ENSG00000143207,3093
ENSG00000143217,2861
ENSG00000143222,5465
ENSG00000143224,447
ENSG00000143226,647
ENSG00000143228,885
ENSG00000143248,1265
ENSG00000143252,4276
ENSG00000143256,1998
ENSG00000143257,6
ENSG00000143258,1008
ENSG00000143278,0
ENSG00000143294,3237
ENSG00000143297,285
ENSG00000143303,1615
ENSG00000143314,2400
ENSG00000143315,2520
ENSG00000143318,9
ENSG00000143319,2273
ENSG00000143320,3515
ENSG00000143321,15948
ENSG00000143322,1476
ENSG00000143324,2612
ENSG00000143333,2010
ENSG00000143337,3330
ENSG00000143340,1
ENSG00000143341,529
ENSG00000143344,1381
ENSG00000143353,1416
ENSG00000143355,0
ENSG00000143363,3075
ENSG00000143365,810
ENSG00000143367,2336
ENSG00000143368,4997
ENSG00000143369,705
ENSG00000143373,3886
ENSG00000143374,2696
ENSG00000143375,635
ENSG00000143376,4846
ENSG00000143379,3041
ENSG00000143382,413
ENSG00000143384,16668
ENSG00000143387,3919
ENSG00000143390,2037
ENSG00000143393,5151
ENSG00000143398,4917
ENSG00000143401,2280
ENSG00000143409,801
ENSG00000143412,162
ENSG00000143416,5154
ENSG00000143418,11767
ENSG00000143420,9022
ENSG00000143429,30
ENSG00000143434,313
ENSG00000143436,3311
ENSG00000143437,2726
ENSG00000143442,4390
ENSG00000143443,976
ENSG00000143450,101
ENSG00000143452,74
ENSG00000143457,1261
ENSG00000143458,946
ENSG00000143469,0
ENSG00000143473,0
ENSG00000143476,1379
ENSG00000143479,115
ENSG00000143486,2420
ENSG00000143493,1618
ENSG00000143494,469
ENSG00000143498,495
ENSG00000143499,3022
ENSG00000143502,247
ENSG00000143507,5975
ENSG00000143512,446
ENSG00000143514,3321
ENSG00000143515,1893
ENSG00000143520,0
ENSG00000143536,0
ENSG00000143537,31595
ENSG00000143543,7800
ENSG00000143545,3785
ENSG00000143546,5878
ENSG00000143549,36429
ENSG00000143552,28
ENSG00000143553,2824
ENSG00000143554,2049
ENSG00000143556,1415
ENSG00000143569,5044
ENSG00000143570,15488
ENSG00000143575,5266
ENSG00000143578,8406
ENSG00000143590,3764
ENSG00000143595,0
ENSG00000143603,129
ENSG00000143612,13290
ENSG00000143614,2811
ENSG00000143621,20605
ENSG00000143622,1694
ENSG00000143624,4446
ENSG00000143627,1
ENSG00000143630,83
ENSG00000143631,5
ENSG00000143632,202
ENSG00000143633,1195
ENSG00000143641,6595
ENSG00000143643,771
ENSG00000143653,4015
ENSG00000143669,1358
ENSG00000143674,143
ENSG00000143702,1887
ENSG00000143727,9264
ENSG00000143740,3220
ENSG00000143742,21658
ENSG00000143748,10251
ENSG00000143751,1695
ENSG00000143753,24941
ENSG00000143756,5373
ENSG00000143761,50276
ENSG00000143768,10
ENSG00000143771,4260
ENSG00000143772,2768
ENSG00000143774,11965
ENSG00000143776,5985
ENSG00000143786,84
ENSG00000143793,1944
ENSG00000143797,10079
ENSG00000143799,32483
ENSG00000143801,1555
ENSG00000143811,5727
ENSG00000143815,4090
ENSG00000143816,593
ENSG00000143819,17795
ENSG00000143839,27
ENSG00000143842,2432
ENSG00000143845,1573
ENSG00000143847,33
ENSG00000143850,3687
ENSG00000143851,563
ENSG00000143858,42
ENSG00000143862,2725
ENSG00000143867,64
ENSG00000143869,11
ENSG00000143870,22812
ENSG00000143878,19665
ENSG00000143882,119
ENSG00000143889,2317
ENSG00000143891,418
ENSG00000143919,190
ENSG00000143921,5
ENSG00000143924,4380
ENSG00000143933,23386
ENSG00000143942,144
ENSG00000143947,19725
ENSG00000143951,194
ENSG00000143952,2539
ENSG00000143954,0
ENSG00000143970,1777
ENSG00000143971,1245
ENSG00000143977,4421
ENSG00000143994,29
ENSG00000143995,768
ENSG00000144010,0
ENSG00000144015,0
ENSG00000144021,4963
ENSG00000144026,866
ENSG00000144028,25157
ENSG00000144029,4751
ENSG00000144031,59
ENSG00000144034,1796
ENSG00000144035,5
ENSG00000144036,2851
ENSG00000144040,1666
ENSG00000144043,8081
ENSG00000144045,37
ENSG00000144048,1285
ENSG00000144057,61
ENSG00000144061,332
ENSG00000144063,185
ENSG00000144115,4849
ENSG00000144118,7274
ENSG00000144119,0
ENSG00000144120,836
ENSG00000144130,7
ENSG00000144134,650
ENSG00000144136,6307
ENSG00000144152,248
ENSG00000144158,5
ENSG00000144161,643
ENSG00000144182,242
ENSG00000144188,0
ENSG00000144191,1
ENSG00000144199,583
ENSG00000144214,89
ENSG00000144218,162
ENSG00000144224,11127
ENSG00000144227,1
ENSG00000144228,3318
ENSG00000144229,69
ENSG00000144230,2
ENSG00000144231,3576
ENSG00000144233,2113
ENSG00000144278,8
ENSG00000144283,6558
ENSG00000144285,0
ENSG00000144290,3
ENSG00000144306,975
ENSG00000144320,2853
ENSG00000144331,27
ENSG00000144339,0
ENSG00000144354,514
ENSG00000144355,45
ENSG00000144357,3627
ENSG00000144362,177
ENSG00000144366,1111
ENSG00000144369,120
ENSG00000144381,32833
ENSG00000144395,180
ENSG00000144401,1006
ENSG00000144406,1
ENSG00000144407,86
ENSG00000144410,8
ENSG00000144426,546
ENSG00000144445,863
ENSG00000144451,100
ENSG00000144452,11339
ENSG00000144455,2692
ENSG00000144460,3
ENSG00000144468,1846
ENSG00000144476,950
ENSG00000144481,0
ENSG00000144485,2507
ENSG00000144488,7
ENSG00000144504,838
ENSG00000144524,2370
ENSG00000144535,1749
ENSG00000144550,4
ENSG00000144554,2598
ENSG00000144559,348
ENSG00000144560,2310
ENSG00000144566,2641
ENSG00000144567,7333
ENSG00000144579,6984
ENSG00000144580,5835
ENSG00000144583,2
ENSG00000144589,2105
ENSG00000144591,4986
ENSG00000144596,21
ENSG00000144597,2541
ENSG00000144619,48
ENSG00000144635,3245
ENSG00000144642,336
ENSG00000144644,2
ENSG00000144645,4655
ENSG00000144647,1281
ENSG00000144648,3084
ENSG00000144649,91
ENSG00000144655,1446
ENSG00000144659,1504
ENSG00000144668,503
ENSG00000144671,3
ENSG00000144674,8379
ENSG00000144677,2386
ENSG00000144681,29
ENSG00000144711,2134
ENSG00000144712,337
ENSG00000144713,34165
ENSG00000144724,1213
ENSG00000144730,634
ENSG00000144736,2526
ENSG00000144741,720
ENSG00000144744,3315
ENSG00000144746,7719
ENSG00000144747,2310
ENSG00000144749,14363
ENSG00000144771,0
ENSG00000144785,1
ENSG00000144791,2554
ENSG00000144792,147
ENSG00000144802,2001
ENSG00000144810,1305
ENSG00000144815,602
ENSG00000144820,0
ENSG00000144821,1
ENSG00000144824,5792
ENSG00000144827,2801
ENSG00000144834,1
ENSG00000144837,127
ENSG00000144840,1922
ENSG00000144843,446
ENSG00000144847,1
ENSG00000144848,2530
ENSG00000144852,6
ENSG00000144857,507
ENSG00000144867,6248
ENSG00000144868,33
ENSG00000144891,71
ENSG00000144893,18
ENSG00000144895,2245
ENSG00000144908,170
ENSG00000144909,1703
ENSG00000144935,72
ENSG00000144959,1900
ENSG00000144962,0
ENSG00000145002,15
ENSG00000145012,6116
ENSG00000145014,343
ENSG00000145016,3677
ENSG00000145020,83
ENSG00000145022,2602
ENSG00000145029,451
ENSG00000145040,7
ENSG00000145041,2170
ENSG00000145050,4253
ENSG00000145063,24
ENSG00000145075,63
ENSG00000145087,21
ENSG00000145088,190
ENSG00000145103,495
ENSG00000145107,8
ENSG00000145113,7
ENSG00000145147,365
ENSG00000145191,5821
ENSG00000145192,0
ENSG00000145194,1395
ENSG00000145198,101
ENSG00000145214,637
ENSG00000145216,1877
ENSG00000145217,17
ENSG00000145220,606
ENSG00000145241,693
ENSG00000145242,0
ENSG00000145244,99
ENSG00000145246,285
ENSG00000145247,1251
ENSG00000145248,7
ENSG00000145283,15
ENSG00000145284,303
ENSG00000145287,108
ENSG00000145293,1491
ENSG00000145309,0
ENSG00000145321,0
ENSG00000145331,165
ENSG00000145332,1046
ENSG00000145335,71
ENSG00000145337,59
ENSG00000145348,554
ENSG00000145349,8103
ENSG00000145354,2268
ENSG00000145358,25
ENSG00000145362,410
ENSG00000145365,722
ENSG00000145375,403
ENSG00000145384,3
ENSG00000145386,3785
ENSG00000145388,2860
ENSG00000145390,2152
ENSG00000145391,4919
ENSG00000145414,510
ENSG00000145416,271
ENSG00000145423,7091
ENSG00000145425,25691
ENSG00000145428,38
ENSG00000145431,399
ENSG00000145439,1644
ENSG00000145451,37
ENSG00000145476,1228
ENSG00000145491,401
ENSG00000145494,6303
ENSG00000145495,11805
ENSG00000145506,641
ENSG00000145526,3
ENSG00000145536,12
ENSG00000145545,1679
ENSG00000145555,14288
ENSG00000145569,235
ENSG00000145592,66075
ENSG00000145604,2620
ENSG00000145623,5656
ENSG00000145626,0
ENSG00000145632,5969
ENSG00000145642,0
ENSG00000145649,298
ENSG00000145675,10915
ENSG00000145681,7
ENSG00000145685,1601
ENSG00000145687,672
ENSG00000145692,7
ENSG00000145700,28
ENSG00000145703,2436
ENSG00000145708,28
ENSG00000145715,2499
ENSG00000145721,3
ENSG00000145723,275
ENSG00000145725,1750
ENSG00000145730,1530
ENSG00000145734,1575
ENSG00000145736,267
ENSG00000145740,2544
ENSG00000145741,17146
ENSG00000145743,1037
ENSG00000145757,10
ENSG00000145777,37
ENSG00000145779,1258
ENSG00000145780,1836
ENSG00000145781,1360
ENSG00000145782,2321
ENSG00000145794,13
ENSG00000145808,0
ENSG00000145817,2390
ENSG00000145819,1297
ENSG00000145824,1438
ENSG00000145826,0
ENSG00000145832,3
ENSG00000145833,3378
ENSG00000145835,0
ENSG00000145839,0
ENSG00000145850,7
ENSG00000145860,1024
ENSG00000145861,87
ENSG00000145863,0
ENSG00000145864,1
ENSG00000145868,1945
ENSG00000145879,1
ENSG00000145882,486
ENSG00000145888,0
ENSG00000145901,5830
ENSG00000145907,8807
ENSG00000145908,58
ENSG00000145911,1362
ENSG00000145912,2367
ENSG00000145916,2829
ENSG00000145919,2366
ENSG00000145920,9
ENSG00000145934,234
ENSG00000145936,257
ENSG00000145945,329
ENSG00000145949,31
ENSG00000145975,3
ENSG00000145979,798
ENSG00000145982,880
ENSG00000145990,349
ENSG00000145996,655
ENSG00000146001,27
ENSG00000146005,8
ENSG00000146006,16
ENSG00000146007,4860
ENSG00000146013,14
ENSG00000146021,80
ENSG00000146038,27
ENSG00000146039,0
ENSG00000146047,0
ENSG00000146049,0
ENSG00000146054,21
ENSG00000146063,1683
ENSG00000146066,2967
ENSG00000146067,973
ENSG00000146070,681
ENSG00000146072,1584
ENSG00000146083,2690
ENSG00000146085,1605
ENSG00000146090,16
ENSG00000146094,368
ENSG00000146109,1603
ENSG00000146112,2169
ENSG00000146122,395
ENSG00000146143,1032
ENSG00000146147,31
ENSG00000146151,12
ENSG00000146166,176
ENSG00000146192,279
ENSG00000146197,142
ENSG00000146205,42
ENSG00000146215,4
ENSG00000146216,4
ENSG00000146221,26
ENSG00000146223,9706
ENSG00000146232,1053
ENSG00000146233,49
ENSG00000146242,2101
ENSG00000146243,280
ENSG00000146247,5186
ENSG00000146250,3
ENSG00000146263,1543
ENSG00000146267,1654
ENSG00000146276,1
ENSG00000146278,4007
ENSG00000146281,149
ENSG00000146282,1608
ENSG00000146285,48
ENSG00000146350,345
ENSG00000146352,0
ENSG00000146360,0
ENSG00000146373,696
ENSG00000146374,146
ENSG00000146376,1069
ENSG00000146378,0
ENSG00000146383,0
ENSG00000146385,0
ENSG00000146386,5172
ENSG00000146399,0
ENSG00000146409,155
ENSG00000146410,923
ENSG00000146411,23
ENSG00000146414,709
ENSG00000146416,2820
ENSG00000146425,6932
ENSG00000146426,278
ENSG00000146433,3064
ENSG00000146453,16
ENSG00000146457,4080
ENSG00000146463,5573
ENSG00000146469,0
ENSG00000146476,1305
ENSG00000146477,98
ENSG00000146521,79
ENSG00000146530,22
ENSG00000146535,8115
ENSG00000146540,4700
ENSG00000146555,468
ENSG00000146556,90
ENSG00000146574,580
ENSG00000146576,2215
ENSG00000146587,2388
ENSG00000146592,774
ENSG00000146618,0
ENSG00000146648,1629
ENSG00000146666,3
ENSG00000146670,3283
ENSG00000146674,3924
ENSG00000146676,2725
ENSG00000146677,40
ENSG00000146678,2
ENSG00000146700,128
ENSG00000146701,17907
ENSG00000146707,309
ENSG00000146722,2
ENSG00000146729,9672
ENSG00000146731,25674
ENSG00000146733,2627
ENSG00000146755,2
ENSG00000146757,5858
ENSG00000146776,711
ENSG00000146802,1106
ENSG00000146809,1
ENSG00000146826,2587
ENSG00000146828,3178
ENSG00000146830,2783
ENSG00000146833,3669
ENSG00000146834,3557
ENSG00000146839,0
ENSG00000146842,2879
ENSG00000146856,76
ENSG00000146857,27
ENSG00000146858,189
ENSG00000146859,840
ENSG00000146872,7189
ENSG00000146904,2955
ENSG00000146909,1737
ENSG00000146910,1
ENSG00000146918,2197
ENSG00000146926,0
ENSG00000146938,2171
ENSG00000146950,1259
ENSG00000146955,76
ENSG00000146963,1852
ENSG00000146966,164
ENSG00000147003,82
ENSG00000147010,1328
ENSG00000147027,540
ENSG00000147036,16
ENSG00000147041,187
ENSG00000147044,4541
ENSG00000147050,2563
ENSG00000147059,4
ENSG00000147065,18544
ENSG00000147081,0
ENSG00000147082,183
ENSG00000147099,998
ENSG00000147100,4060
ENSG00000147113,699
ENSG00000147117,3
ENSG00000147118,317
ENSG00000147119,142
ENSG00000147121,289
ENSG00000147123,3590
ENSG00000147124,511
ENSG00000147127,25
ENSG00000147130,2505
ENSG00000147133,4832
ENSG00000147138,25
ENSG00000147140,35714
ENSG00000147144,857
ENSG00000147145,22
ENSG00000147155,2041
ENSG00000147160,13
ENSG00000147162,6709
ENSG00000147164,3902
ENSG00000147166,13
ENSG00000147168,1682
ENSG00000147174,37
ENSG00000147180,1969
ENSG00000147183,0
ENSG00000147202,794
ENSG00000147206,0
ENSG00000147223,4
ENSG00000147224,314
ENSG00000147231,16
ENSG00000147234,420
ENSG00000147246,99
ENSG00000147251,852
ENSG00000147255,6
ENSG00000147256,0
ENSG00000147257,580
ENSG00000147262,0
ENSG00000147274,10585
ENSG00000147316,661
ENSG00000147324,898
ENSG00000147364,870
ENSG00000147378,11
ENSG00000147381,8
ENSG00000147383,2106
ENSG00000147394,1752
ENSG00000147400,5234
ENSG00000147403,62481
ENSG00000147408,429
ENSG00000147416,5059
ENSG00000147419,1529
ENSG00000147421,396
ENSG00000147432,0
ENSG00000147434,7
ENSG00000147437,16
ENSG00000147439,397
ENSG00000147443,331
ENSG00000147454,1136
ENSG00000147457,2298
ENSG00000147459,2328
ENSG00000147465,25
ENSG00000147471,6251
ENSG00000147475,6505
ENSG00000147481,0
ENSG00000147485,36
ENSG00000147488,5
ENSG00000147509,23
ENSG00000147526,6685
ENSG00000147533,7688
ENSG00000147535,3730
ENSG00000147536,1228
ENSG00000147548,4061
ENSG00000147570,72
ENSG00000147571,1
ENSG00000147573,10
ENSG00000147576,71
ENSG00000147586,1382
ENSG00000147588,0
ENSG00000147592,215
ENSG00000147596,0
ENSG00000147601,596
ENSG00000147604,14807
ENSG00000147606,14
ENSG00000147613,0
ENSG00000147614,14
ENSG00000147642,225
ENSG00000147647,18
ENSG00000147649,4494
ENSG00000147650,193
ENSG00000147654,897
ENSG00000147655,0
ENSG00000147669,1678
ENSG00000147676,10897
ENSG00000147677,11652
ENSG00000147679,585
ENSG00000147684,6123
ENSG00000147687,814
ENSG00000147689,96
ENSG00000147697,158
ENSG00000147724,1
ENSG00000147753,0
ENSG00000147761,0
ENSG00000147789,845
ENSG00000147799,1561
ENSG00000147804,1046
ENSG00000147813,4666
ENSG00000147852,1270
ENSG00000147853,1584
ENSG00000147854,1335
ENSG00000147862,6457
ENSG00000147869,0
ENSG00000147872,3658
ENSG00000147873,0
ENSG00000147874,2537
ENSG00000147883,266
ENSG00000147885,0
ENSG00000147889,70
ENSG00000147894,728
ENSG00000147896,0
ENSG00000147905,1974
ENSG00000147912,510
ENSG00000147955,5379
ENSG00000147996,447
ENSG00000148019,950
ENSG00000148053,842
ENSG00000148057,244
ENSG00000148082,120
ENSG00000148090,369
ENSG00000148110,4261
ENSG00000148120,673
ENSG00000148123,60
ENSG00000148136,0
ENSG00000148143,156
ENSG00000148153,1694
ENSG00000148154,2122
ENSG00000148156,1
ENSG00000148158,1284
ENSG00000148175,14401
ENSG00000148180,40088
ENSG00000148187,3385
ENSG00000148200,105
ENSG00000148204,38
ENSG00000148215,0
ENSG00000148218,1932
ENSG00000148219,2836
ENSG00000148225,563
ENSG00000148229,4375
ENSG00000148248,21099
ENSG00000148288,125
ENSG00000148290,2868
ENSG00000148291,1078
ENSG00000148296,1918
ENSG00000148297,800
ENSG00000148300,1980
ENSG00000148303,66252
ENSG00000148308,4160
ENSG00000148331,3476
ENSG00000148334,6335
ENSG00000148335,2798
ENSG00000148337,12349
ENSG00000148339,1506
ENSG00000148341,4180
ENSG00000148343,3037
ENSG00000148344,653
ENSG00000148346,102
ENSG00000148356,2067
ENSG00000148357,108
ENSG00000148358,18369
ENSG00000148362,2098
ENSG00000148377,0
ENSG00000148384,810
ENSG00000148386,1
ENSG00000148396,18146
ENSG00000148399,733
ENSG00000148400,2962
ENSG00000148408,22
ENSG00000148411,1671
ENSG00000148426,378
ENSG00000148429,1550
ENSG00000148444,1520
ENSG00000148450,1726
ENSG00000148459,1232
ENSG00000148468,384
ENSG00000148481,637
ENSG00000148482,0
ENSG00000148483,8
ENSG00000148484,2788
ENSG00000148488,14
ENSG00000148498,6247
ENSG00000148513,695
ENSG00000148516,818
ENSG00000148541,51
ENSG00000148572,1196
ENSG00000148584,1
ENSG00000148600,17
ENSG00000148602,0
ENSG00000148604,0
ENSG00000148606,1848
ENSG00000148634,2098
ENSG00000148655,108
ENSG00000148660,1786
ENSG00000148671,0
ENSG00000148672,8228
ENSG00000148677,19
ENSG00000148680,5
ENSG00000148688,1075
ENSG00000148690,684
ENSG00000148700,1328
ENSG00000148702,39
ENSG00000148704,0
ENSG00000148719,2937
ENSG00000148730,9831
ENSG00000148734,10
ENSG00000148735,518
ENSG00000148737,1666
ENSG00000148773,9474
ENSG00000148795,12
ENSG00000148798,2
ENSG00000148803,219
ENSG00000148814,717
ENSG00000148824,383
ENSG00000148826,1
ENSG00000148832,602
ENSG00000148834,2731
ENSG00000148835,384
ENSG00000148840,2345
ENSG00000148841,1552
ENSG00000148842,715
ENSG00000148843,2789
ENSG00000148848,2422
ENSG00000148908,2401
ENSG00000148925,1802
ENSG00000148926,262
ENSG00000148935,8
ENSG00000148942,149
ENSG00000148943,873
ENSG00000148948,62
ENSG00000148950,646
ENSG00000148965,10
ENSG00000148985,1314
ENSG00000149016,1050
ENSG00000149021,0
ENSG00000149043,23
ENSG00000149050,15
ENSG00000149054,47
ENSG00000149084,3135
ENSG00000149089,740
ENSG00000149090,246
ENSG00000149091,3936
ENSG00000149100,6361
ENSG00000149115,18273
ENSG00000149124,89
ENSG00000149131,7950
ENSG00000149133,0
ENSG00000149136,24849
ENSG00000149150,384
ENSG00000149177,1493
ENSG00000149179,1675
ENSG00000149182,6329
ENSG00000149187,8858
ENSG00000149196,730
ENSG00000149201,16
ENSG00000149212,896
ENSG00000149218,1702
ENSG00000149231,239
ENSG00000149243,8
ENSG00000149256,284
ENSG00000149257,13675
ENSG00000149260,625
ENSG00000149262,1231
ENSG00000149269,2437
ENSG00000149273,51100
ENSG00000149289,299
ENSG00000149292,1185
ENSG00000149294,138
ENSG00000149295,5
ENSG00000149300,6
ENSG00000149305,0
ENSG00000149308,1036
ENSG00000149311,1741
ENSG00000149313,2725
ENSG00000149328,1231
ENSG00000149346,748
ENSG00000149357,5044
ENSG00000149380,150
ENSG00000149403,51
ENSG00000149418,20926
ENSG00000149428,17737
ENSG00000149435,1
ENSG00000149443,0
ENSG00000149451,87
ENSG00000149452,0
ENSG00000149474,1179
ENSG00000149476,7194
ENSG00000149480,12497
ENSG00000149483,4277
ENSG00000149485,8820
ENSG00000149488,33
ENSG00000149489,63
ENSG00000149499,1415
ENSG00000149503,3816
ENSG00000149506,34
ENSG00000149507,0
ENSG00000149516,0
ENSG00000149527,335
ENSG00000149531,228
ENSG00000149532,6614
ENSG00000149534,15
ENSG00000149541,3697
ENSG00000149547,5972
ENSG00000149548,233
ENSG00000149554,1530
ENSG00000149557,211
ENSG00000149564,982
ENSG00000149571,20
ENSG00000149573,814
ENSG00000149575,13
ENSG00000149577,3081
ENSG00000149582,1066
ENSG00000149591,11286
ENSG00000149596,137
ENSG00000149599,18
ENSG00000149600,4581
ENSG00000149609,18
ENSG00000149633,194
ENSG00000149634,25
ENSG00000149635,0
ENSG00000149636,1835
ENSG00000149639,12068
ENSG00000149646,49
ENSG00000149651,0
ENSG00000149654,25
ENSG00000149656,0
ENSG00000149657,8721
ENSG00000149658,6859
ENSG00000149679,2145
ENSG00000149716,2393
ENSG00000149735,0
ENSG00000149742,0
ENSG00000149743,1610
ENSG00000149761,960
ENSG00000149781,958
ENSG00000149782,5699
ENSG00000149792,4507
ENSG00000149798,1288
ENSG00000149806,15836
ENSG00000149809,257
ENSG00000149823,1359
ENSG00000149922,166
ENSG00000149923,12328
ENSG00000149925,106780
ENSG00000149926,66
ENSG00000149927,36
ENSG00000149929,1844
ENSG00000149930,4598
ENSG00000149932,3140
ENSG00000149948,3
ENSG00000149968,368
ENSG00000149970,16
ENSG00000149972,154
ENSG00000150045,12
ENSG00000150048,101
ENSG00000150051,16
ENSG00000150054,1508
ENSG00000150076,35
ENSG00000150093,13076
ENSG00000150175,2
ENSG00000150201,2
ENSG00000150244,0
ENSG00000150261,0
ENSG00000150269,0
ENSG00000150275,1
ENSG00000150276,0
ENSG00000150281,261
ENSG00000150316,2026
ENSG00000150337,149
ENSG00000150347,3315
ENSG00000150361,1
ENSG00000150394,37
ENSG00000150401,760
ENSG00000150403,6679
ENSG00000150433,610
ENSG00000150455,409
ENSG00000150456,484
ENSG00000150457,1075
ENSG00000150459,6862
ENSG00000150471,77
ENSG00000150477,252
ENSG00000150510,82
ENSG00000150526,0
ENSG00000150527,232
ENSG00000150540,783
ENSG00000150551,97
ENSG00000150556,368
ENSG00000150593,6633
ENSG00000150594,276
ENSG00000150625,21
ENSG00000150627,15
ENSG00000150628,5
ENSG00000150630,489
ENSG00000150636,66
ENSG00000150637,129
ENSG00000150656,6
ENSG00000150667,91
ENSG00000150672,41
ENSG00000150676,23
ENSG00000150681,38
ENSG00000150687,1546
ENSG00000150712,5890
ENSG00000150722,78
ENSG00000150732,0
ENSG00000150750,16
ENSG00000150753,40002
ENSG00000150756,802
ENSG00000150760,2968
ENSG00000150764,893
ENSG00000150768,2951
ENSG00000150773,129
ENSG00000150776,1716
ENSG00000150779,1685
ENSG00000150782,457
ENSG00000150783,3
ENSG00000150787,801
ENSG00000150867,2097
ENSG00000150873,21
ENSG00000150893,7
ENSG00000150907,1100
ENSG00000150938,2838
ENSG00000150961,7071
ENSG00000150967,591
ENSG00000150977,688
ENSG00000150990,1463
ENSG00000150991,33569
ENSG00000150995,1593
ENSG00000151005,0
ENSG00000151006,46
ENSG00000151012,105
ENSG00000151014,323
ENSG00000151023,7
ENSG00000151025,172
ENSG00000151033,3
ENSG00000151062,149
ENSG00000151065,985
ENSG00000151067,499
ENSG00000151079,0
ENSG00000151090,1966
ENSG00000151092,1766
ENSG00000151093,521
ENSG00000151116,1842
ENSG00000151117,597
ENSG00000151131,764
ENSG00000151135,3591
ENSG00000151136,178
ENSG00000151148,2463
ENSG00000151150,4892
ENSG00000151151,867
ENSG00000151164,25
ENSG00000151176,7342
ENSG00000151208,3350
ENSG00000151224,12
ENSG00000151229,486
ENSG00000151233,1126
ENSG00000151239,4168
ENSG00000151240,1106
ENSG00000151247,1123
ENSG00000151276,1277
ENSG00000151287,1211
ENSG00000151292,1836
ENSG00000151303,4
ENSG00000151304,401
ENSG00000151320,63
ENSG00000151322,77
ENSG00000151327,5866
ENSG00000151332,1120
ENSG00000151338,681
ENSG00000151348,4692
ENSG00000151353,2223
ENSG00000151360,0
ENSG00000151364,43
ENSG00000151365,304
ENSG00000151366,1815
ENSG00000151376,115
ENSG00000151379,0
ENSG00000151388,715
ENSG00000151413,766
ENSG00000151414,1111
ENSG00000151418,0
ENSG00000151422,578
ENSG00000151445,1352
ENSG00000151458,5791
ENSG00000151461,3172
ENSG00000151465,6687
ENSG00000151466,680
ENSG00000151468,647
ENSG00000151470,614
ENSG00000151474,941
ENSG00000151475,0
ENSG00000151490,101
ENSG00000151491,3761
ENSG00000151498,671
ENSG00000151500,1281
ENSG00000151502,4030
ENSG00000151503,2217
ENSG00000151532,1235
ENSG00000151552,942
ENSG00000151553,1433
ENSG00000151572,5
ENSG00000151575,578
ENSG00000151576,2260
ENSG00000151577,0
ENSG00000151611,330
ENSG00000151612,1178
ENSG00000151615,0
ENSG00000151617,367
ENSG00000151623,261
ENSG00000151631,3
ENSG00000151632,475
ENSG00000151640,27
ENSG00000151650,6
ENSG00000151651,1369
ENSG00000151655,3
ENSG00000151657,738
ENSG00000151665,722
ENSG00000151687,43
ENSG00000151689,345
ENSG00000151690,5990
ENSG00000151692,838
ENSG00000151693,4151
ENSG00000151694,3127
ENSG00000151702,712
ENSG00000151704,1
ENSG00000151715,426
ENSG00000151718,2425
ENSG00000151725,3941
ENSG00000151726,16314
ENSG00000151729,3102
ENSG00000151743,381
ENSG00000151746,396
ENSG00000151748,2359
ENSG00000151773,256
ENSG00000151778,181
ENSG00000151779,2124
ENSG00000151789,111
ENSG00000151790,116
ENSG00000151806,1034
ENSG00000151812,5
ENSG00000151834,6
ENSG00000151835,289
ENSG00000151838,0
ENSG00000151846,12
ENSG00000151849,754
ENSG00000151876,288
ENSG00000151881,713
ENSG00000151882,1639
ENSG00000151883,659
ENSG00000151892,209
ENSG00000151893,4652
ENSG00000151914,6474
ENSG00000151917,72
ENSG00000151923,3404
ENSG00000151929,1795
ENSG00000151948,9
ENSG00000151952,0
ENSG00000151962,1
ENSG00000151963,10
ENSG00000151967,13
ENSG00000152034,16
ENSG00000152049,241
ENSG00000152056,383
ENSG00000152061,909
ENSG00000152076,101
ENSG00000152078,170
ENSG00000152082,3151
ENSG00000152086,0
ENSG00000152092,25
ENSG00000152093,0
ENSG00000152102,6510
ENSG00000152104,1534
ENSG00000152117,772
ENSG00000152127,3962
ENSG00000152128,506
ENSG00000152133,464
ENSG00000152137,377
ENSG00000152147,1026
ENSG00000152154,27
ENSG00000152192,2
ENSG00000152193,993
ENSG00000152207,50
ENSG00000152208,0
ENSG00000152213,66
ENSG00000152214,1
ENSG00000152217,1128
ENSG00000152219,908
ENSG00000152223,2521
ENSG00000152229,374
ENSG00000152234,24653
ENSG00000152240,770
ENSG00000152242,1542
ENSG00000152253,480
ENSG00000152254,0
ENSG00000152256,960
ENSG00000152266,0
ENSG00000152270,295
ENSG00000152284,2887
ENSG00000152291,21651
ENSG00000152292,10
ENSG00000152315,26
ENSG00000152332,5968
ENSG00000152348,561
ENSG00000152359,560
ENSG00000152377,423
ENSG00000152380,96
ENSG00000152382,764
ENSG00000152402,927
ENSG00000152404,798
ENSG00000152409,1207
ENSG00000152413,418
ENSG00000152422,523
ENSG00000152430,0
ENSG00000152433,84
ENSG00000152439,453
ENSG00000152443,937
ENSG00000152454,500
ENSG00000152455,748
ENSG00000152457,463
ENSG00000152463,2
ENSG00000152464,822
ENSG00000152465,779
ENSG00000152467,1
ENSG00000152475,104
ENSG00000152484,2426
ENSG00000152492,3037
ENSG00000152495,126
ENSG00000152503,1288
ENSG00000152518,7941
ENSG00000152520,2420
ENSG00000152527,451
ENSG00000152556,1069
ENSG00000152558,20370
ENSG00000152578,21
ENSG00000152580,129
ENSG00000152582,419
ENSG00000152583,7745
ENSG00000152591,1
ENSG00000152592,0
ENSG00000152595,0
ENSG00000152601,2897
ENSG00000152611,33
ENSG00000152620,1370
ENSG00000152642,8560
ENSG00000152661,1425
ENSG00000152669,1694
ENSG00000152670,1
ENSG00000152672,8
ENSG00000152683,1340
ENSG00000152684,750
ENSG00000152689,422
ENSG00000152700,3718
ENSG00000152705,75
ENSG00000152749,1052
ENSG00000152760,19
ENSG00000152763,156
ENSG00000152766,133
ENSG00000152767,6769
ENSG00000152778,636
ENSG00000152779,14
ENSG00000152782,519
ENSG00000152784,47
ENSG00000152785,0
ENSG00000152795,9203
ENSG00000152804,136
ENSG00000152818,8385
ENSG00000152822,1
ENSG00000152894,8143
ENSG00000152904,5142
ENSG00000152910,0
ENSG00000152926,6373
ENSG00000152931,358
ENSG00000152932,30
ENSG00000152936,1
ENSG00000152939,2508
ENSG00000152942,1848
ENSG00000152944,1079
ENSG00000152952,738
ENSG00000152953,60
ENSG00000152954,0
ENSG00000152969,285
ENSG00000152977,1019
ENSG00000152990,859
ENSG00000153002,3
ENSG00000153006,702
ENSG00000153012,346
ENSG00000153015,1398
ENSG00000153029,653
ENSG00000153037,1374
ENSG00000153044,1254
ENSG00000153046,2938
ENSG00000153048,3571
ENSG00000153060,30
ENSG00000153064,218
ENSG00000153066,3935
ENSG00000153071,1542
ENSG00000153086,6
ENSG00000153093,18
ENSG00000153094,3066
ENSG00000153107,1086
ENSG00000153113,10164
ENSG00000153130,3175
ENSG00000153132,596
ENSG00000153140,1429
ENSG00000153147,11834
ENSG00000153157,7
ENSG00000153162,123
ENSG00000153165,5
ENSG00000153179,2222
ENSG00000153187,41287
ENSG00000153201,8063
ENSG00000153207,5273
ENSG00000153208,203
ENSG00000153214,7968
ENSG00000153230,4
ENSG00000153233,5
ENSG00000153234,1100
ENSG00000153237,134
ENSG00000153246,518
ENSG00000153250,1980
ENSG00000153253,28
ENSG00000153266,0
ENSG00000153283,373
ENSG00000153291,47
ENSG00000153292,9
ENSG00000153294,35
ENSG00000153303,23
ENSG00000153310,3063
ENSG00000153317,2092
ENSG00000153339,2419
ENSG00000153347,4
ENSG00000153363,843
ENSG00000153391,524
ENSG00000153395,24300
ENSG00000153404,4231
ENSG00000153406,3172
ENSG00000153443,960
ENSG00000153446,271
ENSG00000153485,1476
ENSG00000153487,1834
ENSG00000153495,16
ENSG00000153498,0
ENSG00000153531,615
ENSG00000153551,388
ENSG00000153558,280
ENSG00000153560,3650
ENSG00000153561,5025
ENSG00000153563,479
ENSG00000153574,1422
ENSG00000153684,1
ENSG00000153707,55
ENSG00000153714,3152
ENSG00000153721,910
ENSG00000153767,1960
ENSG00000153774,4436
ENSG00000153779,148
ENSG00000153786,3302
ENSG00000153789,13
ENSG00000153790,73
ENSG00000153802,0
ENSG00000153814,344
ENSG00000153815,5766
ENSG00000153820,5
ENSG00000153822,3
ENSG00000153823,86
ENSG00000153827,15908
ENSG00000153832,1661
ENSG00000153879,3048
ENSG00000153885,2506
ENSG00000153896,243
ENSG00000153898,116
ENSG00000153902,102
ENSG00000153904,1449
ENSG00000153914,3148
ENSG00000153922,2537
ENSG00000153923,3
ENSG00000153930,0
ENSG00000153933,1100
ENSG00000153936,1398
ENSG00000153944,15388
ENSG00000153956,159
ENSG00000153975,640
ENSG00000153976,20
ENSG00000153982,1371
ENSG00000153989,2110
ENSG00000153993,38
ENSG00000154001,6083
ENSG00000154007,0
ENSG00000154016,43
ENSG00000154025,7
ENSG00000154027,45
ENSG00000154040,595
ENSG00000154059,2215
ENSG00000154065,89
ENSG00000154079,625
ENSG00000154080,67
ENSG00000154096,2951
ENSG00000154099,195
ENSG00000154102,409
ENSG00000154114,1067
ENSG00000154118,1916
ENSG00000154122,2277
ENSG00000154124,1890
ENSG00000154127,746
ENSG00000154133,777
ENSG00000154134,107
ENSG00000154143,14
ENSG00000154144,782
ENSG00000154146,253
ENSG00000154153,611
ENSG00000154162,0
ENSG00000154165,2
ENSG00000154174,5059
ENSG00000154175,1508
ENSG00000154188,111
ENSG00000154198,724
ENSG00000154217,7934
ENSG00000154222,3157
ENSG00000154227,3
ENSG00000154229,1352
ENSG00000154237,636
ENSG00000154240,344
ENSG00000154252,1381
ENSG00000154258,104
ENSG00000154262,183
ENSG00000154263,49
ENSG00000154265,186
ENSG00000154269,194
ENSG00000154274,18
ENSG00000154277,81
ENSG00000154305,11735
ENSG00000154309,256
ENSG00000154310,5305
ENSG00000154316,14
ENSG00000154319,204
ENSG00000154328,662
ENSG00000154330,237
ENSG00000154342,61
ENSG00000154358,510
ENSG00000154359,725
ENSG00000154370,3523
ENSG00000154380,20712
ENSG00000154415,0
ENSG00000154429,2570
ENSG00000154438,44
ENSG00000154447,2497
ENSG00000154451,926
ENSG00000154473,7668
ENSG00000154478,18
ENSG00000154479,36
ENSG00000154485,3
ENSG00000154493,5
ENSG00000154511,726
ENSG00000154518,11640
ENSG00000154529,13
ENSG00000154537,4
ENSG00000154545,0
ENSG00000154548,17
ENSG00000154553,1372
ENSG00000154556,1115
ENSG00000154582,925
ENSG00000154589,204
ENSG00000154608,1
ENSG00000154611,5
ENSG00000154620,0
ENSG00000154639,10795
ENSG00000154640,4911
ENSG00000154642,2137
ENSG00000154645,5
ENSG00000154646,0
ENSG00000154654,309
ENSG00000154655,50
ENSG00000154678,73
ENSG00000154710,636
ENSG00000154719,1655
ENSG00000154721,502
ENSG00000154723,5166
ENSG00000154727,1377
ENSG00000154734,2263
ENSG00000154736,325
ENSG00000154743,465
ENSG00000154760,179
ENSG00000154764,2
ENSG00000154767,1600
ENSG00000154781,632
ENSG00000154783,780
ENSG00000154803,2544
ENSG00000154813,1180
ENSG00000154814,473
ENSG00000154822,159
ENSG00000154832,2040
ENSG00000154839,592
ENSG00000154845,5590
ENSG00000154856,398
ENSG00000154864,68
ENSG00000154874,127
ENSG00000154889,408
ENSG00000154898,142
ENSG00000154914,786
ENSG00000154917,1502
ENSG00000154920,958
ENSG00000154928,54
ENSG00000154930,3329
ENSG00000154945,3054
ENSG00000154957,551
ENSG00000154975,1
ENSG00000154978,4557
ENSG00000154997,0
ENSG00000155008,3063
ENSG00000155011,54
ENSG00000155016,357
ENSG00000155026,3
ENSG00000155034,284
ENSG00000155052,56
ENSG00000155066,8707
ENSG00000155070,8
ENSG00000155085,937
ENSG00000155087,0
ENSG00000155090,3191
ENSG00000155093,398
ENSG00000155096,6274
ENSG00000155097,2634
ENSG00000155099,117
ENSG00000155100,366
ENSG00000155111,759
ENSG00000155115,1575
ENSG00000155158,647
ENSG00000155189,1290
ENSG00000155229,4509
ENSG00000155249,0
ENSG00000155252,1365
ENSG00000155254,810
ENSG00000155256,984
ENSG00000155265,279
ENSG00000155269,3
ENSG00000155275,286
ENSG00000155287,1485
ENSG00000155304,2797
ENSG00000155307,286
ENSG00000155313,4372
ENSG00000155324,1190
ENSG00000155329,643
ENSG00000155330,611
ENSG00000155363,1561
ENSG00000155366,6889
ENSG00000155367,60
ENSG00000155368,16467
ENSG00000155380,401
ENSG00000155393,1761
ENSG00000155428,3
ENSG00000155438,4969
ENSG00000155463,14978
ENSG00000155465,691
ENSG00000155495,203
ENSG00000155506,10072
ENSG00000155508,3037
ENSG00000155511,33
ENSG00000155530,249
ENSG00000155542,366
ENSG00000155545,1741
ENSG00000155561,6907
ENSG00000155592,657
ENSG00000155621,173
ENSG00000155622,2
ENSG00000155629,505
ENSG00000155636,698
ENSG00000155640,662
ENSG00000155657,233
ENSG00000155659,249
ENSG00000155660,40572
ENSG00000155666,234
ENSG00000155714,2
ENSG00000155719,14
ENSG00000155729,720
ENSG00000155744,805
ENSG00000155749,41
ENSG00000155754,6
ENSG00000155755,2207
ENSG00000155760,1191
ENSG00000155761,57
ENSG00000155792,810
ENSG00000155816,13
ENSG00000155827,3131
ENSG00000155833,0
ENSG00000155846,390
ENSG00000155849,648
ENSG00000155850,506
ENSG00000155858,267
ENSG00000155868,433
ENSG00000155875,4
ENSG00000155876,5305
ENSG00000155886,17
ENSG00000155890,0
ENSG00000155893,512
ENSG00000155897,1
ENSG00000155903,511
ENSG00000155906,652
ENSG00000155918,18
ENSG00000155926,689
ENSG00000155957,1788
ENSG00000155959,2070
ENSG00000155961,53
ENSG00000155962,477
ENSG00000155966,25
ENSG00000155970,29
ENSG00000155974,531
ENSG00000155975,791
ENSG00000155980,9
ENSG00000156006,2
ENSG00000156009,3
ENSG00000156011,1299
ENSG00000156017,521
ENSG00000156026,1742
ENSG00000156030,3285
ENSG00000156042,140
ENSG00000156049,744
ENSG00000156050,351
ENSG00000156052,3534
ENSG00000156076,2
ENSG00000156096,9
ENSG00000156097,16
ENSG00000156103,70
ENSG00000156110,1961
ENSG00000156113,2108
ENSG00000156127,772
ENSG00000156136,2574
ENSG00000156140,59
ENSG00000156150,0
ENSG00000156162,2732
ENSG00000156170,2142
ENSG00000156171,1478
ENSG00000156172,797
ENSG00000156194,5
ENSG00000156206,17
ENSG00000156218,121
ENSG00000156219,26
ENSG00000156222,8
ENSG00000156232,909
ENSG00000156234,1516
ENSG00000156239,682
ENSG00000156253,1656
ENSG00000156256,3623
ENSG00000156261,15649
ENSG00000156265,61
ENSG00000156269,1170
ENSG00000156273,1514
ENSG00000156282,0
ENSG00000156284,439
ENSG00000156298,308
ENSG00000156299,2587
ENSG00000156304,3723
ENSG00000156313,704
ENSG00000156345,519
ENSG00000156374,346
ENSG00000156381,601
ENSG00000156384,269
ENSG00000156395,0
ENSG00000156398,965
ENSG00000156411,6118
ENSG00000156413,8
ENSG00000156414,9
ENSG00000156427,45
ENSG00000156453,3516
ENSG00000156463,62
ENSG00000156466,9
ENSG00000156467,11823
ENSG00000156469,1287
ENSG00000156471,6634
ENSG00000156475,70
ENSG00000156482,22549
ENSG00000156486,9
ENSG00000156500,97
ENSG00000156502,1115
ENSG00000156504,1183
ENSG00000156508,210481
ENSG00000156509,18
ENSG00000156510,2
ENSG00000156515,13010
ENSG00000156521,1187
ENSG00000156531,1009
ENSG00000156535,330
ENSG00000156564,46
ENSG00000156574,7
ENSG00000156575,0
ENSG00000156587,2859
ENSG00000156599,12705
ENSG00000156603,1145
ENSG00000156639,6608
ENSG00000156642,4485
ENSG00000156650,2239
ENSG00000156671,1069
ENSG00000156675,5097
ENSG00000156687,0
ENSG00000156689,3319
ENSG00000156697,966
ENSG00000156709,3785
ENSG00000156711,2797
ENSG00000156735,1115
ENSG00000156738,575
ENSG00000156755,1
ENSG00000156787,516
ENSG00000156795,564
ENSG00000156802,3073
ENSG00000156804,2525
ENSG00000156831,478
ENSG00000156853,768
ENSG00000156858,1774
ENSG00000156860,6484
ENSG00000156869,269
ENSG00000156873,2369
ENSG00000156875,2692
ENSG00000156876,670
ENSG00000156885,0
ENSG00000156886,18
ENSG00000156920,3
ENSG00000156925,0
ENSG00000156928,1170
ENSG00000156931,2272
ENSG00000156958,803
ENSG00000156959,3
ENSG00000156966,392
ENSG00000156968,1182
ENSG00000156970,2120
ENSG00000156973,2117
ENSG00000156976,15016
ENSG00000156983,1468
ENSG00000156990,1707
ENSG00000157005,0
ENSG00000157014,1243
ENSG00000157017,38
ENSG00000157020,6711
ENSG00000157021,4
ENSG00000157036,127
ENSG00000157045,1281
ENSG00000157060,0
ENSG00000157064,61
ENSG00000157077,1436
ENSG00000157087,2
ENSG00000157093,4
ENSG00000157103,22
ENSG00000157106,6631
ENSG00000157107,1120
ENSG00000157110,8591
ENSG00000157111,7
ENSG00000157119,0
ENSG00000157131,0
ENSG00000157150,582
ENSG00000157152,116
ENSG00000157168,85
ENSG00000157181,802
ENSG00000157184,3186
ENSG00000157191,4666
ENSG00000157193,2794
ENSG00000157211,2
ENSG00000157212,1063
ENSG00000157214,296
ENSG00000157216,5766
ENSG00000157219,0
ENSG00000157224,1738
ENSG00000157227,9448
ENSG00000157240,1799
ENSG00000157259,2364
ENSG00000157303,139
ENSG00000157306,39
ENSG00000157315,60
ENSG00000157322,4
ENSG00000157326,1527
ENSG00000157330,7
ENSG00000157335,0
ENSG00000157343,7
ENSG00000157349,2002
ENSG00000157350,783
ENSG00000157353,1205
ENSG00000157368,193
ENSG00000157379,1190
ENSG00000157388,565
ENSG00000157399,30
ENSG00000157404,474
ENSG00000157423,504
ENSG00000157426,761
ENSG00000157429,718
ENSG00000157445,10
ENSG00000157450,1184
ENSG00000157456,3069
ENSG00000157470,105
ENSG00000157483,1817
ENSG00000157500,2765
ENSG00000157502,29
ENSG00000157510,348
ENSG00000157514,12690
ENSG00000157538,1695
ENSG00000157540,4259
ENSG00000157542,0
ENSG00000157551,28
ENSG00000157554,429
ENSG00000157557,1618
ENSG00000157570,511
ENSG00000157578,194
ENSG00000157593,2590
ENSG00000157600,4933
ENSG00000157601,2695
ENSG00000157613,519
ENSG00000157617,2777
ENSG00000157625,1552
ENSG00000157637,7100
ENSG00000157653,111
ENSG00000157654,5
ENSG00000157657,1061
ENSG00000157680,47
ENSG00000157693,3602
ENSG00000157703,26
ENSG00000157734,96
ENSG00000157741,2288
ENSG00000157764,1646
ENSG00000157765,165
ENSG00000157766,28
ENSG00000157778,1740
ENSG00000157782,20
ENSG00000157796,600
ENSG00000157800,1407
ENSG00000157823,1721
ENSG00000157827,3865
ENSG00000157833,210
ENSG00000157837,3123
ENSG00000157851,262
ENSG00000157856,19
ENSG00000157869,414
ENSG00000157870,6049
ENSG00000157873,1225
ENSG00000157881,1073
ENSG00000157884,0
ENSG00000157890,12
ENSG00000157895,863
ENSG00000157911,1142
ENSG00000157916,4721
ENSG00000157927,103
ENSG00000157933,3793
ENSG00000157954,6320
ENSG00000157965,0
ENSG00000157978,6933
ENSG00000157985,4017
ENSG00000157992,347
ENSG00000157999,30
ENSG00000158006,3276
ENSG00000158008,20
ENSG00000158014,196
ENSG00000158019,1217
ENSG00000158022,1
ENSG00000158023,33
ENSG00000158042,3668
ENSG00000158050,582
ENSG00000158055,393
ENSG00000158062,2239
ENSG00000158077,2
ENSG00000158079,476
ENSG00000158089,125
ENSG00000158092,610
ENSG00000158104,15
ENSG00000158106,2105
ENSG00000158109,2964
ENSG00000158113,100
ENSG00000158122,635
ENSG00000158125,87
ENSG00000158156,512
ENSG00000158158,4029
ENSG00000158161,1474
ENSG00000158163,63
ENSG00000158164,144
ENSG00000158169,1970
ENSG00000158186,1142
ENSG00000158195,7184
ENSG00000158201,981
ENSG00000158220,14
ENSG00000158234,383
ENSG00000158246,1392
ENSG00000158258,398
ENSG00000158270,1052
ENSG00000158286,82
ENSG00000158290,3385
ENSG00000158292,1235
ENSG00000158296,394
ENSG00000158301,258
ENSG00000158315,65
ENSG00000158321,9691
ENSG00000158352,289
ENSG00000158373,2849
ENSG00000158402,555
ENSG00000158406,352
ENSG00000158411,634
ENSG00000158417,16858
ENSG00000158423,457
ENSG00000158427,15
ENSG00000158428,12
ENSG00000158435,5346
ENSG00000158445,410
ENSG00000158457,1188
ENSG00000158458,36
ENSG00000158467,846
ENSG00000158470,24467
ENSG00000158473,88
ENSG00000158477,24
ENSG00000158480,5703
ENSG00000158481,98
ENSG00000158482,1
ENSG00000158483,530
ENSG00000158485,33
ENSG00000158486,235
ENSG00000158488,153
ENSG00000158497,0
ENSG00000158516,5
ENSG00000158517,102
ENSG00000158525,17
ENSG00000158526,9765
ENSG00000158528,322
ENSG00000158545,4356
ENSG00000158552,916
ENSG00000158553,0
ENSG00000158555,430
ENSG00000158560,22
ENSG00000158571,151
ENSG00000158578,2
ENSG00000158604,3325
ENSG00000158615,4407
ENSG00000158623,5501
ENSG00000158636,1189
ENSG00000158639,11
ENSG00000158669,7949
ENSG00000158683,19
ENSG00000158691,342
ENSG00000158710,46088
ENSG00000158711,1520
ENSG00000158714,1013
ENSG00000158715,263
ENSG00000158716,673
ENSG00000158717,960
ENSG00000158731,0
ENSG00000158747,2012
ENSG00000158748,36
ENSG00000158764,1
ENSG00000158769,12009
ENSG00000158773,1826
ENSG00000158786,3
ENSG00000158792,1105
ENSG00000158793,1433
ENSG00000158796,1745
ENSG00000158805,813
ENSG00000158806,20
ENSG00000158813,41
ENSG00000158815,0
ENSG00000158816,0
ENSG00000158825,31
ENSG00000158828,753
ENSG00000158850,2832
ENSG00000158856,293
ENSG00000158859,778
ENSG00000158863,2086
ENSG00000158864,4252
ENSG00000158865,57
ENSG00000158869,847
ENSG00000158874,0
ENSG00000158882,158
ENSG00000158887,28
ENSG00000158901,1
ENSG00000158941,3696
ENSG00000158955,1
ENSG00000158966,343
ENSG00000158985,3233
ENSG00000158987,499
ENSG00000159023,3496
ENSG00000159055,2809
ENSG00000159063,2580
ENSG00000159069,5238
ENSG00000159079,2129
ENSG00000159082,862
ENSG00000159086,1509
ENSG00000159110,1098
ENSG00000159111,1313
ENSG00000159128,5695
ENSG00000159131,5009
ENSG00000159140,16438
ENSG00000159147,1310
ENSG00000159164,98
ENSG00000159166,6234
ENSG00000159167,4182
ENSG00000159173,135
ENSG00000159176,15380
ENSG00000159182,0
ENSG00000159184,696
ENSG00000159186,0
ENSG00000159189,2562
ENSG00000159197,9
ENSG00000159199,1577
ENSG00000159200,3214
ENSG00000159202,4252
ENSG00000159208,142
ENSG00000159210,2615
ENSG00000159212,159
ENSG00000159214,1000
ENSG00000159216,6375
ENSG00000159217,16
ENSG00000159224,1
ENSG00000159228,411
ENSG00000159231,1365
ENSG00000159239,536
ENSG00000159247,607
ENSG00000159248,0
ENSG00000159251,17
ENSG00000159256,1262
ENSG00000159259,1317
ENSG00000159261,63
ENSG00000159263,55
ENSG00000159267,1452
ENSG00000159289,2
ENSG00000159307,55
ENSG00000159314,609
ENSG00000159322,2268
ENSG00000159335,21414
ENSG00000159337,1
ENSG00000159339,4
ENSG00000159346,7019
ENSG00000159348,1428
ENSG00000159352,8397
ENSG00000159363,5837
ENSG00000159374,7
ENSG00000159377,14894
ENSG00000159387,28
ENSG00000159388,6225
ENSG00000159398,0
ENSG00000159399,6158
ENSG00000159403,7189
ENSG00000159409,59
ENSG00000159423,5300
ENSG00000159433,199
ENSG00000159445,406
ENSG00000159450,4
ENSG00000159455,0
ENSG00000159459,2582
ENSG00000159461,9042
ENSG00000159479,3184
ENSG00000159495,0
ENSG00000159496,22
ENSG00000159516,0
ENSG00000159527,1
ENSG00000159556,388
ENSG00000159579,6036
ENSG00000159588,84
ENSG00000159592,10916
ENSG00000159593,9210
ENSG00000159596,2972
ENSG00000159618,143
ENSG00000159625,34
ENSG00000159640,6960
ENSG00000159648,5
ENSG00000159650,2
ENSG00000159658,11667
ENSG00000159674,3010
ENSG00000159685,427
ENSG00000159692,4464
ENSG00000159708,3
ENSG00000159712,0
ENSG00000159713,1624
ENSG00000159714,311
ENSG00000159720,15057
ENSG00000159723,2
ENSG00000159733,167
ENSG00000159753,584
ENSG00000159761,64
ENSG00000159763,1988
ENSG00000159784,44
ENSG00000159788,1029
ENSG00000159792,2807
ENSG00000159840,8332
ENSG00000159842,5512
ENSG00000159860,4
ENSG00000159871,93
ENSG00000159873,226
ENSG00000159882,295
ENSG00000159884,289
ENSG00000159885,200
ENSG00000159899,159
ENSG00000159904,2
ENSG00000159905,41
ENSG00000159915,228
ENSG00000159917,311
ENSG00000159921,2015
ENSG00000159958,195
ENSG00000159961,0
ENSG00000160007,6595
ENSG00000160013,87
ENSG00000160014,12094
ENSG00000160049,2324
ENSG00000160050,177
ENSG00000160051,577
ENSG00000160055,341
ENSG00000160058,9818
ENSG00000160062,693
ENSG00000160072,1186
ENSG00000160075,7520
ENSG00000160087,2221
ENSG00000160094,5759
ENSG00000160097,179
ENSG00000160111,1204
ENSG00000160113,3831
ENSG00000160117,38
ENSG00000160124,1008
ENSG00000160131,2086
ENSG00000160145,1624
ENSG00000160161,1217
ENSG00000160172,919
ENSG00000160179,1934
ENSG00000160180,2136
ENSG00000160181,0
ENSG00000160182,32
ENSG00000160183,47
ENSG00000160185,118
ENSG00000160188,507
ENSG00000160190,2251
ENSG00000160191,614
ENSG00000160193,1398
ENSG00000160194,2219
ENSG00000160199,1100
ENSG00000160200,31
ENSG00000160201,49
ENSG00000160202,0
ENSG00000160207,43
ENSG00000160208,2945
ENSG00000160209,5399
ENSG00000160211,42637
ENSG00000160213,5456
ENSG00000160214,1582
ENSG00000160216,5139
ENSG00000160218,1386
ENSG00000160219,113
ENSG00000160221,3
ENSG00000160223,124
ENSG00000160224,0
ENSG00000160226,806
ENSG00000160229,206
ENSG00000160233,216
ENSG00000160255,4042
ENSG00000160256,693
ENSG00000160271,4673
ENSG00000160282,6
ENSG00000160284,519
ENSG00000160285,3808
ENSG00000160293,7789
ENSG00000160294,3435
ENSG00000160298,257
ENSG00000160299,1156
ENSG00000160305,1849
ENSG00000160307,262
ENSG00000160310,3190
ENSG00000160318,20
ENSG00000160321,241
ENSG00000160323,137
ENSG00000160325,3402
ENSG00000160326,444
ENSG00000160336,916
ENSG00000160339,337
ENSG00000160345,205
ENSG00000160349,2
ENSG00000160352,920
ENSG00000160360,955
ENSG00000160392,882
ENSG00000160396,17
ENSG00000160401,359
ENSG00000160404,1910
ENSG00000160408,2235
ENSG00000160410,2875
ENSG00000160439,712
ENSG00000160445,9209
ENSG00000160446,6447
ENSG00000160447,473
ENSG00000160460,35
ENSG00000160469,95
ENSG00000160471,29
ENSG00000160472,1
ENSG00000160505,0
ENSG00000160539,43
ENSG00000160551,33957
ENSG00000160563,1143
ENSG00000160570,1059
ENSG00000160584,1347
ENSG00000160588,2039
ENSG00000160593,312
ENSG00000160602,2997
ENSG00000160606,3243
ENSG00000160613,1093
ENSG00000160633,6283
ENSG00000160654,198
ENSG00000160678,155
ENSG00000160679,5591
ENSG00000160683,15
ENSG00000160685,10936
ENSG00000160688,4906
ENSG00000160691,5735
ENSG00000160695,2970
ENSG00000160703,1082
ENSG00000160710,30147
ENSG00000160712,846
ENSG00000160714,5853
ENSG00000160716,132
ENSG00000160741,3955
ENSG00000160746,4636
ENSG00000160752,5253
ENSG00000160753,4524
ENSG00000160766,123
ENSG00000160767,1389
ENSG00000160781,20
ENSG00000160783,1404
ENSG00000160785,1997
ENSG00000160789,16002
ENSG00000160791,505
ENSG00000160796,3761
ENSG00000160799,1908
ENSG00000160801,75
ENSG00000160803,2410
ENSG00000160808,6
ENSG00000160813,912
ENSG00000160818,2059
ENSG00000160838,2
ENSG00000160856,85
ENSG00000160862,39794
ENSG00000160867,2061
ENSG00000160868,3
ENSG00000160870,5
ENSG00000160877,6763
ENSG00000160882,0
ENSG00000160883,209
ENSG00000160886,267
ENSG00000160888,4093
ENSG00000160908,1159
ENSG00000160917,2217
ENSG00000160932,6074
ENSG00000160948,3333
ENSG00000160949,1200
ENSG00000160951,3
ENSG00000160953,1627
ENSG00000160957,1505
ENSG00000160959,665
ENSG00000160961,481
ENSG00000160963,15
ENSG00000160972,610
ENSG00000160973,4
ENSG00000160991,2974
ENSG00000160993,742
ENSG00000160994,0
ENSG00000160999,799
ENSG00000161010,401
ENSG00000161011,14737
ENSG00000161013,3690
ENSG00000161016,67533
ENSG00000161021,4351
ENSG00000161031,7
ENSG00000161036,2326
ENSG00000161040,28
ENSG00000161048,1112
ENSG00000161055,82
ENSG00000161057,6406
ENSG00000161082,9
ENSG00000161091,2785
ENSG00000161103,2
ENSG00000161132,29
ENSG00000161133,9
ENSG00000161149,26
ENSG00000161179,1082
ENSG00000161180,5
ENSG00000161202,8072
ENSG00000161203,24106
ENSG00000161204,4255
ENSG00000161217,4056
ENSG00000161243,915
ENSG00000161249,996
ENSG00000161265,201
ENSG00000161267,3879
ENSG00000161270,10
ENSG00000161277,758
ENSG00000161281,180
ENSG00000161298,188
ENSG00000161328,188
ENSG00000161381,392
ENSG00000161395,15282
ENSG00000161405,6179
ENSG00000161509,65
ENSG00000161513,1467
ENSG00000161526,3847
ENSG00000161533,10071
ENSG00000161542,1650
ENSG00000161544,421
ENSG00000161547,7172
ENSG00000161551,372
ENSG00000161558,157
ENSG00000161594,0
ENSG00000161609,71
ENSG00000161610,2
ENSG00000161618,1451
ENSG00000161634,303
ENSG00000161638,2863
ENSG00000161640,15
ENSG00000161642,2778
ENSG00000161643,26
ENSG00000161647,576
ENSG00000161649,462
ENSG00000161652,0
ENSG00000161653,50
ENSG00000161654,309
ENSG00000161664,31
ENSG00000161671,8357
ENSG00000161677,551
ENSG00000161681,14
ENSG00000161682,244
ENSG00000161692,370
ENSG00000161714,464
ENSG00000161791,1296
ENSG00000161798,9092
ENSG00000161800,2718
ENSG00000161807,0
ENSG00000161813,2482
ENSG00000161835,263
ENSG00000161847,1451
ENSG00000161849,1
ENSG00000161850,0
ENSG00000161860,49
ENSG00000161888,809
ENSG00000161896,4
ENSG00000161904,3013
ENSG00000161905,134
ENSG00000161911,17
ENSG00000161912,152
ENSG00000161914,260
ENSG00000161920,751
ENSG00000161921,2916
ENSG00000161929,144
ENSG00000161939,22
ENSG00000161940,460
ENSG00000161944,16
ENSG00000161955,441
ENSG00000161956,1129
ENSG00000161958,125
ENSG00000161960,182
ENSG00000161970,14847
ENSG00000161973,0
ENSG00000161980,1390
ENSG00000161981,3133
ENSG00000161992,0
ENSG00000161996,1687
ENSG00000161999,2904
ENSG00000162004,170
ENSG00000162006,14
ENSG00000162009,4
ENSG00000162032,79
ENSG00000162039,1
ENSG00000162040,3
ENSG00000162062,990
ENSG00000162063,3079
ENSG00000162065,2576
ENSG00000162066,670
ENSG00000162068,6
ENSG00000162069,839
ENSG00000162073,3696
ENSG00000162076,2083
ENSG00000162078,5112
ENSG00000162086,1869
ENSG00000162104,1147
ENSG00000162105,3736
ENSG00000162129,1701
ENSG00000162139,377
ENSG00000162144,5127
ENSG00000162148,65
ENSG00000162174,622
ENSG00000162188,30
ENSG00000162191,6975
ENSG00000162194,154
ENSG00000162222,1428
ENSG00000162227,544
ENSG00000162231,4422
ENSG00000162236,4909
ENSG00000162241,232
ENSG00000162244,30292
ENSG00000162267,50
ENSG00000162298,5018
ENSG00000162300,624
ENSG00000162302,4275
ENSG00000162337,6620
ENSG00000162341,1045
ENSG00000162344,15
ENSG00000162365,0
ENSG00000162366,273
ENSG00000162367,62
ENSG00000162368,13838
ENSG00000162373,246
ENSG00000162374,8
ENSG00000162377,3908
ENSG00000162378,4770
ENSG00000162383,17
ENSG00000162384,3864
ENSG00000162385,2610
ENSG00000162390,90
ENSG00000162391,7
ENSG00000162396,685
ENSG00000162398,18
ENSG00000162399,1
ENSG00000162402,7147
ENSG00000162407,3567
ENSG00000162408,1522
ENSG00000162409,1043
ENSG00000162413,1536
ENSG00000162415,1644
ENSG00000162419,1079
ENSG00000162426,95
ENSG00000162430,21932
ENSG00000162433,4008
ENSG00000162434,8792
ENSG00000162437,1106
ENSG00000162438,6
ENSG00000162441,1461
ENSG00000162444,237
ENSG00000162456,1
ENSG00000162458,3367
ENSG00000162460,0
ENSG00000162461,18
ENSG00000162482,33
ENSG00000162490,39
ENSG00000162493,530
ENSG00000162494,5
ENSG00000162496,1900
ENSG00000162510,8
ENSG00000162511,6648
ENSG00000162512,6614
ENSG00000162517,7679
ENSG00000162520,177
ENSG00000162521,16331
ENSG00000162522,15430
ENSG00000162526,8
ENSG00000162542,2094
ENSG00000162543,1166
ENSG00000162545,6361
ENSG00000162551,1169
ENSG00000162552,43
ENSG00000162571,1
ENSG00000162572,44
ENSG00000162576,2576
ENSG00000162585,1146
ENSG00000162591,1269
ENSG00000162592,3
ENSG00000162594,0
ENSG00000162595,285
ENSG00000162598,0
ENSG00000162599,13210
ENSG00000162600,1219
ENSG00000162601,2013
ENSG00000162604,1913
ENSG00000162607,6870
ENSG00000162613,5603
ENSG00000162614,329
ENSG00000162616,525
ENSG00000162618,865
ENSG00000162620,15
ENSG00000162621,0
ENSG00000162623,747
ENSG00000162624,1
ENSG00000162627,161
ENSG00000162630,4
ENSG00000162631,64
ENSG00000162636,860
ENSG00000162639,1264
ENSG00000162641,3
ENSG00000162642,335
ENSG00000162643,22
ENSG00000162645,4547
ENSG00000162650,246
ENSG00000162654,1384
ENSG00000162664,2837
ENSG00000162669,0
ENSG00000162670,63
ENSG00000162676,86
ENSG00000162685,7
ENSG00000162687,9
ENSG00000162688,1648
ENSG00000162692,1153
ENSG00000162694,758
ENSG00000162695,1734
ENSG00000162699,0
ENSG00000162702,1712
ENSG00000162704,6466
ENSG00000162706,77
ENSG00000162711,75
ENSG00000162714,2784
ENSG00000162722,17
ENSG00000162723,141
ENSG00000162727,0
ENSG00000162728,0
ENSG00000162729,7543
ENSG00000162733,1264
ENSG00000162734,8321
ENSG00000162735,3831
ENSG00000162736,6041
ENSG00000162738,746
ENSG00000162739,339
ENSG00000162745,828
ENSG00000162746,7
ENSG00000162747,9
ENSG00000162753,0
ENSG00000162755,52
ENSG00000162757,358
ENSG00000162761,2
ENSG00000162763,1
ENSG00000162769,1775
ENSG00000162771,0
ENSG00000162772,1341
ENSG00000162775,500
ENSG00000162777,954
ENSG00000162779,12
ENSG00000162782,588
ENSG00000162783,1685
ENSG00000162804,1539
ENSG00000162813,2518
ENSG00000162814,367
ENSG00000162817,11949
ENSG00000162819,5166
ENSG00000162825,251
ENSG00000162836,772
ENSG00000162840,9
ENSG00000162843,20
ENSG00000162849,449
ENSG00000162851,1224
ENSG00000162852,2429
ENSG00000162869,898
ENSG00000162873,9
ENSG00000162877,9
ENSG00000162878,399
ENSG00000162881,241
ENSG00000162882,416
ENSG00000162885,1206
ENSG00000162888,3
ENSG00000162889,8317
ENSG00000162891,18
ENSG00000162892,107
ENSG00000162894,433
ENSG00000162896,375
ENSG00000162897,1
ENSG00000162909,10531
ENSG00000162910,2515
ENSG00000162913,25
ENSG00000162923,11134
ENSG00000162924,387
ENSG00000162927,598
ENSG00000162928,3915
ENSG00000162929,947
ENSG00000162931,33
ENSG00000162944,78
ENSG00000162946,147
ENSG00000162947,0
ENSG00000162949,2277
ENSG00000162951,1
ENSG00000162959,193
ENSG00000162961,1895
ENSG00000162971,555
ENSG00000162972,1467
ENSG00000162975,33
ENSG00000162976,4694
ENSG00000162980,2280
ENSG00000162981,446
ENSG00000162989,9
ENSG00000162992,0
ENSG00000162994,78
ENSG00000162997,45
ENSG00000162998,295
ENSG00000162999,146
ENSG00000163001,1611
ENSG00000163002,1120
ENSG00000163006,605
ENSG00000163009,39
ENSG00000163012,1
ENSG00000163013,738
ENSG00000163016,25
ENSG00000163017,1282
ENSG00000163026,499
ENSG00000163029,2376
ENSG00000163032,46
ENSG00000163040,547
ENSG00000163041,7141
ENSG00000163046,0
ENSG00000163050,3069
ENSG00000163053,894
ENSG00000163060,7
ENSG00000163064,59
ENSG00000163069,1443
ENSG00000163071,80
ENSG00000163072,888
ENSG00000163075,87
ENSG00000163081,0
ENSG00000163082,165
ENSG00000163083,11693
ENSG00000163092,0
ENSG00000163093,402
ENSG00000163098,0
ENSG00000163104,1219
ENSG00000163106,28
ENSG00000163110,4338
ENSG00000163114,0
ENSG00000163116,2
ENSG00000163121,14
ENSG00000163125,3947
ENSG00000163126,58
ENSG00000163131,3148
ENSG00000163132,83
ENSG00000163138,353
ENSG00000163141,70
ENSG00000163145,65
ENSG00000163154,191
ENSG00000163155,207
ENSG00000163156,1233
ENSG00000163157,0
ENSG00000163159,2983
ENSG00000163161,4036
ENSG00000163162,4674
ENSG00000163166,7127
ENSG00000163170,1067
ENSG00000163171,814
ENSG00000163191,24509
ENSG00000163202,0
ENSG00000163206,0
ENSG00000163207,2
ENSG00000163209,0
ENSG00000163214,2190
ENSG00000163216,0
ENSG00000163217,0
ENSG00000163218,30
ENSG00000163219,904
ENSG00000163220,24666
ENSG00000163221,18
ENSG00000163235,220
ENSG00000163239,29
ENSG00000163249,2280
ENSG00000163251,223
ENSG00000163254,0
ENSG00000163257,600
ENSG00000163263,5
ENSG00000163273,6
ENSG00000163281,397
ENSG00000163283,0
ENSG00000163285,0
ENSG00000163286,0
ENSG00000163288,0
ENSG00000163291,1443
ENSG00000163293,71
ENSG00000163295,1
ENSG00000163297,974
ENSG00000163312,258
ENSG00000163319,370
ENSG00000163320,7841
ENSG00000163322,191
ENSG00000163328,322
ENSG00000163331,5
ENSG00000163344,2702
ENSG00000163346,9831
ENSG00000163347,2893
ENSG00000163348,6897
ENSG00000163349,2376
ENSG00000163352,0
ENSG00000163354,79
ENSG00000163357,39
ENSG00000163359,29077
ENSG00000163362,565
ENSG00000163364,89
ENSG00000163374,3772
ENSG00000163376,73
ENSG00000163377,1
ENSG00000163378,546
ENSG00000163380,5
ENSG00000163382,5684
ENSG00000163389,909
ENSG00000163393,37
ENSG00000163394,0
ENSG00000163395,11
ENSG00000163399,19766
ENSG00000163406,51
ENSG00000163412,2969
ENSG00000163421,0
ENSG00000163424,0
ENSG00000163428,4588
ENSG00000163430,13065
ENSG00000163431,900
ENSG00000163435,11021
ENSG00000163440,0
ENSG00000163444,1505
ENSG00000163449,37
ENSG00000163453,8151
ENSG00000163462,211
ENSG00000163463,1181
ENSG00000163464,2
ENSG00000163466,15336
ENSG00000163467,26
ENSG00000163468,19479
ENSG00000163472,258
ENSG00000163479,12459
ENSG00000163481,1489
ENSG00000163482,1614
ENSG00000163485,85
ENSG00000163491,71
ENSG00000163492,11
ENSG00000163497,1
ENSG00000163499,20
ENSG00000163501,4
ENSG00000163507,1035
ENSG00000163508,87
ENSG00000163510,2145
ENSG00000163512,758
ENSG00000163513,5922
ENSG00000163515,0
ENSG00000163516,1608
ENSG00000163517,1747
ENSG00000163518,25
ENSG00000163519,104
ENSG00000163520,3418
ENSG00000163521,695
ENSG00000163527,16861
ENSG00000163528,616
ENSG00000163530,0
ENSG00000163531,389
ENSG00000163534,33
ENSG00000163535,896
ENSG00000163536,116
ENSG00000163539,2190
ENSG00000163541,6141
ENSG00000163545,319
ENSG00000163554,5
ENSG00000163558,5966
ENSG00000163563,299
ENSG00000163564,126
ENSG00000163565,2086
ENSG00000163568,99
ENSG00000163576,18
ENSG00000163577,270
ENSG00000163581,0
ENSG00000163584,1472
ENSG00000163586,0
ENSG00000163590,3036
ENSG00000163596,102
ENSG00000163597,1205
ENSG00000163599,160
ENSG00000163600,86
ENSG00000163602,5333
ENSG00000163605,5292
ENSG00000163606,49
ENSG00000163607,522
ENSG00000163608,2446
ENSG00000163611,1181
ENSG00000163612,2
ENSG00000163617,584
ENSG00000163618,5
ENSG00000163623,20
ENSG00000163624,2000
ENSG00000163625,1957
ENSG00000163626,2454
ENSG00000163629,1022
ENSG00000163630,0
ENSG00000163631,159
ENSG00000163632,8
ENSG00000163633,170
ENSG00000163634,2781
ENSG00000163635,1554
ENSG00000163636,3685
ENSG00000163637,420
ENSG00000163638,525
ENSG00000163644,383
ENSG00000163645,0
ENSG00000163646,0
ENSG00000163655,3715
ENSG00000163659,806
ENSG00000163660,1329
ENSG00000163661,48
ENSG00000163666,24
ENSG00000163673,8
ENSG00000163681,2432
ENSG00000163682,11525
ENSG00000163683,5600
ENSG00000163684,964
ENSG00000163686,338
ENSG00000163687,129
ENSG00000163689,153
ENSG00000163694,4459
ENSG00000163697,1414
ENSG00000163701,403
ENSG00000163702,1632
ENSG00000163703,1261
ENSG00000163704,515
ENSG00000163705,2
ENSG00000163710,298
ENSG00000163714,3495
ENSG00000163719,2947
ENSG00000163728,922
ENSG00000163734,33
ENSG00000163735,16
ENSG00000163736,0
ENSG00000163737,0
ENSG00000163738,1103
ENSG00000163739,182
ENSG00000163743,2543
ENSG00000163746,0
ENSG00000163749,24
ENSG00000163751,98
ENSG00000163754,2391
ENSG00000163755,1470
ENSG00000163762,1900
ENSG00000163781,4565
ENSG00000163785,5722
ENSG00000163788,2009
ENSG00000163792,10
ENSG00000163793,1
ENSG00000163794,18
ENSG00000163795,951
ENSG00000163798,1519
ENSG00000163803,37
ENSG00000163806,37
ENSG00000163807,1427
ENSG00000163808,1178
ENSG00000163810,4
ENSG00000163811,2212
ENSG00000163812,4758
ENSG00000163814,3961
ENSG00000163815,264
ENSG00000163817,9
ENSG00000163818,1794
ENSG00000163820,4328
ENSG00000163823,506
ENSG00000163825,0
ENSG00000163827,25
ENSG00000163832,1517
ENSG00000163833,1
ENSG00000163840,3991
ENSG00000163848,2624
ENSG00000163864,44
ENSG00000163866,1663
ENSG00000163867,724
ENSG00000163870,2849
ENSG00000163872,2915
ENSG00000163873,94
ENSG00000163874,719
ENSG00000163875,11781
ENSG00000163877,1898
ENSG00000163879,56
ENSG00000163882,2428
ENSG00000163884,111
ENSG00000163885,8
ENSG00000163888,175
ENSG00000163898,305
ENSG00000163900,1645
ENSG00000163902,33317
ENSG00000163904,2666
ENSG00000163909,289
ENSG00000163913,3422
ENSG00000163914,3
ENSG00000163915,0
ENSG00000163918,2470
ENSG00000163923,557
ENSG00000163930,3898
ENSG00000163931,33616
ENSG00000163932,9906
ENSG00000163933,1852
ENSG00000163935,1613
ENSG00000163938,4578
ENSG00000163939,4315
ENSG00000163945,235
ENSG00000163946,5826
ENSG00000163947,1793
ENSG00000163950,1773
ENSG00000163956,4026
ENSG00000163958,4
ENSG00000163959,619
ENSG00000163960,4470
ENSG00000163961,2398
ENSG00000163964,3104
ENSG00000163975,300
ENSG00000163982,0
ENSG00000163993,621
ENSG00000163995,147
ENSG00000164002,643
ENSG00000164007,14
ENSG00000164008,646
ENSG00000164010,866
ENSG00000164011,723
ENSG00000164022,1358
ENSG00000164023,1913
ENSG00000164024,1550
ENSG00000164031,758
ENSG00000164032,7380
ENSG00000164035,467
ENSG00000164037,53
ENSG00000164038,112
ENSG00000164039,690
ENSG00000164040,7448
ENSG00000164045,1011
ENSG00000164047,15
ENSG00000164048,547
ENSG00000164049,23
ENSG00000164050,4157
ENSG00000164051,870
ENSG00000164053,3
ENSG00000164054,12136
ENSG00000164056,2855
ENSG00000164061,77
ENSG00000164062,8951
ENSG00000164066,910
ENSG00000164068,2077
ENSG00000164070,521
ENSG00000164073,1016
ENSG00000164074,976
ENSG00000164076,15
ENSG00000164077,242
ENSG00000164078,456
ENSG00000164080,1331
ENSG00000164081,2707
ENSG00000164082,48
ENSG00000164086,1013
ENSG00000164087,1576
ENSG00000164088,810
ENSG00000164089,0
ENSG00000164091,10772
ENSG00000164093,7
ENSG00000164096,12706
ENSG00000164099,63
ENSG00000164100,0
ENSG00000164104,7478
ENSG00000164105,917
ENSG00000164106,8
ENSG00000164107,18
ENSG00000164109,3456
ENSG00000164111,27500
ENSG00000164112,0
ENSG00000164113,0
ENSG00000164114,207
ENSG00000164116,1209
ENSG00000164117,993
ENSG00000164118,634
ENSG00000164120,34
ENSG00000164122,0
ENSG00000164123,0
ENSG00000164124,578
ENSG00000164125,2502
ENSG00000164128,95
ENSG00000164129,9
ENSG00000164134,4136
ENSG00000164136,150
ENSG00000164142,881
ENSG00000164144,2536
ENSG00000164151,5063
ENSG00000164161,4
ENSG00000164162,365
ENSG00000164163,4612
ENSG00000164164,2198
ENSG00000164167,661
ENSG00000164168,1998
ENSG00000164169,610
ENSG00000164171,1033
ENSG00000164172,1194
ENSG00000164175,11
ENSG00000164176,194
ENSG00000164180,588
ENSG00000164181,371
ENSG00000164182,586
ENSG00000164185,15
ENSG00000164187,1729
ENSG00000164188,4
ENSG00000164190,9669
ENSG00000164197,79
ENSG00000164199,2384
ENSG00000164209,1381
ENSG00000164211,124
ENSG00000164219,1332
ENSG00000164220,1177
ENSG00000164221,824
ENSG00000164236,145
ENSG00000164237,16571
ENSG00000164241,194
ENSG00000164244,4815
ENSG00000164251,946
ENSG00000164252,2624
ENSG00000164253,2183
ENSG00000164256,3
ENSG00000164258,1499
ENSG00000164265,8
ENSG00000164266,4
ENSG00000164270,0
ENSG00000164283,90
ENSG00000164284,1141
ENSG00000164287,347
ENSG00000164291,292
ENSG00000164292,1371
ENSG00000164294,2015
ENSG00000164296,458
ENSG00000164299,0
ENSG00000164300,3733
ENSG00000164303,7
ENSG00000164304,0
ENSG00000164305,3402
ENSG00000164306,760
ENSG00000164307,1750
ENSG00000164308,3187
ENSG00000164309,180
ENSG00000164318,405
ENSG00000164323,2167
ENSG00000164325,0
ENSG00000164326,0
ENSG00000164327,2417
ENSG00000164329,1362
ENSG00000164330,441
ENSG00000164331,622
ENSG00000164332,1269
ENSG00000164334,0
ENSG00000164338,873
ENSG00000164342,138
ENSG00000164344,28
ENSG00000164346,3981
ENSG00000164347,1422
ENSG00000164362,10
ENSG00000164363,0
ENSG00000164366,2164
ENSG00000164379,9
ENSG00000164385,1
ENSG00000164393,0
ENSG00000164398,66
ENSG00000164399,0
ENSG00000164400,5
ENSG00000164402,4976
ENSG00000164403,245
ENSG00000164404,136
ENSG00000164405,5109
ENSG00000164406,93
ENSG00000164411,3
ENSG00000164414,1132
ENSG00000164418,1
ENSG00000164430,243
ENSG00000164434,103
ENSG00000164438,0
ENSG00000164440,85
ENSG00000164442,2304
ENSG00000164451,0
ENSG00000164458,1
ENSG00000164463,700
ENSG00000164465,913
ENSG00000164466,2953
ENSG00000164483,53
ENSG00000164484,227
ENSG00000164485,222
ENSG00000164488,8
ENSG00000164494,3567
ENSG00000164500,0
ENSG00000164506,1643
ENSG00000164508,0
ENSG00000164509,4
ENSG00000164512,19
ENSG00000164520,14
ENSG00000164530,441
ENSG00000164532,0
ENSG00000164535,2341
ENSG00000164542,792
ENSG00000164543,2627
ENSG00000164548,4128
ENSG00000164556,5
ENSG00000164574,7606
ENSG00000164576,1667
ENSG00000164587,37694
ENSG00000164588,0
ENSG00000164591,13
ENSG00000164597,2651
ENSG00000164600,0
ENSG00000164603,644
ENSG00000164604,34
ENSG00000164609,2159
ENSG00000164610,318
ENSG00000164611,1575
ENSG00000164615,1336
ENSG00000164616,0
ENSG00000164619,31
ENSG00000164620,85
ENSG00000164621,1
ENSG00000164626,91
ENSG00000164627,42
ENSG00000164631,2072
ENSG00000164638,2625
ENSG00000164645,0
ENSG00000164647,178
ENSG00000164649,277
ENSG00000164651,0
ENSG00000164654,4428
ENSG00000164659,2052
ENSG00000164663,284
ENSG00000164669,65
ENSG00000164674,570
ENSG00000164675,31
ENSG00000164683,275
ENSG00000164684,5775
ENSG00000164687,250
ENSG00000164690,30
ENSG00000164691,410
ENSG00000164692,57278
ENSG00000164694,500
ENSG00000164695,688
ENSG00000164707,28
ENSG00000164708,0
ENSG00000164713,2873
ENSG00000164715,2997
ENSG00000164729,1
ENSG00000164733,34669
ENSG00000164736,97
ENSG00000164740,0
ENSG00000164741,1262
ENSG00000164742,69
ENSG00000164743,12
ENSG00000164744,0
ENSG00000164746,0
ENSG00000164749,4
ENSG00000164751,2753
ENSG00000164754,14528
ENSG00000164756,5
ENSG00000164758,314
ENSG00000164761,228
ENSG00000164764,85
ENSG00000164776,112
ENSG00000164778,4
ENSG00000164794,0
ENSG00000164796,2
ENSG00000164808,1237
ENSG00000164815,1769
ENSG00000164816,0
ENSG00000164818,4705
ENSG00000164821,0
ENSG00000164822,0
ENSG00000164823,3345
ENSG00000164825,97
ENSG00000164828,8408
ENSG00000164830,1153
ENSG00000164841,1
ENSG00000164845,88
ENSG00000164849,65
ENSG00000164850,54
ENSG00000164853,0
ENSG00000164855,111
ENSG00000164867,481
ENSG00000164871,0
ENSG00000164877,1485
ENSG00000164879,45
ENSG00000164880,6420
ENSG00000164885,1218
ENSG00000164889,4525
ENSG00000164893,3
ENSG00000164896,3929
ENSG00000164897,1086
ENSG00000164898,754
ENSG00000164900,0
ENSG00000164902,1849
ENSG00000164904,6494
ENSG00000164916,1132
ENSG00000164919,4913
ENSG00000164920,284
ENSG00000164924,43848
ENSG00000164929,72
ENSG00000164930,1672
ENSG00000164932,1969
ENSG00000164933,1142
ENSG00000164934,2452
ENSG00000164935,67
ENSG00000164938,4358
ENSG00000164941,7125
ENSG00000164944,5902
ENSG00000164946,139
ENSG00000164949,1184
ENSG00000164951,7180
ENSG00000164953,713
ENSG00000164961,2285
ENSG00000164967,1833
ENSG00000164970,2549
ENSG00000164972,8
ENSG00000164975,1896
ENSG00000164976,2376
ENSG00000164978,639
ENSG00000164983,1204
ENSG00000164985,3580
ENSG00000164989,242
ENSG00000165006,4122
ENSG00000165023,3
ENSG00000165025,1015
ENSG00000165028,43
ENSG00000165029,976
ENSG00000165030,1765
ENSG00000165046,55
ENSG00000165055,1420
ENSG00000165059,0
ENSG00000165060,230
ENSG00000165061,27
ENSG00000165066,71
ENSG00000165071,55
ENSG00000165072,142
ENSG00000165076,1
ENSG00000165078,1
ENSG00000165084,11
ENSG00000165091,116
ENSG00000165092,746
ENSG00000165097,1957
ENSG00000165102,6380
ENSG00000165105,2150
ENSG00000165113,377
ENSG00000165115,347
ENSG00000165118,1340
ENSG00000165119,45579
ENSG00000165120,2
ENSG00000165121,130
ENSG00000165124,1119
ENSG00000165125,2647
ENSG00000165131,1
ENSG00000165138,128
ENSG00000165140,1320
ENSG00000165152,81
ENSG00000165156,845
ENSG00000165164,116
ENSG00000165168,2221
ENSG00000165169,1078
ENSG00000165171,171
ENSG00000165175,3017
ENSG00000165178,66
ENSG00000165181,25
ENSG00000165182,4
ENSG00000165185,1694
ENSG00000165186,14
ENSG00000165188,9
ENSG00000165192,0
ENSG00000165194,44
ENSG00000165195,1311
ENSG00000165197,56
ENSG00000165202,2
ENSG00000165204,0
ENSG00000165209,6915
ENSG00000165215,15833
ENSG00000165219,4433
ENSG00000165233,453
ENSG00000165238,1950
ENSG00000165240,2826
ENSG00000165244,726
ENSG00000165246,22
ENSG00000165259,551
ENSG00000165264,1606
ENSG00000165269,470
ENSG00000165271,3389
ENSG00000165272,1159
ENSG00000165275,592
ENSG00000165280,41936
ENSG00000165282,6099
ENSG00000165283,10043
ENSG00000165288,1602
ENSG00000165300,4
ENSG00000165304,3458
ENSG00000165309,108
ENSG00000165312,576
ENSG00000165322,3478
ENSG00000165323,14
ENSG00000165325,1
ENSG00000165338,581
ENSG00000165349,11
ENSG00000165355,2505
ENSG00000165359,366
ENSG00000165370,0
ENSG00000165376,10
ENSG00000165379,20
ENSG00000165383,3
ENSG00000165389,4170
ENSG00000165392,4428
ENSG00000165406,1636
ENSG00000165409,30
ENSG00000165410,709
ENSG00000165416,1263
ENSG00000165417,3944
ENSG00000165424,1000
ENSG00000165434,811
ENSG00000165443,8
ENSG00000165449,92
ENSG00000165457,252
ENSG00000165458,5367
ENSG00000165462,0
ENSG00000165471,0
ENSG00000165474,1279
ENSG00000165475,499
ENSG00000165476,2988
ENSG00000165478,16
ENSG00000165480,1331
ENSG00000165487,312
ENSG00000165490,566
ENSG00000165494,2599
ENSG00000165495,555
ENSG00000165496,7
ENSG00000165501,955
ENSG00000165502,10133
ENSG00000165506,964
ENSG00000165507,3269
ENSG00000165509,0
ENSG00000165511,26
ENSG00000165512,1157
ENSG00000165516,2481
ENSG00000165521,24
ENSG00000165525,1834
ENSG00000165526,1277
ENSG00000165527,12654
ENSG00000165533,2212
ENSG00000165548,1248
ENSG00000165553,4
ENSG00000165555,105
ENSG00000165556,0
ENSG00000165566,1
ENSG00000165568,484
ENSG00000165572,559
ENSG00000165583,0
ENSG00000165584,0
ENSG00000165588,0
ENSG00000165591,648
ENSG00000165606,0
ENSG00000165609,5202
ENSG00000165617,443
ENSG00000165621,5
ENSG00000165623,1
ENSG00000165626,414
ENSG00000165629,7683
ENSG00000165630,409
ENSG00000165632,1010
ENSG00000165633,471
ENSG00000165637,3496
ENSG00000165643,13
ENSG00000165644,388
ENSG00000165646,30
ENSG00000165650,1932
ENSG00000165655,349
ENSG00000165660,995
ENSG00000165661,2082
ENSG00000165669,1342
ENSG00000165671,5490
ENSG00000165672,4839
ENSG00000165675,666
ENSG00000165678,9229
ENSG00000165682,1
ENSG00000165684,904
ENSG00000165685,13
ENSG00000165688,3152
ENSG00000165689,1652
ENSG00000165694,0
ENSG00000165695,417
ENSG00000165698,231
ENSG00000165699,1765
ENSG00000165702,1
ENSG00000165704,1786
ENSG00000165714,822
ENSG00000165716,274
ENSG00000165724,1788
ENSG00000165730,200
ENSG00000165731,848
ENSG00000165732,4711
ENSG00000165733,3902
ENSG00000165752,872
ENSG00000165757,966
ENSG00000165762,0
ENSG00000165775,2829
ENSG00000165782,3973
ENSG00000165792,3651
ENSG00000165794,11
ENSG00000165795,1310
ENSG00000165799,17
ENSG00000165801,807
ENSG00000165802,2107
ENSG00000165804,638
ENSG00000165805,0
ENSG00000165806,1698
ENSG00000165807,9
ENSG00000165810,501
ENSG00000165813,1976
ENSG00000165816,131
ENSG00000165819,4355
ENSG00000165821,1100
ENSG00000165828,4
ENSG00000165832,1277
ENSG00000165837,9
ENSG00000165841,0
ENSG00000165861,2184
ENSG00000165863,4
ENSG00000165868,1639
ENSG00000165874,3
ENSG00000165879,285
ENSG00000165886,1012
ENSG00000165887,7
ENSG00000165891,252
ENSG00000165895,373
ENSG00000165898,1650
ENSG00000165899,12
ENSG00000165905,2147
ENSG00000165912,3606
ENSG00000165914,287
ENSG00000165915,1372
ENSG00000165916,6764
ENSG00000165917,1
ENSG00000165923,61
ENSG00000165929,14316
ENSG00000165934,6953
ENSG00000165935,1
ENSG00000165943,1813
ENSG00000165948,322
ENSG00000165949,5960
ENSG00000165953,3
ENSG00000165959,6812
ENSG00000165966,25
ENSG00000165970,0
ENSG00000165972,16
ENSG00000165973,0
ENSG00000165983,136
ENSG00000165985,11
ENSG00000165995,22
ENSG00000165996,28
ENSG00000165997,1323
ENSG00000166002,491
ENSG00000166004,633
ENSG00000166006,2
ENSG00000166007,0
ENSG00000166012,1910
ENSG00000166013,0
ENSG00000166016,541
ENSG00000166024,845
ENSG00000166025,1325
ENSG00000166033,3749
ENSG00000166035,26
ENSG00000166037,1804
ENSG00000166046,157
ENSG00000166049,0
ENSG00000166068,1944
ENSG00000166069,1
ENSG00000166073,219
ENSG00000166086,612
ENSG00000166090,0
ENSG00000166091,7
ENSG00000166104,24
ENSG00000166105,6
ENSG00000166106,484
ENSG00000166111,18
ENSG00000166118,0
ENSG00000166123,2531
ENSG00000166126,11
ENSG00000166128,1373
ENSG00000166130,496
ENSG00000166133,622
ENSG00000166135,4309
ENSG00000166136,1681
ENSG00000166140,2277
ENSG00000166143,16
ENSG00000166145,20306
ENSG00000166147,3255
ENSG00000166148,181
ENSG00000166152,0
ENSG00000166153,63
ENSG00000166159,125
ENSG00000166160,0
ENSG00000166164,3746
ENSG00000166165,29007
ENSG00000166166,2149
ENSG00000166167,2274
ENSG00000166169,1039
ENSG00000166170,4621
ENSG00000166171,1172
ENSG00000166173,345
ENSG00000166181,5563
ENSG00000166183,9
ENSG00000166188,2383
ENSG00000166189,923
ENSG00000166192,143
ENSG00000166197,8213
ENSG00000166199,1266
ENSG00000166200,3642
ENSG00000166206,542
ENSG00000166211,1
ENSG00000166220,15
ENSG00000166224,6983
ENSG00000166225,1141
ENSG00000166226,9523
ENSG00000166228,2798
ENSG00000166233,4998
ENSG00000166246,148
ENSG00000166250,803
ENSG00000166257,57
ENSG00000166260,4982
ENSG00000166261,833
ENSG00000166262,141
ENSG00000166263,1909
ENSG00000166265,422
ENSG00000166266,2595
ENSG00000166268,25
ENSG00000166272,2888
ENSG00000166275,755
ENSG00000166278,730
ENSG00000166289,179
ENSG00000166292,69
ENSG00000166295,4056
ENSG00000166311,2095
ENSG00000166313,1001
ENSG00000166317,3
ENSG00000166321,75
ENSG00000166323,104
ENSG00000166326,6251
ENSG00000166329,1
ENSG00000166333,466
ENSG00000166337,2262
ENSG00000166340,8752
ENSG00000166341,545
ENSG00000166342,5
ENSG00000166343,37
ENSG00000166347,3916
ENSG00000166348,1747
ENSG00000166349,32
ENSG00000166351,0
ENSG00000166352,552
ENSG00000166359,117
ENSG00000166363,0
ENSG00000166368,0
ENSG00000166377,954
ENSG00000166387,4960
ENSG00000166391,18
ENSG00000166394,2167
ENSG00000166396,1
ENSG00000166398,2381
ENSG00000166401,267
ENSG00000166402,390
ENSG00000166405,57
ENSG00000166407,1
ENSG00000166408,0
ENSG00000166411,1786
ENSG00000166415,3
ENSG00000166426,9
ENSG00000166428,142
ENSG00000166432,272
ENSG00000166435,584
ENSG00000166436,454
ENSG00000166439,542
ENSG00000166441,35688
ENSG00000166444,1512
ENSG00000166446,2718
ENSG00000166448,47
ENSG00000166450,57
ENSG00000166451,1281
ENSG00000166452,450
ENSG00000166454,6158
ENSG00000166455,252
ENSG00000166471,1356
ENSG00000166473,19
ENSG00000166477,2580
ENSG00000166478,1473
ENSG00000166479,1968
ENSG00000166482,1318
ENSG00000166483,4675
ENSG00000166484,1677
ENSG00000166492,24
ENSG00000166501,501
ENSG00000166503,4694
ENSG00000166507,101
ENSG00000166508,9835
ENSG00000166509,982
ENSG00000166510,37
ENSG00000166523,132
ENSG00000166526,3898
ENSG00000166527,6
ENSG00000166529,712
ENSG00000166530,0
ENSG00000166532,1325
ENSG00000166535,21
ENSG00000166546,133
ENSG00000166548,3951
ENSG00000166557,12966
ENSG00000166558,4
ENSG00000166562,2169
ENSG00000166569,12
ENSG00000166573,0
ENSG00000166575,2041
ENSG00000166578,389
ENSG00000166579,1657
ENSG00000166582,1535
ENSG00000166589,2
ENSG00000166592,327
ENSG00000166595,7631
ENSG00000166596,58
ENSG00000166598,42245
ENSG00000166603,0
ENSG00000166619,8114
ENSG00000166634,0
ENSG00000166664,5
ENSG00000166669,92
ENSG00000166670,244
ENSG00000166676,47
ENSG00000166681,1966
ENSG00000166682,13
ENSG00000166685,4911
ENSG00000166689,819
ENSG00000166693,0
ENSG00000166704,1294
ENSG00000166707,21
ENSG00000166710,59436
ENSG00000166716,3341
ENSG00000166734,4502
ENSG00000166736,10
ENSG00000166741,2993
ENSG00000166743,16
ENSG00000166747,10821
ENSG00000166748,1
ENSG00000166750,2122
ENSG00000166762,52
ENSG00000166763,16
ENSG00000166770,87
ENSG00000166780,1851
ENSG00000166783,4615
ENSG00000166787,0
ENSG00000166788,901
ENSG00000166793,34
ENSG00000166794,11504
ENSG00000166796,6
ENSG00000166797,1198
ENSG00000166800,0
ENSG00000166801,6626
ENSG00000166803,792
ENSG00000166813,703
ENSG00000166816,236
ENSG00000166819,4607
ENSG00000166821,4262
ENSG00000166822,1254
ENSG00000166823,883
ENSG00000166825,407
ENSG00000166828,40
ENSG00000166831,340
ENSG00000166833,637
ENSG00000166839,163
ENSG00000166840,27
ENSG00000166845,359
ENSG00000166847,4825
ENSG00000166848,5899
ENSG00000166851,4233
ENSG00000166855,2264
ENSG00000166856,5
ENSG00000166860,441
ENSG00000166862,3
ENSG00000166863,1
ENSG00000166866,13
ENSG00000166869,9
ENSG00000166881,2694
ENSG00000166884,11
ENSG00000166886,1273
ENSG00000166887,2036
ENSG00000166888,6040
ENSG00000166889,5608
ENSG00000166896,482
ENSG00000166897,120
ENSG00000166900,9786
ENSG00000166902,3204
ENSG00000166908,4638
ENSG00000166912,1271
ENSG00000166913,33070
ENSG00000166917,0
ENSG00000166920,501
ENSG00000166922,127
ENSG00000166923,895
ENSG00000166924,23
ENSG00000166925,2737
ENSG00000166926,0
ENSG00000166927,530
ENSG00000166928,35
ENSG00000166930,0
ENSG00000166938,1480
ENSG00000166946,1240
ENSG00000166947,7
ENSG00000166948,0
ENSG00000166949,2251
ENSG00000166959,0
ENSG00000166960,14
ENSG00000166961,3
ENSG00000166963,510
ENSG00000166965,1187
ENSG00000166971,1411
ENSG00000166974,1199
ENSG00000166979,495
ENSG00000166984,0
ENSG00000166986,5568
ENSG00000166987,2351
ENSG00000166997,1313
ENSG00000167004,41828
ENSG00000167005,7621
ENSG00000167011,2
ENSG00000167014,0
ENSG00000167034,186
ENSG00000167037,483
ENSG00000167046,1
ENSG00000167065,426
ENSG00000167074,900
ENSG00000167077,195
ENSG00000167080,166
ENSG00000167081,6744
ENSG00000167083,42
ENSG00000167085,9163
ENSG00000167088,2916
ENSG00000167094,118
ENSG00000167098,0
ENSG00000167100,67
ENSG00000167103,71
ENSG00000167104,0
ENSG00000167105,8
ENSG00000167106,12552
ENSG00000167107,2738
ENSG00000167110,15186
ENSG00000167112,6542
ENSG00000167113,6241
ENSG00000167114,3612
ENSG00000167117,1
ENSG00000167118,5848
ENSG00000167123,4220
ENSG00000167130,5179
ENSG00000167131,0
ENSG00000167136,588
ENSG00000167139,0
ENSG00000167157,348
ENSG00000167165,3132
ENSG00000167173,2564
ENSG00000167178,43
ENSG00000167182,1102
ENSG00000167183,840
ENSG00000167186,1192
ENSG00000167191,1505
ENSG00000167193,4991
ENSG00000167194,4
ENSG00000167195,0
ENSG00000167196,2079
ENSG00000167202,1776
ENSG00000167207,179
ENSG00000167208,535
ENSG00000167210,17
ENSG00000167216,127
ENSG00000167220,1116
ENSG00000167232,1314
ENSG00000167244,2490
ENSG00000167257,448
ENSG00000167258,10152
ENSG00000167261,76
ENSG00000167264,2098
ENSG00000167272,1138
ENSG00000167280,510
ENSG00000167281,6
ENSG00000167283,7229
ENSG00000167286,325
ENSG00000167291,2403
ENSG00000167302,374
ENSG00000167306,14748
ENSG00000167311,3
ENSG00000167315,4425
ENSG00000167323,4379
ENSG00000167325,5194
ENSG00000167332,9
ENSG00000167333,1317
ENSG00000167346,0
ENSG00000167355,0
ENSG00000167359,0
ENSG00000167360,0
ENSG00000167363,1065
ENSG00000167371,97
ENSG00000167377,125
ENSG00000167378,2381
ENSG00000167380,683
ENSG00000167384,850
ENSG00000167390,0
ENSG00000167393,990
ENSG00000167394,350
ENSG00000167395,2154
ENSG00000167397,2214
ENSG00000167414,8
ENSG00000167419,3
ENSG00000167434,84
ENSG00000167447,5198
ENSG00000167459,0
ENSG00000167460,32252
ENSG00000167461,2726
ENSG00000167468,20251
ENSG00000167470,10425
ENSG00000167476,214
ENSG00000167483,76
ENSG00000167487,865
ENSG00000167491,4877
ENSG00000167494,1
ENSG00000167508,4953
ENSG00000167513,2154
ENSG00000167515,2694
ENSG00000167522,6339
ENSG00000167523,1640
ENSG00000167524,689
ENSG00000167525,446
ENSG00000167526,66029
ENSG00000167528,895
ENSG00000167531,0
ENSG00000167535,2635
ENSG00000167536,1461
ENSG00000167543,13662
ENSG00000167548,3647
ENSG00000167549,135
ENSG00000167550,68
ENSG00000167552,20125
ENSG00000167553,11309
ENSG00000167554,553
ENSG00000167555,1411
ENSG00000167562,538
ENSG00000167565,1383
ENSG00000167566,997
ENSG00000167578,586
ENSG00000167580,27
ENSG00000167588,1992
ENSG00000167595,746
ENSG00000167600,118
ENSG00000167601,941
ENSG00000167604,221
ENSG00000167608,522
ENSG00000167612,0
ENSG00000167613,1125
ENSG00000167614,69
ENSG00000167615,2385
ENSG00000167617,89
ENSG00000167618,4
ENSG00000167619,29
ENSG00000167625,785
ENSG00000167632,1095
ENSG00000167633,3
ENSG00000167634,24
ENSG00000167635,6865
ENSG00000167637,221
ENSG00000167641,98
ENSG00000167642,43825
ENSG00000167644,23
ENSG00000167645,2156
ENSG00000167646,583
ENSG00000167653,4862
ENSG00000167654,0
ENSG00000167656,98
ENSG00000167657,3763
ENSG00000167658,140360
ENSG00000167664,11
ENSG00000167670,1973
ENSG00000167671,3892
ENSG00000167674,4033
ENSG00000167676,7278
ENSG00000167680,458
ENSG00000167685,604
ENSG00000167693,6366
ENSG00000167695,579
ENSG00000167699,2927
ENSG00000167700,477
ENSG00000167701,18
ENSG00000167702,462
ENSG00000167703,6921
ENSG00000167705,260
ENSG00000167711,114
ENSG00000167716,1202
ENSG00000167720,564
ENSG00000167721,2728
ENSG00000167723,3
ENSG00000167733,160
ENSG00000167740,884
ENSG00000167741,1422
ENSG00000167747,2732
ENSG00000167748,18
ENSG00000167749,44
ENSG00000167751,25
ENSG00000167754,33
ENSG00000167755,19
ENSG00000167757,6
ENSG00000167759,2
ENSG00000167766,1469
ENSG00000167767,2220
ENSG00000167768,5
ENSG00000167769,3
ENSG00000167770,9549
ENSG00000167771,767
ENSG00000167772,751
ENSG00000167774,1
ENSG00000167775,711
ENSG00000167778,3516
ENSG00000167779,214
ENSG00000167780,7
ENSG00000167785,1015
ENSG00000167791,0
ENSG00000167792,6872
ENSG00000167797,7838
ENSG00000167798,0
ENSG00000167799,1058
ENSG00000167800,129
ENSG00000167807,13
ENSG00000167815,5154
ENSG00000167822,0
ENSG00000167825,0
ENSG00000167840,716
ENSG00000167842,1115
ENSG00000167850,44
ENSG00000167851,232
ENSG00000167858,24
ENSG00000167861,21475
ENSG00000167862,3382
ENSG00000167863,16280
ENSG00000167874,96
ENSG00000167880,3167
ENSG00000167881,9806
ENSG00000167889,405
ENSG00000167895,615
ENSG00000167900,5131
ENSG00000167904,327
ENSG00000167910,1
ENSG00000167912,13
ENSG00000167914,31
ENSG00000167916,0
ENSG00000167920,227
ENSG00000167925,954
ENSG00000167930,4878
ENSG00000167941,3
ENSG00000167945,0
ENSG00000167962,2222
ENSG00000167964,27
ENSG00000167965,1799
ENSG00000167967,1039
ENSG00000167968,16
ENSG00000167969,1884
ENSG00000167971,25
ENSG00000167972,939
ENSG00000167977,4452
ENSG00000167978,20504
ENSG00000167981,859
ENSG00000167984,264
ENSG00000167985,1355
ENSG00000167986,43238
ENSG00000167987,5037
ENSG00000167992,46
ENSG00000167994,820
ENSG00000167995,206
ENSG00000167996,79228
ENSG00000168000,977
ENSG00000168002,6817
ENSG00000168003,11611
ENSG00000168004,4351
ENSG00000168005,4375
ENSG00000168010,324
ENSG00000168014,1787
ENSG00000168016,691
ENSG00000168026,464
ENSG00000168028,22456
ENSG00000168032,177
ENSG00000168036,18143
ENSG00000168038,388
ENSG00000168040,791
ENSG00000168056,2910
ENSG00000168060,70
ENSG00000168061,1389
ENSG00000168062,142
ENSG00000168065,5
ENSG00000168066,13792
ENSG00000168067,2521
ENSG00000168070,0
ENSG00000168071,454
ENSG00000168077,1746
ENSG00000168078,431
ENSG00000168079,146
ENSG00000168081,43
ENSG00000168090,9001
ENSG00000168092,7208
ENSG00000168096,353
ENSG00000168101,2796
ENSG00000168116,153
ENSG00000168118,2584
ENSG00000168122,0
ENSG00000168124,0
ENSG00000168126,6
ENSG00000168129,0
ENSG00000168131,1
ENSG00000168135,10
ENSG00000168137,5367
ENSG00000168140,2871
ENSG00000168143,178
ENSG00000168148,0
ENSG00000168152,167
ENSG00000168158,3
ENSG00000168159,17765
ENSG00000168172,3215
ENSG00000168175,4828
ENSG00000168209,3259
ENSG00000168214,2990
ENSG00000168216,1582
ENSG00000168228,289
ENSG00000168229,22
ENSG00000168234,1680
ENSG00000168237,101
ENSG00000168243,2927
ENSG00000168246,2448
ENSG00000168255,73
ENSG00000168256,2427
ENSG00000168259,2915
ENSG00000168260,6
ENSG00000168263,2
ENSG00000168264,12501
ENSG00000168267,0
ENSG00000168268,8173
ENSG00000168269,155
ENSG00000168273,558
ENSG00000168275,2288
ENSG00000168280,1003
ENSG00000168282,69
ENSG00000168283,3301
ENSG00000168286,3504
ENSG00000168288,5399
ENSG00000168291,4464
ENSG00000168297,297
ENSG00000168298,44
ENSG00000168300,1704
ENSG00000168301,351
ENSG00000168303,1026
ENSG00000168306,296
ENSG00000168309,271
ENSG00000168310,2455
ENSG00000168314,6
ENSG00000168329,80
ENSG00000168333,0
ENSG00000168334,221
ENSG00000168348,1
ENSG00000168350,521
ENSG00000168356,18
ENSG00000168367,0
ENSG00000168374,12523
ENSG00000168385,36230
ENSG00000168386,1210
ENSG00000168389,6036
ENSG00000168393,3471
ENSG00000168394,5189
ENSG00000168395,1483
ENSG00000168397,4190
ENSG00000168398,576
ENSG00000168404,271
ENSG00000168405,736
ENSG00000168411,5212
ENSG00000168412,1
ENSG00000168418,0
ENSG00000168421,529
ENSG00000168427,13
ENSG00000168434,3092
ENSG00000168438,551
ENSG00000168439,21910
ENSG00000168447,267
ENSG00000168453,2698
ENSG00000168454,5
ENSG00000168461,3502
ENSG00000168476,1510
ENSG00000168477,652
ENSG00000168481,22
ENSG00000168484,2
ENSG00000168487,709
ENSG00000168488,5086
ENSG00000168490,40
ENSG00000168491,59
ENSG00000168495,1013
ENSG00000168496,5318
ENSG00000168497,477
ENSG00000168502,580
ENSG00000168505,154
ENSG00000168509,0
ENSG00000168515,0
ENSG00000168517,50
ENSG00000168522,4415
ENSG00000168528,25734
ENSG00000168530,0
ENSG00000168538,2029
ENSG00000168539,444
ENSG00000168542,50239
ENSG00000168546,49
ENSG00000168556,984
ENSG00000168564,1074
ENSG00000168566,372
ENSG00000168569,1388
ENSG00000168575,4176
ENSG00000168582,0
ENSG00000168589,175
ENSG00000168591,937
ENSG00000168594,4
ENSG00000168610,7341
ENSG00000168612,3405
ENSG00000168615,4029
ENSG00000168619,0
ENSG00000168621,3
ENSG00000168630,0
ENSG00000168631,0
ENSG00000168634,2
ENSG00000168646,96
ENSG00000168653,10162
ENSG00000168658,65
ENSG00000168661,236
ENSG00000168671,20
ENSG00000168672,2694
ENSG00000168675,3136
ENSG00000168676,3
ENSG00000168679,95
ENSG00000168685,1300
ENSG00000168701,3713
ENSG00000168702,2
ENSG00000168703,0
ENSG00000168710,5101
ENSG00000168724,5658
ENSG00000168734,1688
ENSG00000168743,2686
ENSG00000168746,0
ENSG00000168748,5
ENSG00000168754,14
ENSG00000168757,0
ENSG00000168758,4184
ENSG00000168763,2418
ENSG00000168765,293
ENSG00000168769,1097
ENSG00000168772,31
ENSG00000168778,1604
ENSG00000168779,116
ENSG00000168781,285
ENSG00000168785,1466
ENSG00000168787,0
ENSG00000168792,13298
ENSG00000168795,2139
ENSG00000168802,5672
ENSG00000168803,414
ENSG00000168806,1043
ENSG00000168807,7147
ENSG00000168811,9
ENSG00000168813,1414
ENSG00000168818,817
ENSG00000168824,114
ENSG00000168826,190
ENSG00000168827,1643
ENSG00000168828,1
ENSG00000168830,0
ENSG00000168843,7
ENSG00000168852,5
ENSG00000168872,3835
ENSG00000168874,125
ENSG00000168875,0
ENSG00000168876,507
ENSG00000168878,6
ENSG00000168883,7040
ENSG00000168884,1308
ENSG00000168887,2825
ENSG00000168890,1104
ENSG00000168894,7063
ENSG00000168899,1022
ENSG00000168903,0
ENSG00000168904,754
ENSG00000168906,7174
ENSG00000168907,215
ENSG00000168913,282
ENSG00000168916,1478
ENSG00000168917,94
ENSG00000168918,893
ENSG00000168924,2631
ENSG00000168925,0
ENSG00000168928,0
ENSG00000168930,0
ENSG00000168936,734
ENSG00000168938,6009
ENSG00000168939,45
ENSG00000168944,750
ENSG00000168952,19
ENSG00000168955,3
ENSG00000168958,4131
ENSG00000168959,0
ENSG00000168961,1710
ENSG00000168967,0
ENSG00000168970,115
ENSG00000168992,11
ENSG00000168993,144
ENSG00000168994,1365
ENSG00000168995,53
ENSG00000169006,2
ENSG00000169016,1226
ENSG00000169018,3453
ENSG00000169019,307
ENSG00000169020,2731
ENSG00000169021,3775
ENSG00000169026,94
ENSG00000169031,152
ENSG00000169032,2320
ENSG00000169035,13
ENSG00000169040,0
ENSG00000169045,17666
ENSG00000169047,2218
ENSG00000169057,2076
ENSG00000169059,0
ENSG00000169062,3449
ENSG00000169064,4
ENSG00000169067,9
ENSG00000169071,266
ENSG00000169075,0
ENSG00000169083,10968
ENSG00000169084,1119
ENSG00000169085,6
ENSG00000169087,435
ENSG00000169093,2306
ENSG00000169100,18900
ENSG00000169105,916
ENSG00000169116,632
ENSG00000169118,2086
ENSG00000169122,159
ENSG00000169126,8
ENSG00000169129,481
ENSG00000169131,1006
ENSG00000169136,2203
ENSG00000169139,1520
ENSG00000169154,0
ENSG00000169155,1723
ENSG00000169164,0
ENSG00000169169,71
ENSG00000169174,3411
ENSG00000169180,5334
ENSG00000169181,11
ENSG00000169184,1302
ENSG00000169188,5698
ENSG00000169189,2397
ENSG00000169193,362
ENSG00000169194,2
ENSG00000169203,13
ENSG00000169208,1
ENSG00000169213,235
ENSG00000169214,0
ENSG00000169217,5514
ENSG00000169218,286
ENSG00000169220,573
ENSG00000169221,3666
ENSG00000169223,11391
ENSG00000169224,62
ENSG00000169228,299
ENSG00000169230,2764
ENSG00000169231,1890
ENSG00000169239,1113
ENSG00000169241,10680
ENSG00000169242,9162
ENSG00000169245,1388
ENSG00000169246,28
ENSG00000169247,29
ENSG00000169248,502
ENSG00000169249,918
ENSG00000169251,5355
ENSG00000169252,159
ENSG00000169253,2
ENSG00000169255,1972
ENSG00000169258,1558
ENSG00000169271,0
ENSG00000169282,70
ENSG00000169288,2429
ENSG00000169291,263
ENSG00000169297,0
ENSG00000169299,774
ENSG00000169302,20
ENSG00000169306,0
ENSG00000169313,15
ENSG00000169314,3
ENSG00000169325,0
ENSG00000169327,0
ENSG00000169330,74
ENSG00000169340,0
ENSG00000169344,3
ENSG00000169347,10
ENSG00000169359,1156
ENSG00000169371,495
ENSG00000169372,201
ENSG00000169375,5993
ENSG00000169379,603
ENSG00000169385,17
ENSG00000169393,0
ENSG00000169397,0
ENSG00000169398,5118
ENSG00000169402,2
ENSG00000169403,888
ENSG00000169410,2255
ENSG00000169413,395
ENSG00000169418,547
ENSG00000169427,2
ENSG00000169429,959
ENSG00000169432,24
ENSG00000169435,395
ENSG00000169436,43
ENSG00000169439,895
ENSG00000169442,1040
ENSG00000169446,1483
ENSG00000169469,0
ENSG00000169474,0
ENSG00000169484,0
ENSG00000169488,0
ENSG00000169490,1904
ENSG00000169495,27
ENSG00000169499,894
ENSG00000169504,13595
ENSG00000169507,10
ENSG00000169508,512
ENSG00000169509,0
ENSG00000169515,435
ENSG00000169519,279
ENSG00000169548,3
ENSG00000169550,2402
ENSG00000169551,1
ENSG00000169554,1026
ENSG00000169562,30
ENSG00000169564,8491
ENSG00000169567,6319
ENSG00000169570,266
ENSG00000169575,0
ENSG00000169583,1699
ENSG00000169592,1880
ENSG00000169594,5
ENSG00000169598,211
ENSG00000169599,1691
ENSG00000169604,3181
ENSG00000169605,0
ENSG00000169607,936
ENSG00000169609,938
ENSG00000169612,775
ENSG00000169618,5
ENSG00000169621,144
ENSG00000169627,35
ENSG00000169629,10
ENSG00000169635,280
ENSG00000169641,3328
ENSG00000169660,878
ENSG00000169662,0
ENSG00000169668,1
ENSG00000169676,1
ENSG00000169679,3762
ENSG00000169682,77
ENSG00000169683,1695
ENSG00000169684,180
ENSG00000169688,0
ENSG00000169689,3420
ENSG00000169692,6565
ENSG00000169696,2074
ENSG00000169704,0
ENSG00000169710,39188
ENSG00000169714,19813
ENSG00000169715,3516
ENSG00000169717,0
ENSG00000169718,5575
ENSG00000169727,7101
ENSG00000169733,892
ENSG00000169738,6122
ENSG00000169740,2050
ENSG00000169744,496
ENSG00000169750,2209
ENSG00000169752,20
ENSG00000169756,3674
ENSG00000169758,64
ENSG00000169760,41
ENSG00000169762,1425
ENSG00000169763,0
ENSG00000169764,6671
ENSG00000169777,0
ENSG00000169783,218
ENSG00000169789,0
ENSG00000169800,0
ENSG00000169807,0
ENSG00000169811,0
ENSG00000169813,16478
ENSG00000169814,2211
ENSG00000169826,767
ENSG00000169836,3
ENSG00000169840,0
ENSG00000169849,0
ENSG00000169851,260
ENSG00000169855,314
ENSG00000169856,12
ENSG00000169857,1022
ENSG00000169860,33
ENSG00000169862,7885
ENSG00000169871,3134
ENSG00000169876,0
ENSG00000169877,0
ENSG00000169884,9
ENSG00000169885,9
ENSG00000169891,1102
ENSG00000169894,65
ENSG00000169895,9062
ENSG00000169896,507
ENSG00000169900,5
ENSG00000169902,805
ENSG00000169903,4
ENSG00000169905,5515
ENSG00000169906,3
ENSG00000169908,11758
ENSG00000169914,1246
ENSG00000169918,202
ENSG00000169919,10638
ENSG00000169925,4123
ENSG00000169926,2606
ENSG00000169933,84
ENSG00000169946,109
ENSG00000169951,475
ENSG00000169953,0
ENSG00000169955,787
ENSG00000169957,5506
ENSG00000169962,89
ENSG00000169964,396
ENSG00000169967,3393
ENSG00000169972,526
ENSG00000169976,7043
ENSG00000169981,684
ENSG00000169989,19
ENSG00000169991,2196
ENSG00000169992,1556
ENSG00000169994,24
ENSG00000170004,7053
ENSG00000170006,811
ENSG00000170011,81
ENSG00000170017,9996
ENSG00000170027,20406
ENSG00000170035,3353
ENSG00000170037,1864
ENSG00000170043,4474
ENSG00000170044,16
ENSG00000170049,27
ENSG00000170054,4
ENSG00000170074,2
ENSG00000170075,37
ENSG00000170085,651
ENSG00000170088,1074
ENSG00000170089,788
ENSG00000170091,5
ENSG00000170092,10
ENSG00000170099,1
ENSG00000170100,481
ENSG00000170113,1356
ENSG00000170122,1
ENSG00000170128,1
ENSG00000170142,2340
ENSG00000170144,23034
ENSG00000170145,2023
ENSG00000170152,0
ENSG00000170153,192
ENSG00000170160,8
ENSG00000170161,58
ENSG00000170162,0
ENSG00000170165,1
ENSG00000170166,5
ENSG00000170175,332
ENSG00000170178,3
ENSG00000170180,0
ENSG00000170185,1987
ENSG00000170190,457
ENSG00000170191,416
ENSG00000170209,11
ENSG00000170214,4
ENSG00000170222,195
ENSG00000170231,0
ENSG00000170234,794
ENSG00000170236,3
ENSG00000170242,5462
ENSG00000170248,6921
ENSG00000170255,0
ENSG00000170260,1179
ENSG00000170262,39
ENSG00000170264,601
ENSG00000170265,2358
ENSG00000170266,3884
ENSG00000170270,934
ENSG00000170271,276
ENSG00000170275,7219
ENSG00000170276,20
ENSG00000170279,0
ENSG00000170289,119
ENSG00000170290,12
ENSG00000170291,1143
ENSG00000170293,833
ENSG00000170296,3084
ENSG00000170298,2
ENSG00000170310,1053
ENSG00000170312,3429
ENSG00000170315,53423
ENSG00000170322,1761
ENSG00000170323,7439
ENSG00000170324,1
ENSG00000170325,906
ENSG00000170340,3186
ENSG00000170345,10625
ENSG00000170348,28745
ENSG00000170356,0
ENSG00000170364,1147
ENSG00000170365,1146
ENSG00000170367,0
ENSG00000170369,88
ENSG00000170370,20
ENSG00000170373,1
ENSG00000170374,0
ENSG00000170379,349
ENSG00000170381,1686
ENSG00000170382,403
ENSG00000170385,1095
ENSG00000170390,90
ENSG00000170396,11
ENSG00000170409,0
ENSG00000170412,3147
ENSG00000170417,253
ENSG00000170419,79
ENSG00000170421,46245
ENSG00000170423,0
ENSG00000170425,164
ENSG00000170426,3
ENSG00000170430,2516
ENSG00000170439,75
ENSG00000170442,137
ENSG00000170445,2712
ENSG00000170448,312
ENSG00000170454,32
ENSG00000170456,929
ENSG00000170458,1644
ENSG00000170464,265
ENSG00000170465,5
ENSG00000170468,1394
ENSG00000170469,77
ENSG00000170471,5539
ENSG00000170473,1778
ENSG00000170476,1939
ENSG00000170477,30
ENSG00000170482,26
ENSG00000170484,0
ENSG00000170485,169
ENSG00000170486,0
ENSG00000170498,2
ENSG00000170500,373
ENSG00000170502,834
ENSG00000170509,43
ENSG00000170515,6246
ENSG00000170516,0
ENSG00000170522,672
ENSG00000170523,157
ENSG00000170525,3760
ENSG00000170537,108
ENSG00000170540,13196
ENSG00000170542,722
ENSG00000170545,187
ENSG00000170549,97
ENSG00000170558,56
ENSG00000170561,6328
ENSG00000170571,2385
ENSG00000170577,1771
ENSG00000170579,13
ENSG00000170581,3770
ENSG00000170584,1230
ENSG00000170590,0
ENSG00000170604,1259
ENSG00000170605,0
ENSG00000170606,9644
ENSG00000170608,8
ENSG00000170613,0
ENSG00000170615,1
ENSG00000170619,1142
ENSG00000170624,155
ENSG00000170627,7
ENSG00000170629,7
ENSG00000170631,755
ENSG00000170632,2634
ENSG00000170633,2176
ENSG00000170634,352
ENSG00000170638,1256
ENSG00000170647,167
ENSG00000170653,2171
ENSG00000170667,2
ENSG00000170677,2329
ENSG00000170681,74
ENSG00000170683,0
ENSG00000170684,909
ENSG00000170688,1
ENSG00000170689,19
ENSG00000170703,5
ENSG00000170734,455
ENSG00000170743,29
ENSG00000170745,1589
ENSG00000170748,0
ENSG00000170759,14170
ENSG00000170775,97
ENSG00000170776,7686
ENSG00000170777,1
ENSG00000170779,2747
ENSG00000170782,0
ENSG00000170786,97
ENSG00000170788,3
ENSG00000170790,0
ENSG00000170791,400
ENSG00000170801,2121
ENSG00000170802,417
ENSG00000170803,0
ENSG00000170807,1
ENSG00000170819,66
ENSG00000170820,0
ENSG00000170827,1
ENSG00000170832,12891
ENSG00000170835,1791
ENSG00000170836,2320
ENSG00000170837,1064
ENSG00000170846,549
ENSG00000170848,0
ENSG00000170852,1782
ENSG00000170854,1187
ENSG00000170855,1306
ENSG00000170858,0
ENSG00000170860,2240
ENSG00000170871,1693
ENSG00000170873,524
ENSG00000170876,5816
ENSG00000170881,1631
ENSG00000170889,27900
ENSG00000170890,0
ENSG00000170891,28
ENSG00000170892,3195
ENSG00000170893,0
ENSG00000170899,860
ENSG00000170903,682
ENSG00000170906,1560
ENSG00000170909,109
ENSG00000170915,190
ENSG00000170917,21
ENSG00000170919,118
ENSG00000170920,0
ENSG00000170921,15228
ENSG00000170923,0
ENSG00000170925,0
ENSG00000170927,27
ENSG00000170929,0
ENSG00000170935,10
ENSG00000170946,363
ENSG00000170948,0
ENSG00000170949,1659
ENSG00000170950,0
ENSG00000170953,1
ENSG00000170954,95
ENSG00000170955,260
ENSG00000170956,6
ENSG00000170959,52
ENSG00000170961,209
ENSG00000170962,384
ENSG00000170965,20
ENSG00000170967,1
ENSG00000170983,0
ENSG00000170989,769
ENSG00000171004,168
ENSG00000171014,0
ENSG00000171016,80
ENSG00000171017,101
ENSG00000171033,76
ENSG00000171044,7
ENSG00000171045,779
ENSG00000171049,11
ENSG00000171051,167
ENSG00000171053,1
ENSG00000171054,0
ENSG00000171055,1955
ENSG00000171056,200
ENSG00000171060,0
ENSG00000171067,3704
ENSG00000171084,1013
ENSG00000171094,10
ENSG00000171097,358
ENSG00000171100,969
ENSG00000171101,3
ENSG00000171102,1
ENSG00000171103,646
ENSG00000171105,3511
ENSG00000171109,10394
ENSG00000171115,483
ENSG00000171116,0
ENSG00000171119,24
ENSG00000171121,343
ENSG00000171124,133
ENSG00000171126,115
ENSG00000171130,3512
ENSG00000171132,271
ENSG00000171133,1
ENSG00000171135,1338
ENSG00000171136,0
ENSG00000171148,6552
ENSG00000171150,775
ENSG00000171155,915
ENSG00000171159,4632
ENSG00000171160,476
ENSG00000171161,2948
ENSG00000171163,1380
ENSG00000171169,1138
ENSG00000171174,286
ENSG00000171180,0
ENSG00000171189,18
ENSG00000171195,0
ENSG00000171199,0
ENSG00000171201,0
ENSG00000171202,608
ENSG00000171204,895
ENSG00000171206,6126
ENSG00000171208,2222
ENSG00000171209,0
ENSG00000171217,12
ENSG00000171219,1813
ENSG00000171222,4118
ENSG00000171223,4069
ENSG00000171224,350
ENSG00000171227,658
ENSG00000171234,2
ENSG00000171236,64
ENSG00000171241,1090
ENSG00000171243,13
ENSG00000171246,86
ENSG00000171262,2382
ENSG00000171291,237
ENSG00000171295,816
ENSG00000171298,5504
ENSG00000171302,6908
ENSG00000171303,35
ENSG00000171307,4102
ENSG00000171310,1255
ENSG00000171311,1148
ENSG00000171314,3496
ENSG00000171316,1397
ENSG00000171320,316
ENSG00000171345,38103
ENSG00000171346,397
ENSG00000171357,8
ENSG00000171360,0
ENSG00000171365,736
ENSG00000171368,2432
ENSG00000171385,437
ENSG00000171388,135
ENSG00000171396,0
ENSG00000171401,2
ENSG00000171402,0
ENSG00000171403,0
ENSG00000171405,0
ENSG00000171408,100
ENSG00000171421,1990
ENSG00000171425,959
ENSG00000171428,175
ENSG00000171431,0
ENSG00000171433,6
ENSG00000171435,73
ENSG00000171443,327
ENSG00000171444,1980
ENSG00000171446,0
ENSG00000171448,1108
ENSG00000171450,70
ENSG00000171451,73
ENSG00000171453,1342
ENSG00000171456,2556
ENSG00000171459,0
ENSG00000171462,134
ENSG00000171466,2274
ENSG00000171467,2250
ENSG00000171469,1938
ENSG00000171475,33482
ENSG00000171476,297
ENSG00000171478,0
ENSG00000171481,0
ENSG00000171483,0
ENSG00000171484,0
ENSG00000171487,0
ENSG00000171488,540
ENSG00000171489,0
ENSG00000171490,9643
ENSG00000171492,4566
ENSG00000171495,1
ENSG00000171496,7
ENSG00000171497,1905
ENSG00000171501,0
ENSG00000171502,69
ENSG00000171503,961
ENSG00000171505,2
ENSG00000171509,0
ENSG00000171517,297
ENSG00000171522,684
ENSG00000171530,3597
ENSG00000171532,0
ENSG00000171533,65
ENSG00000171540,0
ENSG00000171551,31
ENSG00000171552,5174
ENSG00000171557,28
ENSG00000171560,0
ENSG00000171561,0
ENSG00000171564,23
ENSG00000171566,2091
ENSG00000171570,0
ENSG00000171574,282
ENSG00000171587,2
ENSG00000171595,0
ENSG00000171596,36
ENSG00000171603,20964
ENSG00000171604,4079
ENSG00000171606,1681
ENSG00000171608,984
ENSG00000171611,4
ENSG00000171612,1922
ENSG00000171617,4936
ENSG00000171621,2332
ENSG00000171631,514
ENSG00000171634,15591
ENSG00000171643,4
ENSG00000171649,41
ENSG00000171657,15
ENSG00000171658,4
ENSG00000171659,110
ENSG00000171671,0
ENSG00000171680,284
ENSG00000171681,4968
ENSG00000171695,34
ENSG00000171700,1634
ENSG00000171703,3615
ENSG00000171711,0
ENSG00000171714,17
ENSG00000171720,3631
ENSG00000171722,2
ENSG00000171723,507
ENSG00000171724,26
ENSG00000171729,2212
ENSG00000171735,2226
ENSG00000171747,25
ENSG00000171757,28
ENSG00000171759,6
ENSG00000171763,491
ENSG00000171766,2524
ENSG00000171772,1
ENSG00000171773,1
ENSG00000171777,39
ENSG00000171786,14
ENSG00000171790,24
ENSG00000171791,551
ENSG00000171792,3330
ENSG00000171793,4955
ENSG00000171794,1
ENSG00000171798,1429
ENSG00000171804,6
ENSG00000171806,347
ENSG00000171811,49
ENSG00000171812,731
ENSG00000171813,1432
ENSG00000171815,0
ENSG00000171817,39
ENSG00000171819,1
ENSG00000171823,690
ENSG00000171824,3276
ENSG00000171827,564
ENSG00000171840,744
ENSG00000171843,186
ENSG00000171847,17
ENSG00000171848,14423
ENSG00000171853,2788
ENSG00000171855,0
ENSG00000171858,16682
ENSG00000171860,379
ENSG00000171861,848
ENSG00000171862,7370
ENSG00000171863,36184
ENSG00000171864,26
ENSG00000171865,1462
ENSG00000171867,3205
ENSG00000171872,2
ENSG00000171873,19
ENSG00000171877,17
ENSG00000171885,1
ENSG00000171889,0
ENSG00000171903,149
ENSG00000171914,2238
ENSG00000171916,4
ENSG00000171928,3261
ENSG00000171931,128
ENSG00000171936,0
ENSG00000171940,18207
ENSG00000171942,0
ENSG00000171943,101
ENSG00000171944,0
ENSG00000171951,13
ENSG00000171953,1439
ENSG00000171954,9
ENSG00000171956,3
ENSG00000171960,2197
ENSG00000171962,909
ENSG00000171970,552
ENSG00000171984,323
ENSG00000171987,0
ENSG00000171988,2725
ENSG00000171989,0
ENSG00000171992,2515
ENSG00000171999,0
ENSG00000172000,106
ENSG00000172005,92
ENSG00000172006,182
ENSG00000172007,644
ENSG00000172009,2310
ENSG00000172014,0
ENSG00000172016,0
ENSG00000172020,2
ENSG00000172023,0
ENSG00000172031,12
ENSG00000172037,6004
ENSG00000172046,3846
ENSG00000172053,15433
ENSG00000172057,34536
ENSG00000172058,12
ENSG00000172059,1861
ENSG00000172061,565
ENSG00000172062,288
ENSG00000172071,2791
ENSG00000172073,0
ENSG00000172081,4034
ENSG00000172086,1599
ENSG00000172113,1084
ENSG00000172115,9340
ENSG00000172116,119
ENSG00000172123,58
ENSG00000172137,329
ENSG00000172139,13
ENSG00000172146,0
ENSG00000172148,0
ENSG00000172150,0
ENSG00000172154,0
ENSG00000172155,0
ENSG00000172156,63
ENSG00000172159,71
ENSG00000172164,269
ENSG00000172167,275
ENSG00000172171,154
ENSG00000172172,1685
ENSG00000172175,1534
ENSG00000172179,1
ENSG00000172183,1790
ENSG00000172186,7
ENSG00000172188,0
ENSG00000172197,386
ENSG00000172199,0
ENSG00000172201,366
ENSG00000172208,0
ENSG00000172209,2
ENSG00000172215,218
ENSG00000172216,5801
ENSG00000172232,1
ENSG00000172236,195
ENSG00000172238,0
ENSG00000172239,7876
ENSG00000172243,235
ENSG00000172244,547
ENSG00000172247,9
ENSG00000172250,77
ENSG00000172260,191
ENSG00000172262,3459
ENSG00000172264,25
ENSG00000172269,4782
ENSG00000172270,29435
ENSG00000172273,677
ENSG00000172283,0
ENSG00000172288,0
ENSG00000172289,0
ENSG00000172292,4864
ENSG00000172294,0
ENSG00000172296,701
ENSG00000172297,0
ENSG00000172301,4235
ENSG00000172315,2105
ENSG00000172318,10
ENSG00000172320,0
ENSG00000172322,55
ENSG00000172324,0
ENSG00000172331,1407
ENSG00000172336,2127
ENSG00000172339,511
ENSG00000172340,2348
ENSG00000172342,0
ENSG00000172345,225
ENSG00000172346,56
ENSG00000172348,238
ENSG00000172349,944
ENSG00000172350,7
ENSG00000172352,0
ENSG00000172354,25333
ENSG00000172361,170
ENSG00000172362,0
ENSG00000172365,0
ENSG00000172366,700
ENSG00000172367,2
ENSG00000172375,847
ENSG00000172377,0
ENSG00000172379,1019
ENSG00000172380,5158
ENSG00000172381,0
ENSG00000172382,116
ENSG00000172399,0
ENSG00000172403,1201
ENSG00000172404,5
ENSG00000172409,932
ENSG00000172410,0
ENSG00000172421,0
ENSG00000172425,39
ENSG00000172426,91
ENSG00000172428,2591
ENSG00000172432,1911
ENSG00000172456,654
ENSG00000172457,0
ENSG00000172458,52
ENSG00000172459,0
ENSG00000172460,42
ENSG00000172461,4
ENSG00000172464,0
ENSG00000172465,646
ENSG00000172466,5107
ENSG00000172468,0
ENSG00000172469,723
ENSG00000172476,11
ENSG00000172478,14215
ENSG00000172482,34
ENSG00000172487,0
ENSG00000172489,0
ENSG00000172493,2869
ENSG00000172497,0
ENSG00000172500,5046
ENSG00000172508,55
ENSG00000172519,0
ENSG00000172530,1071
ENSG00000172531,21157
ENSG00000172534,6291
ENSG00000172538,1
ENSG00000172543,294
ENSG00000172548,2
ENSG00000172551,22342
ENSG00000172554,10
ENSG00000172568,5
ENSG00000172572,102
ENSG00000172575,242
ENSG00000172578,354
ENSG00000172586,1551
ENSG00000172590,3443
ENSG00000172594,587
ENSG00000172602,658
ENSG00000172613,1026
ENSG00000172638,1233
ENSG00000172640,0
ENSG00000172650,12
ENSG00000172661,775
ENSG00000172663,3532
ENSG00000172667,2330
ENSG00000172671,400
ENSG00000172673,72
ENSG00000172680,0
ENSG00000172687,607
ENSG00000172689,0
ENSG00000172716,592
ENSG00000172717,1
ENSG00000172724,2323
ENSG00000172725,20418
ENSG00000172728,503
ENSG00000172731,1347
ENSG00000172732,1413
ENSG00000172733,5
ENSG00000172738,15
ENSG00000172742,0
ENSG00000172746,0
ENSG00000172748,148
ENSG00000172752,5
ENSG00000172757,84054
ENSG00000172765,3613
ENSG00000172766,691
ENSG00000172769,0
ENSG00000172771,145
ENSG00000172772,0
ENSG00000172774,0
ENSG00000172775,8955
ENSG00000172780,177
ENSG00000172782,34
ENSG00000172785,279
ENSG00000172789,13
ENSG00000172794,129
ENSG00000172795,3253
ENSG00000172799,0
ENSG00000172803,34
ENSG00000172809,33920
ENSG00000172817,75
ENSG00000172818,1029
ENSG00000172819,1013
ENSG00000172824,571
ENSG00000172828,14
ENSG00000172830,6313
ENSG00000172831,3550
ENSG00000172840,2014
ENSG00000172845,7509
ENSG00000172867,24
ENSG00000172869,1362
ENSG00000172878,386
ENSG00000172888,702
ENSG00000172889,2620
ENSG00000172890,1990
ENSG00000172893,11350
ENSG00000172900,6
ENSG00000172901,85
ENSG00000172912,0
ENSG00000172915,1552
ENSG00000172922,1955
ENSG00000172927,101
ENSG00000172932,2743
ENSG00000172935,157
ENSG00000172936,5552
ENSG00000172938,0
ENSG00000172939,2952
ENSG00000172940,1
ENSG00000172943,3011
ENSG00000172954,1187
ENSG00000172955,4
ENSG00000172965,977
ENSG00000172967,0
ENSG00000172969,0
ENSG00000172971,4
ENSG00000172974,91
ENSG00000172977,3325
ENSG00000172985,139
ENSG00000172986,175
ENSG00000172987,15
ENSG00000172992,1611
ENSG00000172995,0
ENSG00000173011,1399
ENSG00000173013,301
ENSG00000173020,9507
ENSG00000173039,7181
ENSG00000173040,93
ENSG00000173041,4021
ENSG00000173064,3951
ENSG00000173065,10534
ENSG00000173068,257
ENSG00000173077,0
ENSG00000173080,2
ENSG00000173083,92
ENSG00000173085,505
ENSG00000173088,11
ENSG00000173093,0
ENSG00000173110,89
ENSG00000173113,9128
ENSG00000173114,25
ENSG00000173120,15458
ENSG00000173124,19
ENSG00000173137,614
ENSG00000173141,3364
ENSG00000173145,1194
ENSG00000173153,1995
ENSG00000173156,1459
ENSG00000173157,3
ENSG00000173163,1358
ENSG00000173166,756
ENSG00000173171,1585
ENSG00000173175,483
ENSG00000173193,4073
ENSG00000173198,116
ENSG00000173200,131
ENSG00000173207,2457
ENSG00000173208,101
ENSG00000173209,731
ENSG00000173210,659
ENSG00000173212,1
ENSG00000173213,106
ENSG00000173214,189
ENSG00000173218,1978
ENSG00000173221,531
ENSG00000173226,1450
ENSG00000173227,8193
ENSG00000173230,10816
ENSG00000173231,0
ENSG00000173237,7
ENSG00000173239,12
ENSG00000173250,0
ENSG00000173253,11
ENSG00000173258,29
ENSG00000173261,23
ENSG00000173262,0
ENSG00000173264,2930
ENSG00000173267,510
ENSG00000173269,1137
ENSG00000173272,1664
ENSG00000173273,1460
ENSG00000173275,147
ENSG00000173276,1236
ENSG00000173281,1622
ENSG00000173285,0
ENSG00000173295,102
ENSG00000173302,0
ENSG00000173320,86
ENSG00000173327,7105
ENSG00000173334,3200
ENSG00000173335,0
ENSG00000173338,10
ENSG00000173349,0
ENSG00000173357,0
ENSG00000173366,1
ENSG00000173369,3434
ENSG00000173372,3721
ENSG00000173376,29
ENSG00000173389,0
ENSG00000173391,526
ENSG00000173401,0
ENSG00000173402,13131
ENSG00000173404,1
ENSG00000173406,14
ENSG00000173409,933
ENSG00000173418,2023
ENSG00000173421,22
ENSG00000173431,0
ENSG00000173432,1893
ENSG00000173436,2220
ENSG00000173442,3166
ENSG00000173451,327
ENSG00000173452,0
ENSG00000173456,3447
ENSG00000173457,5815
ENSG00000173464,0
ENSG00000173465,1921
ENSG00000173467,32
ENSG00000173473,9507
ENSG00000173480,326
ENSG00000173482,943
ENSG00000173486,3084
ENSG00000173511,2202
ENSG00000173517,970
ENSG00000173530,50
ENSG00000173531,86
ENSG00000173535,20
ENSG00000173540,1760
ENSG00000173542,1791
ENSG00000173545,2381
ENSG00000173546,647
ENSG00000173548,2132
ENSG00000173557,45
ENSG00000173559,873
ENSG00000173567,10
ENSG00000173572,0
ENSG00000173575,5095
ENSG00000173578,65
ENSG00000173581,205
ENSG00000173585,3
ENSG00000173588,349
ENSG00000173597,23
ENSG00000173598,3628
ENSG00000173599,4136
ENSG00000173610,0
ENSG00000173611,821
ENSG00000173612,0
ENSG00000173614,622
ENSG00000173621,1077
ENSG00000173626,0
ENSG00000173627,1
ENSG00000173638,1896
ENSG00000173641,263
ENSG00000173653,2541
ENSG00000173660,14031
ENSG00000173662,4
ENSG00000173673,0
ENSG00000173674,4563
ENSG00000173678,0
ENSG00000173679,0
ENSG00000173681,425
ENSG00000173692,10234
ENSG00000173698,46
ENSG00000173699,3
ENSG00000173702,0
ENSG00000173705,47
ENSG00000173706,1930
ENSG00000173714,1
ENSG00000173715,2204
ENSG00000173726,13436
ENSG00000173727,11
ENSG00000173728,3
ENSG00000173744,8709
ENSG00000173757,1806
ENSG00000173762,358
ENSG00000173769,0
ENSG00000173786,8908
ENSG00000173801,15456
ENSG00000173805,32
ENSG00000173809,3293
ENSG00000173810,0
ENSG00000173811,7
ENSG00000173812,16197
ENSG00000173818,1546
ENSG00000173821,13446
ENSG00000173825,121
ENSG00000173826,5
ENSG00000173838,48
ENSG00000173846,1028
ENSG00000173848,8769
ENSG00000173852,459
ENSG00000173862,1
ENSG00000173867,12
ENSG00000173868,13
ENSG00000173875,1376
ENSG00000173889,2011
ENSG00000173890,4659
ENSG00000173894,4598
ENSG00000173898,3701
ENSG00000173905,2063
ENSG00000173908,0
ENSG00000173914,1928
ENSG00000173915,2854
ENSG00000173917,210
ENSG00000173918,1014
ENSG00000173926,218
ENSG00000173928,384
ENSG00000173930,26
ENSG00000173933,1418
ENSG00000173947,292
ENSG00000173950,2180
ENSG00000173954,0
ENSG00000173960,1310
ENSG00000173966,0
ENSG00000173976,0
ENSG00000173988,2
ENSG00000173991,261
ENSG00000173992,2531
ENSG00000174004,273
ENSG00000174007,272
ENSG00000174010,395
ENSG00000174013,3484
ENSG00000174015,19
ENSG00000174016,1
ENSG00000174021,2510
ENSG00000174028,80
ENSG00000174032,502
ENSG00000174038,4
ENSG00000174059,2479
ENSG00000174080,1835
ENSG00000174099,835
ENSG00000174106,1159
ENSG00000174109,527
ENSG00000174123,99
ENSG00000174125,152
ENSG00000174130,126
ENSG00000174132,596
ENSG00000174136,749
ENSG00000174137,117
ENSG00000174145,20
ENSG00000174151,348
ENSG00000174156,0
ENSG00000174165,2423
ENSG00000174171,10
ENSG00000174173,899
ENSG00000174175,232
ENSG00000174177,1666
ENSG00000174197,3000
ENSG00000174206,517
ENSG00000174225,8
ENSG00000174226,34
ENSG00000174227,1083
ENSG00000174231,25434
ENSG00000174233,1731
ENSG00000174236,11
ENSG00000174238,5782
ENSG00000174243,8569
ENSG00000174255,4
ENSG00000174276,565
ENSG00000174279,2
ENSG00000174282,3796
ENSG00000174292,1276
ENSG00000174306,734
ENSG00000174307,1613
ENSG00000174325,1
ENSG00000174326,27
ENSG00000174327,926
ENSG00000174332,13
ENSG00000174339,0
ENSG00000174343,2
ENSG00000174348,1172
ENSG00000174353,66
ENSG00000174358,1
ENSG00000174365,240
ENSG00000174370,108
ENSG00000174371,1807
ENSG00000174373,2041
ENSG00000174384,1
ENSG00000174403,1
ENSG00000174405,360
ENSG00000174407,0
ENSG00000174408,0
ENSG00000174417,0
ENSG00000174418,1
ENSG00000174428,364
ENSG00000174429,0
ENSG00000174437,9244
ENSG00000174442,1990
ENSG00000174444,79665
ENSG00000174446,830
ENSG00000174448,0
ENSG00000174450,0
ENSG00000174453,0
ENSG00000174456,468
ENSG00000174460,12
ENSG00000174469,9409
ENSG00000174473,29
ENSG00000174482,55
ENSG00000174483,131
ENSG00000174485,1025
ENSG00000174495,0
ENSG00000174498,7
ENSG00000174500,133
ENSG00000174501,277
ENSG00000174502,6
ENSG00000174514,53
ENSG00000174516,674
ENSG00000174521,13
ENSG00000174527,8
ENSG00000174529,71
ENSG00000174547,4371
ENSG00000174562,0
ENSG00000174564,25
ENSG00000174567,16
ENSG00000174572,5
ENSG00000174574,5160
ENSG00000174576,5
ENSG00000174579,1038
ENSG00000174586,193
ENSG00000174599,52
ENSG00000174600,571
ENSG00000174606,1735
ENSG00000174607,1668
ENSG00000174611,8
ENSG00000174628,1066
ENSG00000174640,1341
ENSG00000174652,1349
ENSG00000174667,0
ENSG00000174669,2007
ENSG00000174672,1370
ENSG00000174677,0
ENSG00000174678,0
ENSG00000174680,2
ENSG00000174684,1776
ENSG00000174695,5779
ENSG00000174697,791
ENSG00000174705,4859
ENSG00000174715,1
ENSG00000174718,2576
ENSG00000174720,4056
ENSG00000174721,123
ENSG00000174738,1802
ENSG00000174740,22
ENSG00000174744,5321
ENSG00000174748,34271
ENSG00000174749,1762
ENSG00000174775,3298
ENSG00000174776,4
ENSG00000174780,7162
ENSG00000174788,30
ENSG00000174791,121
ENSG00000174792,3
ENSG00000174796,1408
ENSG00000174799,684
ENSG00000174804,4343
ENSG00000174807,1841
ENSG00000174808,23
ENSG00000174827,19
ENSG00000174837,26
ENSG00000174839,1913
ENSG00000174840,1551
ENSG00000174842,517
ENSG00000174844,59
ENSG00000174851,6719
ENSG00000174871,1091
ENSG00000174876,0
ENSG00000174885,38
ENSG00000174886,1962
ENSG00000174891,760
ENSG00000174898,0
ENSG00000174899,18
ENSG00000174903,20252
ENSG00000174912,19
ENSG00000174914,0
ENSG00000174915,1122
ENSG00000174917,1256
ENSG00000174928,69
ENSG00000174930,0
ENSG00000174937,0
ENSG00000174938,7058
ENSG00000174939,82
ENSG00000174942,0
ENSG00000174943,1069
ENSG00000174944,63
ENSG00000174945,39
ENSG00000174946,111
ENSG00000174948,0
ENSG00000174950,8
ENSG00000174951,140
ENSG00000174953,1263
ENSG00000174957,0
ENSG00000174963,57
ENSG00000174970,0
ENSG00000174977,319
ENSG00000174982,0
ENSG00000174989,1024
ENSG00000174990,4
ENSG00000174992,20
ENSG00000174996,5040
ENSG00000175003,24
ENSG00000175018,0
ENSG00000175029,6986
ENSG00000175040,264
ENSG00000175048,300
ENSG00000175054,837
ENSG00000175061,20221
ENSG00000175063,9468
ENSG00000175065,0
ENSG00000175066,617
ENSG00000175073,775
ENSG00000175077,0
ENSG00000175084,717
ENSG00000175087,2590
ENSG00000175093,76
ENSG00000175097,1
ENSG00000175104,511
ENSG00000175105,1755
ENSG00000175106,108
ENSG00000175110,883
ENSG00000175115,11911
ENSG00000175121,0
ENSG00000175130,28729
ENSG00000175137,3041
ENSG00000175143,0
ENSG00000175147,51
ENSG00000175155,6903
ENSG00000175161,31
ENSG00000175164,72
ENSG00000175166,22275
ENSG00000175170,34
ENSG00000175175,544
ENSG00000175182,1317
ENSG00000175183,1315
ENSG00000175189,6
ENSG00000175193,3241
ENSG00000175197,471
ENSG00000175198,1429
ENSG00000175202,2
ENSG00000175203,5196
ENSG00000175206,12
ENSG00000175213,636
ENSG00000175215,8683
ENSG00000175216,11770
ENSG00000175220,14687
ENSG00000175221,3431
ENSG00000175224,5052
ENSG00000175229,0
ENSG00000175262,21
ENSG00000175264,1559
ENSG00000175265,140
ENSG00000175267,8
ENSG00000175274,16186
ENSG00000175279,214
ENSG00000175283,3594
ENSG00000175287,93
ENSG00000175294,13
ENSG00000175302,6
ENSG00000175305,788
ENSG00000175309,712
ENSG00000175311,4
ENSG00000175315,52
ENSG00000175318,2043
ENSG00000175319,0
ENSG00000175322,239
ENSG00000175324,1544
ENSG00000175325,0
ENSG00000175329,2
ENSG00000175334,12570
ENSG00000175336,1
ENSG00000175344,10
ENSG00000175348,2215
ENSG00000175352,160
ENSG00000175354,2596
ENSG00000175356,382
ENSG00000175376,2955
ENSG00000175387,4887
ENSG00000175390,9112
ENSG00000175393,0
ENSG00000175395,496
ENSG00000175398,0
ENSG00000175414,132
ENSG00000175416,2045
ENSG00000175426,84
ENSG00000175445,3718
ENSG00000175449,95
ENSG00000175455,2521
ENSG00000175463,344
ENSG00000175467,6933
ENSG00000175470,3488
ENSG00000175471,341
ENSG00000175482,938
ENSG00000175485,1
ENSG00000175489,200
ENSG00000175497,0
ENSG00000175505,281
ENSG00000175509,2
ENSG00000175513,4
ENSG00000175514,0
ENSG00000175518,9
ENSG00000175520,0
ENSG00000175535,0
ENSG00000175536,74
ENSG00000175538,136
ENSG00000175544,17
ENSG00000175548,282
ENSG00000175550,5830
ENSG00000175556,40
ENSG00000175564,71
ENSG00000175567,5139
ENSG00000175573,2163
ENSG00000175575,1356
ENSG00000175581,967
ENSG00000175582,8367
ENSG00000175591,236
ENSG00000175592,164
ENSG00000175595,422
ENSG00000175600,75
ENSG00000175602,756
ENSG00000175604,1
ENSG00000175606,494
ENSG00000175611,221
ENSG00000175619,0
ENSG00000175634,4388
ENSG00000175643,1765
ENSG00000175646,0
ENSG00000175658,0
ENSG00000175662,7209
ENSG00000175664,0
ENSG00000175676,0
ENSG00000175691,379
ENSG00000175697,161
ENSG00000175699,0
ENSG00000175701,733
ENSG00000175707,1867
ENSG00000175711,249
ENSG00000175718,0
ENSG00000175727,3574
ENSG00000175728,0
ENSG00000175730,0
ENSG00000175741,72
ENSG00000175745,1492
ENSG00000175746,4
ENSG00000175749,5
ENSG00000175756,5047
ENSG00000175764,225
ENSG00000175766,1
ENSG00000175768,2162
ENSG00000175772,40
ENSG00000175773,12
ENSG00000175779,1
ENSG00000175782,932
ENSG00000175785,1252
ENSG00000175787,78
ENSG00000175792,6607
ENSG00000175793,413
ENSG00000175800,0
ENSG00000175806,148
ENSG00000175809,0
ENSG00000175820,42
ENSG00000175826,4223
ENSG00000175832,941
ENSG00000175841,7
ENSG00000175854,2379
ENSG00000175857,67
ENSG00000175866,2515
ENSG00000175868,1
ENSG00000175874,15
ENSG00000175877,19
ENSG00000175879,449
ENSG00000175886,12
ENSG00000175893,1026
ENSG00000175894,8
ENSG00000175895,5832
ENSG00000175899,18356
ENSG00000175906,217
ENSG00000175920,4
ENSG00000175928,309
ENSG00000175931,3545
ENSG00000175938,661
ENSG00000175946,11
ENSG00000175967,1
ENSG00000175970,1715
ENSG00000175984,74
ENSG00000175985,262
ENSG00000176007,1
ENSG00000176009,0
ENSG00000176014,4086
ENSG00000176018,1039
ENSG00000176020,0
ENSG00000176022,869
ENSG00000176024,632
ENSG00000176029,1
ENSG00000176040,9
ENSG00000176043,17
ENSG00000176046,4013
ENSG00000176049,20
ENSG00000176054,4
ENSG00000176055,202
ENSG00000176058,1698
ENSG00000176075,0
ENSG00000176076,3
ENSG00000176083,101
ENSG00000176087,3981
ENSG00000176092,164
ENSG00000176095,2430
ENSG00000176101,2338
ENSG00000176102,2688
ENSG00000176105,10654
ENSG00000176108,930
ENSG00000176115,0
ENSG00000176124,149
ENSG00000176125,130
ENSG00000176134,0
ENSG00000176136,3
ENSG00000176142,1469
ENSG00000176148,507
ENSG00000176153,129
ENSG00000176155,1136
ENSG00000176160,8
ENSG00000176165,0
ENSG00000176170,864
ENSG00000176171,3664
ENSG00000176177,15
ENSG00000176182,399
ENSG00000176183,0
ENSG00000176194,310
ENSG00000176198,0
ENSG00000176200,12
ENSG00000176204,1
ENSG00000176208,226
ENSG00000176209,3557
ENSG00000176219,0
ENSG00000176222,183
ENSG00000176225,828
ENSG00000176230,0
ENSG00000176231,0
ENSG00000176232,0
ENSG00000176236,9
ENSG00000176239,0
ENSG00000176243,0
ENSG00000176244,69
ENSG00000176246,0
ENSG00000176248,2161
ENSG00000176253,0
ENSG00000176256,0
ENSG00000176261,1497
ENSG00000176268,8
ENSG00000176269,0
ENSG00000176273,246
ENSG00000176281,0
ENSG00000176289,0
ENSG00000176290,0
ENSG00000176293,69
ENSG00000176294,0
ENSG00000176299,0
ENSG00000176302,0
ENSG00000176312,0
ENSG00000176318,0
ENSG00000176320,2
ENSG00000176340,9683
ENSG00000176343,1
ENSG00000176349,0
ENSG00000176358,6
ENSG00000176371,1176
ENSG00000176378,0
ENSG00000176381,19
ENSG00000176383,99
ENSG00000176386,272
ENSG00000176387,3235
ENSG00000176390,472
ENSG00000176393,6673
ENSG00000176396,618
ENSG00000176399,9
ENSG00000176401,79
ENSG00000176402,195
ENSG00000176406,271
ENSG00000176407,4546
ENSG00000176410,1681
ENSG00000176422,852
ENSG00000176428,506
ENSG00000176435,715
ENSG00000176438,558
ENSG00000176444,1767
ENSG00000176454,1556
ENSG00000176463,599
ENSG00000176472,78
ENSG00000176473,683
ENSG00000176476,618
ENSG00000176485,6094
ENSG00000176490,1810
ENSG00000176495,0
ENSG00000176510,1
ENSG00000176515,0
ENSG00000176531,837
ENSG00000176532,1286
ENSG00000176533,516
ENSG00000176540,0
ENSG00000176542,1241
ENSG00000176547,0
ENSG00000176555,0
ENSG00000176563,78
ENSG00000176566,90
ENSG00000176567,0
ENSG00000176571,0
ENSG00000176584,0
ENSG00000176593,182
ENSG00000176595,91
ENSG00000176597,245
ENSG00000176601,24
ENSG00000176605,0
ENSG00000176619,9816
ENSG00000176623,2526
ENSG00000176624,3037
ENSG00000176635,1
ENSG00000176641,1321
ENSG00000176654,0
ENSG00000176658,28682
ENSG00000176659,1
ENSG00000176678,24
ENSG00000176679,0
ENSG00000176681,13
ENSG00000176692,48
ENSG00000176695,0
ENSG00000176697,5
ENSG00000176700,217
ENSG00000176714,212
ENSG00000176715,1544
ENSG00000176716,0
ENSG00000176720,2881
ENSG00000176723,40
ENSG00000176728,0
ENSG00000176731,2543
ENSG00000176732,30
ENSG00000176742,0
ENSG00000176746,0
ENSG00000176748,0
ENSG00000176749,1996
ENSG00000176752,0
ENSG00000176753,3
ENSG00000176754,0
ENSG00000176761,6
ENSG00000176769,3
ENSG00000176771,729
ENSG00000176774,0
ENSG00000176782,0
ENSG00000176783,1891
ENSG00000176787,0
ENSG00000176788,863
ENSG00000176797,0
ENSG00000176798,0
ENSG00000176809,155
ENSG00000176812,0
ENSG00000176826,9
ENSG00000176834,1358
ENSG00000176840,0
ENSG00000176842,2049
ENSG00000176845,1617
ENSG00000176853,2411
ENSG00000176855,7
ENSG00000176857,0
ENSG00000176868,0
ENSG00000176871,4257
ENSG00000176879,0
ENSG00000176882,0
ENSG00000176884,116
ENSG00000176887,11527
ENSG00000176890,3109
ENSG00000176893,0
ENSG00000176894,470
ENSG00000176895,0
ENSG00000176896,269
ENSG00000176900,0
ENSG00000176903,4136
ENSG00000176904,0
ENSG00000176907,725
ENSG00000176909,130
ENSG00000176912,128
ENSG00000176915,4583
ENSG00000176919,6
ENSG00000176920,387
ENSG00000176922,0
ENSG00000176923,0
ENSG00000176925,0
ENSG00000176927,8
ENSG00000176928,92
ENSG00000176933,24
ENSG00000176937,0
ENSG00000176945,38
ENSG00000176946,4492
ENSG00000176951,0
ENSG00000176953,2194
ENSG00000176956,15
ENSG00000176970,0
ENSG00000176971,179
ENSG00000176973,2694
ENSG00000176974,4232
ENSG00000176978,3054
ENSG00000176979,0
ENSG00000176984,5
ENSG00000176986,3428
ENSG00000176988,1
ENSG00000176994,3799
ENSG00000176998,6
ENSG00000177000,1109
ENSG00000177023,0
ENSG00000177025,73
ENSG00000177030,1214
ENSG00000177034,992
ENSG00000177042,415
ENSG00000177045,810
ENSG00000177047,0
ENSG00000177051,1142
ENSG00000177054,1669
ENSG00000177058,469
ENSG00000177076,365
ENSG00000177082,421
ENSG00000177084,4943
ENSG00000177096,496
ENSG00000177098,232
ENSG00000177103,4
ENSG00000177105,2371
ENSG00000177106,3317
ENSG00000177108,8
ENSG00000177112,3
ENSG00000177119,6177
ENSG00000177125,943
ENSG00000177133,17
ENSG00000177138,0
ENSG00000177143,0
ENSG00000177144,0
ENSG00000177150,757
ENSG00000177151,0
ENSG00000177156,10331
ENSG00000177169,7562
ENSG00000177173,3
ENSG00000177174,0
ENSG00000177181,3286
ENSG00000177182,8
ENSG00000177186,0
ENSG00000177189,875
ENSG00000177191,58
ENSG00000177192,2891
ENSG00000177197,1
ENSG00000177200,757
ENSG00000177201,0
ENSG00000177202,4
ENSG00000177212,0
ENSG00000177225,1795
ENSG00000177233,0
ENSG00000177234,3
ENSG00000177238,13
ENSG00000177239,5435
ENSG00000177243,0
ENSG00000177257,0
ENSG00000177261,0
ENSG00000177272,53
ENSG00000177275,0
ENSG00000177283,658
ENSG00000177291,1
ENSG00000177294,9
ENSG00000177300,0
ENSG00000177301,10
ENSG00000177302,3877
ENSG00000177303,5357
ENSG00000177306,0
ENSG00000177311,1684
ENSG00000177324,1
ENSG00000177335,14
ENSG00000177337,383
ENSG00000177338,2
ENSG00000177340,13
ENSG00000177350,10
ENSG00000177352,1188
ENSG00000177354,0
ENSG00000177359,55
ENSG00000177363,59
ENSG00000177369,0
ENSG00000177370,1596
ENSG00000177374,336
ENSG00000177380,624
ENSG00000177383,5261
ENSG00000177398,195
ENSG00000177400,0
ENSG00000177406,420
ENSG00000177409,697
ENSG00000177410,15521
ENSG00000177414,0
ENSG00000177418,2
ENSG00000177425,3614
ENSG00000177426,4956
ENSG00000177427,1451
ENSG00000177432,97
ENSG00000177447,0
ENSG00000177452,3
ENSG00000177453,35
ENSG00000177455,199
ENSG00000177459,3
ENSG00000177462,0
ENSG00000177463,1932
ENSG00000177464,229
ENSG00000177465,439
ENSG00000177468,0
ENSG00000177469,8698
ENSG00000177476,0
ENSG00000177479,4242
ENSG00000177483,32
ENSG00000177485,1738
ENSG00000177489,0
ENSG00000177494,109
ENSG00000177504,0
ENSG00000177508,6047
ENSG00000177511,0
ENSG00000177519,14
ENSG00000177535,0
ENSG00000177542,2467
ENSG00000177548,878
ENSG00000177551,0
ENSG00000177553,0
ENSG00000177556,3662
ENSG00000177558,1
ENSG00000177565,12794
ENSG00000177570,276
ENSG00000177575,1111
ENSG00000177576,349
ENSG00000177586,0
ENSG00000177590,0
ENSG00000177595,549
ENSG00000177596,0
ENSG00000177599,44
ENSG00000177600,36975
ENSG00000177602,302
ENSG00000177606,15329
ENSG00000177613,1522
ENSG00000177614,179
ENSG00000177627,9
ENSG00000177628,3699
ENSG00000177640,319
ENSG00000177646,3144
ENSG00000177663,2167
ENSG00000177666,13700
ENSG00000177669,21
ENSG00000177673,0
ENSG00000177674,1755
ENSG00000177675,118
ENSG00000177679,214
ENSG00000177683,1041
ENSG00000177684,0
ENSG00000177685,8240
ENSG00000177688,6
ENSG00000177689,0
ENSG00000177692,82
ENSG00000177693,0
ENSG00000177694,5657
ENSG00000177697,16638
ENSG00000177699,14
ENSG00000177700,6327
ENSG00000177706,2961
ENSG00000177707,64
ENSG00000177710,2
ENSG00000177721,114
ENSG00000177725,0
ENSG00000177728,8067
ENSG00000177731,22564
ENSG00000177732,3210
ENSG00000177733,8298
ENSG00000177736,0
ENSG00000177738,129
ENSG00000177752,1
ENSG00000177757,16
ENSG00000177770,0
ENSG00000177776,0
ENSG00000177788,20
ENSG00000177791,17
ENSG00000177800,0
ENSG00000177803,0
ENSG00000177807,114
ENSG00000177822,10
ENSG00000177830,3602
ENSG00000177839,39
ENSG00000177842,78
ENSG00000177853,2375
ENSG00000177854,396
ENSG00000177855,2
ENSG00000177868,1755
ENSG00000177873,186
ENSG00000177875,25
ENSG00000177879,3263
ENSG00000177885,16749
ENSG00000177888,1145
ENSG00000177889,6290
ENSG00000177910,0
ENSG00000177917,1443
ENSG00000177932,81
ENSG00000177938,1
ENSG00000177943,85
ENSG00000177946,590
ENSG00000177947,0
ENSG00000177951,3444
ENSG00000177954,36489
ENSG00000177963,8802
ENSG00000177971,1735
ENSG00000177981,1047
ENSG00000177984,1
ENSG00000177989,362
ENSG00000177990,26
ENSG00000177992,0
ENSG00000177993,0
ENSG00000177994,5
ENSG00000178015,6
ENSG00000178021,0
ENSG00000178026,1101
ENSG00000178028,2656
ENSG00000178031,151
ENSG00000178033,183
ENSG00000178035,11157
ENSG00000178038,157
ENSG00000178053,518
ENSG00000178055,3
ENSG00000178057,1879
ENSG00000178074,1574
ENSG00000178075,190
ENSG00000178078,154
ENSG00000178081,0
ENSG00000178082,2
ENSG00000178084,0
ENSG00000178093,72
ENSG00000178096,861
ENSG00000178104,3369
ENSG00000178105,1730
ENSG00000178107,0
ENSG00000178115,1
ENSG00000178125,7
ENSG00000178127,860
ENSG00000178130,0
ENSG00000178146,8
ENSG00000178149,2113
ENSG00000178150,20
ENSG00000178162,15
ENSG00000178163,192
ENSG00000178171,0
ENSG00000178172,2
ENSG00000178175,71
ENSG00000178177,328
ENSG00000178184,609
ENSG00000178187,54
ENSG00000178188,1218
ENSG00000178193,0
ENSG00000178199,127
ENSG00000178201,39
ENSG00000178202,3183
ENSG00000178209,11970
ENSG00000178217,2
ENSG00000178222,26
ENSG00000178226,68
ENSG00000178229,354
ENSG00000178233,18
ENSG00000178234,1726
ENSG00000178235,452
ENSG00000178243,0
ENSG00000178248,3
ENSG00000178252,2724
ENSG00000178257,0
ENSG00000178279,0
ENSG00000178287,0
ENSG00000178295,831
ENSG00000178297,20
ENSG00000178301,323
ENSG00000178307,2982
ENSG00000178338,196
ENSG00000178342,4
ENSG00000178343,5
ENSG00000178358,0
ENSG00000178363,109
ENSG00000178372,20754
ENSG00000178381,213
ENSG00000178385,75
ENSG00000178386,87
ENSG00000178394,0
ENSG00000178395,3
ENSG00000178397,1484
ENSG00000178401,1858
ENSG00000178403,2
ENSG00000178404,6
ENSG00000178409,1506
ENSG00000178412,2
ENSG00000178425,3643
ENSG00000178429,18
ENSG00000178440,5
ENSG00000178445,29
ENSG00000178449,1012
ENSG00000178457,0
ENSG00000178458,12
ENSG00000178460,70
ENSG00000178462,97
ENSG00000178464,96
ENSG00000178467,1670
ENSG00000178473,0
ENSG00000178498,1339
ENSG00000178502,45
ENSG00000178503,2
ENSG00000178522,0
ENSG00000178531,730
ENSG00000178537,540
ENSG00000178538,709
ENSG00000178556,0
ENSG00000178562,193
ENSG00000178567,1849
ENSG00000178568,1082
ENSG00000178573,600
ENSG00000178585,3568
ENSG00000178586,0
ENSG00000178591,0
ENSG00000178596,0
ENSG00000178597,0
ENSG00000178602,0
ENSG00000178605,2905
ENSG00000178607,5681
ENSG00000178623,49
ENSG00000178631,9
ENSG00000178636,2
ENSG00000178645,0
ENSG00000178654,2
ENSG00000178660,1
ENSG00000178662,105
ENSG00000178665,555
ENSG00000178685,1636
ENSG00000178690,1
ENSG00000178691,7416
ENSG00000178694,363
ENSG00000178695,2289
ENSG00000178700,448
ENSG00000178715,55
ENSG00000178718,477
ENSG00000178719,11298
ENSG00000178722,3
ENSG00000178723,0
ENSG00000178726,666
ENSG00000178732,4
ENSG00000178734,1
ENSG00000178741,5139
ENSG00000178750,58
ENSG00000178752,134
ENSG00000178761,405
ENSG00000178762,0
ENSG00000178764,2520
ENSG00000178772,1
ENSG00000178773,135
ENSG00000178776,60
ENSG00000178789,33
ENSG00000178795,2
ENSG00000178796,8
ENSG00000178802,2400
ENSG00000178803,8
ENSG00000178804,0
ENSG00000178809,3
ENSG00000178814,468
ENSG00000178821,32
ENSG00000178826,51
ENSG00000178828,11
ENSG00000178836,1
ENSG00000178852,55
ENSG00000178860,305
ENSG00000178878,1100
ENSG00000178882,28
ENSG00000178896,1069
ENSG00000178904,1767
ENSG00000178913,6315
ENSG00000178917,96
ENSG00000178919,0
ENSG00000178921,2163
ENSG00000178922,442
ENSG00000178927,5083
ENSG00000178928,0
ENSG00000178934,2
ENSG00000178935,1109
ENSG00000178947,111
ENSG00000178950,2630
ENSG00000178951,2359
ENSG00000178952,10122
ENSG00000178965,4
ENSG00000178966,1452
ENSG00000178971,1411
ENSG00000178974,1917
ENSG00000178977,75
ENSG00000178980,8808
ENSG00000178982,8903
ENSG00000178988,2165
ENSG00000178996,2255
ENSG00000178997,6
ENSG00000178999,1412
ENSG00000179002,0
ENSG00000179008,2
ENSG00000179010,8491
ENSG00000179021,2130
ENSG00000179023,535
ENSG00000179028,0
ENSG00000179029,678
ENSG00000179031,1
ENSG00000179038,0
ENSG00000179041,645
ENSG00000179044,344
ENSG00000179046,4
ENSG00000179051,36058
ENSG00000179055,2
ENSG00000179057,51
ENSG00000179058,7
ENSG00000179059,0
ENSG00000179066,1
ENSG00000179071,29
ENSG00000179073,0
ENSG00000179082,64
ENSG00000179083,2
ENSG00000179085,1233
ENSG00000179088,6
ENSG00000179091,6214
ENSG00000179094,1008
ENSG00000179097,4
ENSG00000179101,31
ENSG00000179104,1139
ENSG00000179111,0
ENSG00000179115,3433
ENSG00000179119,1635
ENSG00000179131,4
ENSG00000179133,2
ENSG00000179134,5808
ENSG00000179136,0
ENSG00000179141,2
ENSG00000179142,0
ENSG00000179144,507
ENSG00000179148,5
ENSG00000179151,2173
ENSG00000179152,1357
ENSG00000179157,1
ENSG00000179163,2128
ENSG00000179165,3
ENSG00000179168,12
ENSG00000179170,0
ENSG00000179172,0
ENSG00000179178,559
ENSG00000179195,11380
ENSG00000179213,0
ENSG00000179218,55984
ENSG00000179219,9
ENSG00000179222,16092
ENSG00000179240,104
ENSG00000179241,2291
ENSG00000179242,39
ENSG00000179253,1
ENSG00000179256,15
ENSG00000179262,4951
ENSG00000179270,3
ENSG00000179271,2962
ENSG00000179277,297
ENSG00000179284,0
ENSG00000179292,241
ENSG00000179295,9669
ENSG00000179299,104
ENSG00000179300,1
ENSG00000179304,0
ENSG00000179314,284
ENSG00000179331,27
ENSG00000179335,2452
ENSG00000179342,0
ENSG00000179344,2464
ENSG00000179348,344
ENSG00000179361,392
ENSG00000179362,39
ENSG00000179363,21
ENSG00000179364,9774
ENSG00000179381,0
ENSG00000179387,2046
ENSG00000179388,437
ENSG00000179397,25
ENSG00000179399,2
ENSG00000179403,7832
ENSG00000179406,395
ENSG00000179407,0
ENSG00000179409,1557
ENSG00000179412,0
ENSG00000179420,1
ENSG00000179428,4
ENSG00000179431,118
ENSG00000179443,0
ENSG00000179447,4
ENSG00000179452,0
ENSG00000179454,1177
ENSG00000179455,139
ENSG00000179456,265
ENSG00000179460,0
ENSG00000179468,0
ENSG00000179476,177
ENSG00000179477,4
ENSG00000179520,1
ENSG00000179523,157
ENSG00000179526,2128
ENSG00000179528,344
ENSG00000179532,439
ENSG00000179542,34
ENSG00000179546,96
ENSG00000179562,2920
ENSG00000179564,3
ENSG00000179571,3
ENSG00000179577,1
ENSG00000179580,1
ENSG00000179583,707
ENSG00000179588,564
ENSG00000179593,2341
ENSG00000179598,368
ENSG00000179600,0
ENSG00000179603,3
ENSG00000179604,9906
ENSG00000179611,44
ENSG00000179615,0
ENSG00000179626,0
ENSG00000179627,3080
ENSG00000179630,637
ENSG00000179632,6813
ENSG00000179636,2
ENSG00000179639,48
ENSG00000179673,0
ENSG00000179674,19
ENSG00000179676,0
ENSG00000179695,0
ENSG00000179698,4
ENSG00000179709,0
ENSG00000179715,835
ENSG00000179743,666
ENSG00000179750,1357
ENSG00000179751,0
ENSG00000179755,0
ENSG00000179761,52
ENSG00000179766,11
ENSG00000179772,66
ENSG00000179774,2
ENSG00000179776,1527
ENSG00000179796,4
ENSG00000179799,3
ENSG00000179813,3
ENSG00000179817,0
ENSG00000179818,619
ENSG00000179820,9298
ENSG00000179826,33
ENSG00000179832,1930
ENSG00000179833,3130
ENSG00000179840,4
ENSG00000179841,149
ENSG00000179846,7
ENSG00000179855,169
ENSG00000179859,145
ENSG00000179862,634
ENSG00000179869,1
ENSG00000179873,0
ENSG00000179886,792
ENSG00000179889,15054
ENSG00000179899,59
ENSG00000179902,20
ENSG00000179909,60
ENSG00000179912,1608
ENSG00000179913,895
ENSG00000179914,0
ENSG00000179915,16
ENSG00000179918,5873
ENSG00000179919,0
ENSG00000179921,30
ENSG00000179922,259
ENSG00000179930,3
ENSG00000179933,4578
ENSG00000179934,25
ENSG00000179935,2
ENSG00000179938,0
ENSG00000179941,721
ENSG00000179943,1019
ENSG00000179950,7261
ENSG00000179954,334
ENSG00000179958,2794
ENSG00000179965,258
ENSG00000179967,984
ENSG00000179978,0
ENSG00000179979,123
ENSG00000179981,1253
ENSG00000179988,139
ENSG00000179994,2
ENSG00000179997,0
ENSG00000180008,1584
ENSG00000180011,1600
ENSG00000180015,49
ENSG00000180016,0
ENSG00000180019,0
ENSG00000180035,1031
ENSG00000180042,0
ENSG00000180043,0
ENSG00000180044,145
ENSG00000180053,0
ENSG00000180061,44
ENSG00000180066,46
ENSG00000180068,0
ENSG00000180071,0
ENSG00000180083,0
ENSG00000180089,25
ENSG00000180090,0
ENSG00000180096,389
ENSG00000180098,1683
ENSG00000180104,5630
ENSG00000180105,0
ENSG00000180113,38
ENSG00000180116,2
ENSG00000180138,1
ENSG00000180139,80
ENSG00000180150,0
ENSG00000180152,0
ENSG00000180155,4277
ENSG00000180172,1
ENSG00000180176,8
ENSG00000180178,123
ENSG00000180182,4706
ENSG00000180185,1461
ENSG00000180189,9
ENSG00000180190,730
ENSG00000180198,15025
ENSG00000180205,0
ENSG00000180209,5
ENSG00000180210,0
ENSG00000180211,21
ENSG00000180219,2
ENSG00000180221,0
ENSG00000180228,2213
ENSG00000180229,183
ENSG00000180230,0
ENSG00000180233,1170
ENSG00000180245,19
ENSG00000180251,7
ENSG00000180257,824
ENSG00000180259,0
ENSG00000180263,1463
ENSG00000180264,5
ENSG00000180269,0
ENSG00000180279,5
ENSG00000180284,3
ENSG00000180287,6
ENSG00000180304,2518
ENSG00000180305,0
ENSG00000180316,2
ENSG00000180318,0
ENSG00000180329,1075
ENSG00000180332,0
ENSG00000180336,15
ENSG00000180340,215
ENSG00000180346,544
ENSG00000180347,13
ENSG00000180353,1697
ENSG00000180354,2991
ENSG00000180357,3838
ENSG00000180370,16530
ENSG00000180376,505
ENSG00000180383,1
ENSG00000180385,236
ENSG00000180386,0
ENSG00000180389,18
ENSG00000180398,4975
ENSG00000180409,0
ENSG00000180422,2
ENSG00000180423,299
ENSG00000180424,0
ENSG00000180425,1350
ENSG00000180432,133
ENSG00000180433,0
ENSG00000180437,0
ENSG00000180438,7
ENSG00000180440,0
ENSG00000180447,492
ENSG00000180448,1344
ENSG00000180458,6
ENSG00000180475,0
ENSG00000180479,256
ENSG00000180481,11
ENSG00000180483,0
ENSG00000180488,591
ENSG00000180509,13
ENSG00000180525,7
ENSG00000180530,7142
ENSG00000180532,0
ENSG00000180535,22
ENSG00000180537,20
ENSG00000180539,24
ENSG00000180543,2653
ENSG00000180549,55
ENSG00000180573,2048
ENSG00000180574,14
ENSG00000180581,16
ENSG00000180592,35
ENSG00000180596,357
ENSG00000180610,0
ENSG00000180611,1234
ENSG00000180613,0
ENSG00000180616,66
ENSG00000180626,582
ENSG00000180628,1945
ENSG00000180638,8
ENSG00000180644,270
ENSG00000180658,0
ENSG00000180660,22
ENSG00000180662,0
ENSG00000180663,0
ENSG00000180667,135
ENSG00000180673,1
ENSG00000180694,1164
ENSG00000180697,1
ENSG00000180708,0
ENSG00000180712,11
ENSG00000180714,0
ENSG00000180720,31
ENSG00000180723,0
ENSG00000180730,802
ENSG00000180739,32
ENSG00000180745,1
ENSG00000180747,47
ENSG00000180758,1668
ENSG00000180764,59
ENSG00000180767,1
ENSG00000180769,41
ENSG00000180770,0
ENSG00000180772,0
ENSG00000180773,914
ENSG00000180776,706
ENSG00000180777,50
ENSG00000180785,40
ENSG00000180787,727
ENSG00000180801,168
ENSG00000180803,0
ENSG00000180806,1009
ENSG00000180815,3
ENSG00000180817,11109
ENSG00000180818,2846
ENSG00000180822,625
ENSG00000180828,30
ENSG00000180834,131
ENSG00000180846,5
ENSG00000180855,418
ENSG00000180861,1
ENSG00000180867,297
ENSG00000180869,4
ENSG00000180871,14
ENSG00000180872,0
ENSG00000180875,16
ENSG00000180878,3
ENSG00000180879,7315
ENSG00000180881,60
ENSG00000180884,300
ENSG00000180891,3131
ENSG00000180900,3085
ENSG00000180901,3939
ENSG00000180902,2581
ENSG00000180909,0
ENSG00000180910,0
ENSG00000180913,0
ENSG00000180914,430
ENSG00000180917,4310
ENSG00000180919,1
ENSG00000180921,5069
ENSG00000180926,0
ENSG00000180929,14
ENSG00000180934,14
ENSG00000180938,64
ENSG00000180953,366
ENSG00000180957,3176
ENSG00000180964,2595
ENSG00000180974,0
ENSG00000180979,1060
ENSG00000180988,0
ENSG00000180992,1750
ENSG00000180998,366
ENSG00000180999,2
ENSG00000181001,2
ENSG00000181004,329
ENSG00000181007,66
ENSG00000181009,1
ENSG00000181013,15
ENSG00000181016,189
ENSG00000181017,0
ENSG00000181019,66968
ENSG00000181023,0
ENSG00000181026,2673
ENSG00000181027,790
ENSG00000181029,146
ENSG00000181031,104
ENSG00000181035,204
ENSG00000181036,52
ENSG00000181038,933
ENSG00000181045,1196
ENSG00000181061,2459
ENSG00000181072,0
ENSG00000181074,5
ENSG00000181085,19
ENSG00000181090,5917
ENSG00000181092,3040
ENSG00000181097,12
ENSG00000181101,0
ENSG00000181104,1738
ENSG00000181109,0
ENSG00000181123,1
ENSG00000181126,4
ENSG00000181135,445
ENSG00000181143,518
ENSG00000181163,26255
ENSG00000181171,0
ENSG00000181191,1995
ENSG00000181192,6994
ENSG00000181195,1
ENSG00000181201,0
ENSG00000181211,0
ENSG00000181214,0
ENSG00000181215,9
ENSG00000181218,18
ENSG00000181220,1346
ENSG00000181222,10403
ENSG00000181227,5
ENSG00000181234,245
ENSG00000181240,15
ENSG00000181260,22
ENSG00000181264,277
ENSG00000181273,0
ENSG00000181274,907
ENSG00000181282,0
ENSG00000181284,540
ENSG00000181291,26
ENSG00000181296,0
ENSG00000181315,229
ENSG00000181322,5
ENSG00000181323,1
ENSG00000181325,0
ENSG00000181333,6
ENSG00000181350,536
ENSG00000181355,0
ENSG00000181358,0
ENSG00000181359,14
ENSG00000181371,0
ENSG00000181374,34
ENSG00000181378,95
ENSG00000181381,625
ENSG00000181392,139
ENSG00000181395,0
ENSG00000181396,1055
ENSG00000181404,263
ENSG00000181408,4
ENSG00000181409,98
ENSG00000181418,6
ENSG00000181433,0
ENSG00000181444,729
ENSG00000181449,0
ENSG00000181450,1013
ENSG00000181458,337
ENSG00000181467,1178
ENSG00000181472,1472
ENSG00000181481,922
ENSG00000181499,2
ENSG00000181511,0
ENSG00000181513,97
ENSG00000181514,0
ENSG00000181518,0
ENSG00000181523,1233
ENSG00000181524,67
ENSG00000181541,0
ENSG00000181544,186
ENSG00000181552,6
ENSG00000181555,4658
ENSG00000181562,18
ENSG00000181577,14
ENSG00000181585,6
ENSG00000181588,2054
ENSG00000181609,0
ENSG00000181610,10027
ENSG00000181616,0
ENSG00000181617,54
ENSG00000181619,39
ENSG00000181625,2
ENSG00000181626,0
ENSG00000181631,145
ENSG00000181634,31
ENSG00000181638,363
ENSG00000181649,1271
ENSG00000181652,77
ENSG00000181656,12
ENSG00000181666,1658
ENSG00000181689,0
ENSG00000181690,23
ENSG00000181693,0
ENSG00000181698,0
ENSG00000181704,5140
ENSG00000181705,0
ENSG00000181718,0
ENSG00000181722,7
ENSG00000181733,0
ENSG00000181741,0
ENSG00000181744,231
ENSG00000181751,929
ENSG00000181752,0
ENSG00000181754,559
ENSG00000181761,0
ENSG00000181767,0
ENSG00000181773,109
ENSG00000181778,0
ENSG00000181780,0
ENSG00000181781,2
ENSG00000181785,0
ENSG00000181786,0
ENSG00000181788,1282
ENSG00000181789,20432
ENSG00000181790,1540
ENSG00000181798,36
ENSG00000181800,3
ENSG00000181803,0
ENSG00000181804,246
ENSG00000181817,1728
ENSG00000181819,2
ENSG00000181826,181
ENSG00000181827,1392
ENSG00000181830,2707
ENSG00000181837,0
ENSG00000181847,545
ENSG00000181852,2805
ENSG00000181856,108
ENSG00000181867,0
ENSG00000181873,906
ENSG00000181885,7639
ENSG00000181894,1323
ENSG00000181896,764
ENSG00000181903,0
ENSG00000181904,1580
ENSG00000181908,4
ENSG00000181915,1907
ENSG00000181924,2187
ENSG00000181927,0
ENSG00000181929,4210
ENSG00000181935,0
ENSG00000181938,2290
ENSG00000181939,0
ENSG00000181943,0
ENSG00000181950,0
ENSG00000181958,0
ENSG00000181961,0
ENSG00000181963,0
ENSG00000181965,0
ENSG00000181977,0
ENSG00000181982,1340
ENSG00000181984,0
ENSG00000181991,2472
ENSG00000181995,0
ENSG00000181997,4
ENSG00000182000,0
ENSG00000182004,2418
ENSG00000182010,504
ENSG00000182013,435
ENSG00000182021,1
ENSG00000182022,3604
ENSG00000182035,0
ENSG00000182040,67
ENSG00000182048,3
ENSG00000182050,5
ENSG00000182053,0
ENSG00000182054,53208
ENSG00000182057,49
ENSG00000182070,0
ENSG00000182077,1
ENSG00000182083,0
ENSG00000182087,4411
ENSG00000182093,832
ENSG00000182095,9621
ENSG00000182103,12
ENSG00000182107,3127
ENSG00000182108,272
ENSG00000182109,275
ENSG00000182111,40
ENSG00000182117,5994
ENSG00000182118,193
ENSG00000182132,21
ENSG00000182134,1754
ENSG00000182141,538
ENSG00000182149,10518
ENSG00000182150,470
ENSG00000182154,2323
ENSG00000182156,0
ENSG00000182158,9803
ENSG00000182162,306
ENSG00000182165,1724
ENSG00000182168,101
ENSG00000182170,0
ENSG00000182173,5160
ENSG00000182175,844
ENSG00000182177,0
ENSG00000182179,775
ENSG00000182180,5444
ENSG00000182183,22
ENSG00000182185,279
ENSG00000182187,0
ENSG00000182195,2971
ENSG00000182196,34
ENSG00000182197,2659
ENSG00000182199,3093
ENSG00000182208,1632
ENSG00000182218,531
ENSG00000182220,11062
ENSG00000182223,0
ENSG00000182224,212
ENSG00000182230,1
ENSG00000182240,3753
ENSG00000182247,368
ENSG00000182253,1811
ENSG00000182255,2
ENSG00000182256,32
ENSG00000182257,11
ENSG00000182261,0
ENSG00000182263,39
ENSG00000182264,2
ENSG00000182271,0
ENSG00000182272,989
ENSG00000182287,1266
ENSG00000182307,1408
ENSG00000182308,12
ENSG00000182310,203
ENSG00000182315,0
ENSG00000182318,294
ENSG00000182324,46
ENSG00000182325,1323
ENSG00000182326,8893
ENSG00000182327,19
ENSG00000182329,9
ENSG00000182330,0
ENSG00000182333,0
ENSG00000182334,0
ENSG00000182346,0
ENSG00000182347,0
ENSG00000182348,0
ENSG00000182351,11
ENSG00000182352,0
ENSG00000182359,138
ENSG00000182362,304
ENSG00000182365,0
ENSG00000182366,6
ENSG00000182372,330
ENSG00000182376,2
ENSG00000182378,1529
ENSG00000182379,124
ENSG00000182383,0
ENSG00000182389,38
ENSG00000182393,8
ENSG00000182397,16
ENSG00000182400,2285
ENSG00000182405,222
ENSG00000182415,0
ENSG00000182446,5659
ENSG00000182447,0
ENSG00000182450,0
ENSG00000182459,7
ENSG00000182463,407
ENSG00000182472,48
ENSG00000182473,4005
ENSG00000182477,1
ENSG00000182481,28064
ENSG00000182484,190
ENSG00000182487,36
ENSG00000182489,14
ENSG00000182492,17923
ENSG00000182504,572
ENSG00000182508,15
ENSG00000182511,345
ENSG00000182512,3945
ENSG00000182518,3185
ENSG00000182521,1
ENSG00000182531,0
ENSG00000182533,2
ENSG00000182534,3684
ENSG00000182541,3099
ENSG00000182544,1312
ENSG00000182545,72
ENSG00000182551,6202
ENSG00000182552,608
ENSG00000182557,36
ENSG00000182565,0
ENSG00000182566,3
ENSG00000182568,287
ENSG00000182574,0
ENSG00000182575,71
ENSG00000182578,1349
ENSG00000182580,3667
ENSG00000182583,0
ENSG00000182584,145
ENSG00000182585,27
ENSG00000182586,2
ENSG00000182591,0
ENSG00000182600,44
ENSG00000182601,6
ENSG00000182606,1541
ENSG00000182612,166
ENSG00000182613,0
ENSG00000182621,4901
ENSG00000182625,0
ENSG00000182628,10875
ENSG00000182631,0
ENSG00000182632,0
ENSG00000182634,0
ENSG00000182636,647
ENSG00000182645,0
ENSG00000182648,759
ENSG00000182652,0
ENSG00000182667,455
ENSG00000182670,10972
ENSG00000182674,0
ENSG00000182676,5
ENSG00000182685,113
ENSG00000182687,6
ENSG00000182698,0
ENSG00000182700,223
ENSG00000182704,5420
ENSG00000182707,0
ENSG00000182712,0
ENSG00000182718,40282
ENSG00000182722,18
ENSG00000182732,35
ENSG00000182742,61
ENSG00000182747,3
ENSG00000182749,496
ENSG00000182752,53
ENSG00000182759,19
ENSG00000182768,2841
ENSG00000182771,61
ENSG00000182774,35869
ENSG00000182776,0
ENSG00000182782,461
ENSG00000182783,0
ENSG00000182791,322
ENSG00000182793,0
ENSG00000182795,142
ENSG00000182796,379
ENSG00000182798,3
ENSG00000182809,31587
ENSG00000182810,1696
ENSG00000182814,0
ENSG00000182816,0
ENSG00000182824,0
ENSG00000182827,7466
ENSG00000182831,2514
ENSG00000182836,31
ENSG00000182841,349
ENSG00000182853,67
ENSG00000182854,0
ENSG00000182858,1087
ENSG00000182866,552
ENSG00000182870,22
ENSG00000182871,7324
ENSG00000182872,5031
ENSG00000182873,77
ENSG00000182885,221
ENSG00000182888,0
ENSG00000182890,34
ENSG00000182896,1
ENSG00000182898,0
ENSG00000182899,34262
ENSG00000182901,3
ENSG00000182902,68
ENSG00000182903,600
ENSG00000182912,2
ENSG00000182916,24
ENSG00000182919,819
ENSG00000182921,0
ENSG00000182923,2236
ENSG00000182931,1
ENSG00000182934,13624
ENSG00000182938,38
ENSG00000182944,12722
ENSG00000182950,10
ENSG00000182952,800
ENSG00000182957,2860
ENSG00000182963,186
ENSG00000182965,1
ENSG00000182968,0
ENSG00000182973,1618
ENSG00000182974,0
ENSG00000182979,6314
ENSG00000182983,240
ENSG00000182985,1361
ENSG00000182986,937
ENSG00000182993,127
ENSG00000183010,7853
ENSG00000183011,1681
ENSG00000183018,1790
ENSG00000183019,8
ENSG00000183020,4865
ENSG00000183022,3
ENSG00000183023,844
ENSG00000183024,0
ENSG00000183032,52
ENSG00000183034,0
ENSG00000183035,0
ENSG00000183036,1
ENSG00000183044,781
ENSG00000183048,1097
ENSG00000183049,1293
ENSG00000183054,1
ENSG00000183055,2
ENSG00000183060,231
ENSG00000183066,19
ENSG00000183067,38
ENSG00000183072,48
ENSG00000183077,1758
ENSG00000183087,3693
ENSG00000183090,3
ENSG00000183091,379
ENSG00000183092,65
ENSG00000183098,223
ENSG00000183111,796
ENSG00000183114,5
ENSG00000183117,1
ENSG00000183122,0
ENSG00000183128,0
ENSG00000183130,0
ENSG00000183134,48
ENSG00000183137,1898
ENSG00000183145,17
ENSG00000183146,0
ENSG00000183148,0
ENSG00000183150,151
ENSG00000183153,0
ENSG00000183154,19
ENSG00000183155,1262
ENSG00000183160,1629
ENSG00000183161,1757
ENSG00000183166,0
ENSG00000183169,0
ENSG00000183171,0
ENSG00000183172,1171
ENSG00000183185,0
ENSG00000183186,15
ENSG00000183196,37
ENSG00000183199,57
ENSG00000183206,0
ENSG00000183207,6290
ENSG00000183208,450
ENSG00000183230,3
ENSG00000183239,1
ENSG00000183242,9
ENSG00000183246,5
ENSG00000183248,1368
ENSG00000183249,0
ENSG00000183250,596
ENSG00000183251,0
ENSG00000183255,24115
ENSG00000183258,4327
ENSG00000183260,0
ENSG00000183269,0
ENSG00000183273,35
ENSG00000183281,0
ENSG00000183283,12716
ENSG00000183287,24
ENSG00000183291,4021
ENSG00000183292,0
ENSG00000183298,136
ENSG00000183303,0
ENSG00000183304,0
ENSG00000183305,0
ENSG00000183307,30
ENSG00000183308,12
ENSG00000183309,1522
ENSG00000183310,0
ENSG00000183313,15
ENSG00000183317,400
ENSG00000183318,0
ENSG00000183323,1509
ENSG00000183324,1
ENSG00000183336,0
ENSG00000183337,3170
ENSG00000183340,432
ENSG00000183346,3
ENSG00000183347,26
ENSG00000183354,1188
ENSG00000183378,14
ENSG00000183379,9
ENSG00000183385,0
ENSG00000183386,785
ENSG00000183389,18
ENSG00000183395,3
ENSG00000183396,0
ENSG00000183397,35
ENSG00000183401,492
ENSG00000183421,2315
ENSG00000183423,26
ENSG00000183426,145
ENSG00000183431,8934
ENSG00000183432,0
ENSG00000183434,4
ENSG00000183439,0
ENSG00000183444,269
ENSG00000183454,5
ENSG00000183458,30
ENSG00000183463,0
ENSG00000183470,0
ENSG00000183474,219
ENSG00000183475,850
ENSG00000183476,2
ENSG00000183479,6
ENSG00000183484,203
ENSG00000183486,3897
ENSG00000183495,6207
ENSG00000183496,694
ENSG00000183506,120
ENSG00000183508,1459
ENSG00000183513,1418
ENSG00000183514,0
ENSG00000183520,3208
ENSG00000183527,1671
ENSG00000183530,3170
ENSG00000183535,0
ENSG00000183542,2
ENSG00000183549,120
ENSG00000183559,0
ENSG00000183560,0
ENSG00000183562,6
ENSG00000183566,30
ENSG00000183569,2928
ENSG00000183570,14
ENSG00000183571,2
ENSG00000183576,7317
ENSG00000183578,89
ENSG00000183579,3
ENSG00000183580,1261
ENSG00000183586,2
ENSG00000183597,1373
ENSG00000183598,14
ENSG00000183604,32
ENSG00000183605,1093
ENSG00000183607,0
ENSG00000183615,139
ENSG00000183617,1687
ENSG00000183621,371
ENSG00000183624,4912
ENSG00000183625,7
ENSG00000183628,390
ENSG00000183629,0
ENSG00000183631,0
ENSG00000183632,0
ENSG00000183638,9
ENSG00000183640,0
ENSG00000183643,0
ENSG00000183644,12
ENSG00000183647,301
ENSG00000183648,2872
ENSG00000183654,29
ENSG00000183655,1215
ENSG00000183662,3
ENSG00000183663,0
ENSG00000183665,624
ENSG00000183666,379
ENSG00000183668,2
ENSG00000183671,6
ENSG00000183674,0
ENSG00000183682,71
ENSG00000183684,4398
ENSG00000183688,449
ENSG00000183690,58
ENSG00000183691,10
ENSG00000183695,0
ENSG00000183696,203
ENSG00000183704,0
ENSG00000183706,0
ENSG00000183709,6
ENSG00000183715,8
ENSG00000183718,371
ENSG00000183722,1002
ENSG00000183723,9350
ENSG00000183726,14624
ENSG00000183729,0
ENSG00000183733,1
ENSG00000183734,1125
ENSG00000183735,1211
ENSG00000183741,2213
ENSG00000183742,2024
ENSG00000183747,3
ENSG00000183751,2533
ENSG00000183753,0
ENSG00000183760,2
ENSG00000183762,0
ENSG00000183763,247
ENSG00000183765,799
ENSG00000183770,55
ENSG00000183773,28
ENSG00000183775,6
ENSG00000183778,313
ENSG00000183779,2493
ENSG00000183780,37
ENSG00000183783,0
ENSG00000183784,9
ENSG00000183785,9
ENSG00000183791,0
ENSG00000183793,6
ENSG00000183795,0
ENSG00000183798,93
ENSG00000183801,309
ENSG00000183807,7
ENSG00000183808,1145
ENSG00000183813,184
ENSG00000183814,1367
ENSG00000183822,0
ENSG00000183826,1374
ENSG00000183828,1504
ENSG00000183831,6
ENSG00000183833,35
ENSG00000183837,88
ENSG00000183840,530
ENSG00000183844,39
ENSG00000183850,140
ENSG00000183853,1001
ENSG00000183856,818
ENSG00000183862,101
ENSG00000183864,4585
ENSG00000183873,58
ENSG00000183876,125
ENSG00000183878,0
ENSG00000183888,21
ENSG00000183889,16
ENSG00000183891,325
ENSG00000183908,20
ENSG00000183909,0
ENSG00000183911,1
ENSG00000183914,416
ENSG00000183918,241
ENSG00000183921,4
ENSG00000183929,90
ENSG00000183935,180
ENSG00000183938,0
ENSG00000183943,751
ENSG00000183955,2389
ENSG00000183960,15
ENSG00000183963,2251
ENSG00000183971,22
ENSG00000183977,9
ENSG00000183978,3719
ENSG00000183979,1
ENSG00000183981,0
ENSG00000184005,99
ENSG00000184007,14519
ENSG00000184009,196085
ENSG00000184012,2985
ENSG00000184014,3783
ENSG00000184022,0
ENSG00000184029,0
ENSG00000184032,0
ENSG00000184033,0
ENSG00000184047,736
ENSG00000184055,0
ENSG00000184056,3521
ENSG00000184058,1133
ENSG00000184060,275
ENSG00000184068,302
ENSG00000184076,4441
ENSG00000184083,462
ENSG00000184084,2
ENSG00000184100,20
ENSG00000184106,1
ENSG00000184108,0
ENSG00000184110,649
ENSG00000184111,0
ENSG00000184113,287
ENSG00000184115,0
ENSG00000184117,4746
ENSG00000184139,5
ENSG00000184140,0
ENSG00000184144,11
ENSG00000184148,0
ENSG00000184154,689
ENSG00000184155,0
ENSG00000184156,46
ENSG00000184160,549
ENSG00000184162,1555
ENSG00000184163,10
ENSG00000184164,4116
ENSG00000184166,0
ENSG00000184178,761
ENSG00000184182,2845
ENSG00000184185,39
ENSG00000184188,3
ENSG00000184194,245
ENSG00000184203,4768
ENSG00000184205,2210
ENSG00000184206,3
ENSG00000184207,944
ENSG00000184208,1117
ENSG00000184209,879
ENSG00000184210,1
ENSG00000184216,4590
ENSG00000184220,1218
ENSG00000184221,0
ENSG00000184224,4
ENSG00000184226,35
ENSG00000184227,319
ENSG00000184232,1099
ENSG00000184254,690
ENSG00000184258,2
ENSG00000184260,221
ENSG00000184261,11
ENSG00000184270,15
ENSG00000184271,143
ENSG00000184274,2
ENSG00000184276,0
ENSG00000184277,1435
ENSG00000184281,1618
ENSG00000184292,34887
ENSG00000184293,24
ENSG00000184302,0
ENSG00000184303,0
ENSG00000184304,1627
ENSG00000184305,127
ENSG00000184307,762
ENSG00000184313,4
ENSG00000184319,191
ENSG00000184321,0
ENSG00000184330,132
ENSG00000184343,285
ENSG00000184344,4
ENSG00000184345,0
ENSG00000184347,963
ENSG00000184349,976
ENSG00000184350,0
ENSG00000184351,0
ENSG00000184357,19
ENSG00000184361,12
ENSG00000184363,3030
ENSG00000184368,8
ENSG00000184371,1335
ENSG00000184374,1
ENSG00000184378,48
ENSG00000184381,505
ENSG00000184384,556
ENSG00000184385,8
ENSG00000184388,0
ENSG00000184389,2
ENSG00000184394,0
ENSG00000184402,1793
ENSG00000184408,53
ENSG00000184414,0
ENSG00000184423,2
ENSG00000184428,1762
ENSG00000184432,9147
ENSG00000184434,2
ENSG00000184436,1040
ENSG00000184441,88
ENSG00000184445,1653
ENSG00000184451,9
ENSG00000184454,11
ENSG00000184459,1
ENSG00000184465,392
ENSG00000184470,971
ENSG00000184471,0
ENSG00000184478,539
ENSG00000184481,963
ENSG00000184486,0
ENSG00000184489,648
ENSG00000184492,3
ENSG00000184497,232
ENSG00000184500,503
ENSG00000184502,0
ENSG00000184507,6
ENSG00000184508,1055
ENSG00000184515,56
ENSG00000184517,731
ENSG00000184523,2
ENSG00000184524,11
ENSG00000184530,1
ENSG00000184544,0
ENSG00000184545,1380
ENSG00000184557,4286
ENSG00000184560,7
ENSG00000184564,500
ENSG00000184566,0
ENSG00000184571,3
ENSG00000184574,201
ENSG00000184575,5633
ENSG00000184584,1007
ENSG00000184588,2229
ENSG00000184599,1
ENSG00000184601,92
ENSG00000184602,2605
ENSG00000184608,0
ENSG00000184611,4
ENSG00000184612,0
ENSG00000184613,108
ENSG00000184616,49
ENSG00000184617,12
ENSG00000184619,15
ENSG00000184624,0
ENSG00000184634,3737
ENSG00000184635,2383
ENSG00000184640,19172
ENSG00000184647,0
ENSG00000184650,10
ENSG00000184659,0
ENSG00000184661,575
ENSG00000184669,249
ENSG00000184672,0
ENSG00000184675,1073
ENSG00000184677,1892
ENSG00000184678,6096
ENSG00000184682,13
ENSG00000184697,10
ENSG00000184698,0
ENSG00000184702,1300
ENSG00000184708,1547
ENSG00000184709,362
ENSG00000184716,0
ENSG00000184719,281
ENSG00000184724,0
ENSG00000184730,484
ENSG00000184731,742
ENSG00000184735,0
ENSG00000184741,0
ENSG00000184743,5793
ENSG00000184752,1886
ENSG00000184761,0
ENSG00000184774,60
ENSG00000184785,92
ENSG00000184786,93
ENSG00000184787,3992
ENSG00000184788,2
ENSG00000184789,0
ENSG00000184792,1575
ENSG00000184795,0
ENSG00000184809,11
ENSG00000184811,1004
ENSG00000184814,0
ENSG00000184828,1741
ENSG00000184831,780
ENSG00000184838,30
ENSG00000184840,15229
ENSG00000184844,1
ENSG00000184845,11
ENSG00000184856,0
ENSG00000184857,442
ENSG00000184860,326
ENSG00000184863,1921
ENSG00000184867,401
ENSG00000184881,0
ENSG00000184887,5981
ENSG00000184895,0
ENSG00000184897,6659
ENSG00000184898,457
ENSG00000184900,5536
ENSG00000184903,206
ENSG00000184905,61
ENSG00000184906,1
ENSG00000184908,4
ENSG00000184911,0
ENSG00000184916,984
ENSG00000184922,952
ENSG00000184923,8
ENSG00000184924,924
ENSG00000184925,18
ENSG00000184933,0
ENSG00000184937,39
ENSG00000184939,3315
ENSG00000184945,0
ENSG00000184949,468
ENSG00000184954,0
ENSG00000184956,15788
ENSG00000184961,0
ENSG00000184967,2458
ENSG00000184979,1165
ENSG00000184983,3897
ENSG00000184984,49
ENSG00000184985,159
ENSG00000184986,112
ENSG00000184988,542
ENSG00000184990,6531
ENSG00000184991,0
ENSG00000184992,2089
ENSG00000184995,0
ENSG00000184999,3
ENSG00000185000,1462
ENSG00000185002,1
ENSG00000185008,188
ENSG00000185009,2931
ENSG00000185010,481
ENSG00000185013,8
ENSG00000185015,153
ENSG00000185019,817
ENSG00000185022,1045
ENSG00000185024,4515
ENSG00000185028,23
ENSG00000185031,5
ENSG00000185033,16251
ENSG00000185037,3
ENSG00000185038,51
ENSG00000185040,2
ENSG00000185041,0
ENSG00000185043,10587
ENSG00000185046,173
ENSG00000185049,1350
ENSG00000185052,1095
ENSG00000185053,1
ENSG00000185055,62
ENSG00000185056,7
ENSG00000185065,46
ENSG00000185069,0
ENSG00000185070,223
ENSG00000185074,1
ENSG00000185078,0
ENSG00000185085,2918
ENSG00000185087,0
ENSG00000185088,1359
ENSG00000185090,3494
ENSG00000185100,2143
ENSG00000185101,480
ENSG00000185104,5859
ENSG00000185105,1
ENSG00000185112,501
ENSG00000185115,1319
ENSG00000185122,4416
ENSG00000185127,1371
ENSG00000185129,1246
ENSG00000185130,53
ENSG00000185133,768
ENSG00000185149,36
ENSG00000185155,29
ENSG00000185156,56
ENSG00000185158,985
ENSG00000185163,2942
ENSG00000185164,640
ENSG00000185168,2
ENSG00000185176,0
ENSG00000185177,0
ENSG00000185182,0
ENSG00000185186,0
ENSG00000185187,1821
ENSG00000185189,486
ENSG00000185198,1
ENSG00000185201,2168
ENSG00000185203,3
ENSG00000185215,18110
ENSG00000185219,1415
ENSG00000185220,935
ENSG00000185221,0
ENSG00000185222,1494
ENSG00000185231,0
ENSG00000185236,5527
ENSG00000185238,964
ENSG00000185245,177
ENSG00000185246,1416
ENSG00000185247,0
ENSG00000185250,1161
ENSG00000185252,1193
ENSG00000185261,136
ENSG00000185262,2864
ENSG00000185264,0
ENSG00000185267,81
ENSG00000185269,99
ENSG00000185271,5
ENSG00000185272,17
ENSG00000185274,83
ENSG00000185275,57
ENSG00000185278,616
ENSG00000185290,394
ENSG00000185291,471
ENSG00000185294,0
ENSG00000185296,0
ENSG00000185298,2089
ENSG00000185303,0
ENSG00000185304,58
ENSG00000185305,2084
ENSG00000185306,396
ENSG00000185313,0
ENSG00000185319,0
ENSG00000185324,3831
ENSG00000185332,4
ENSG00000185338,183
ENSG00000185339,489
ENSG00000185340,2533
ENSG00000185344,809
ENSG00000185345,42
ENSG00000185347,1823
ENSG00000185352,1425
ENSG00000185359,3093
ENSG00000185361,825
ENSG00000185372,0
ENSG00000185379,387
ENSG00000185385,0
ENSG00000185386,974
ENSG00000185390,0
ENSG00000185404,355
ENSG00000185414,1862
ENSG00000185418,437
ENSG00000185420,552
ENSG00000185432,2711
ENSG00000185433,2
ENSG00000185436,255
ENSG00000185437,107
ENSG00000185442,5943
ENSG00000185448,0
ENSG00000185453,524
ENSG00000185467,303
ENSG00000185475,3829
ENSG00000185477,411
ENSG00000185479,253
ENSG00000185480,515
ENSG00000185482,136
ENSG00000185483,59
ENSG00000185485,286
ENSG00000185495,69
ENSG00000185499,8951
ENSG00000185504,1642
ENSG00000185507,1259
ENSG00000185513,92
ENSG00000185515,1318
ENSG00000185518,49
ENSG00000185519,9
ENSG00000185522,59
ENSG00000185523,10
ENSG00000185527,70
ENSG00000185532,156
ENSG00000185551,3543
ENSG00000185559,12
ENSG00000185561,537
ENSG00000185565,41
ENSG00000185567,468
ENSG00000185585,602
ENSG00000185591,5605
ENSG00000185594,0
ENSG00000185596,270
ENSG00000185607,8
ENSG00000185608,2206
ENSG00000185610,10
ENSG00000185614,34
ENSG00000185615,4
ENSG00000185619,1973
ENSG00000185621,1685
ENSG00000185624,58686
ENSG00000185627,7398
ENSG00000185630,7365
ENSG00000185631,1
ENSG00000185633,205
ENSG00000185634,24
ENSG00000185638,0
ENSG00000185640,0
ENSG00000185641,85
ENSG00000185650,18663
ENSG00000185651,5890
ENSG00000185652,14
ENSG00000185658,3797
ENSG00000185662,0
ENSG00000185664,38
ENSG00000185666,34
ENSG00000185668,215
ENSG00000185669,74
ENSG00000185670,321
ENSG00000185674,6
ENSG00000185681,17
ENSG00000185684,800
ENSG00000185686,69
ENSG00000185689,7
ENSG00000185697,91
ENSG00000185700,0
ENSG00000185701,1
ENSG00000185710,0
ENSG00000185716,412
ENSG00000185721,2656
ENSG00000185722,3845
ENSG00000185728,1358
ENSG00000185730,284
ENSG00000185736,55
ENSG00000185737,0
ENSG00000185739,23
ENSG00000185742,0
ENSG00000185745,779
ENSG00000185753,1734
ENSG00000185758,0
ENSG00000185760,128
ENSG00000185761,443
ENSG00000185774,16
ENSG00000185775,0
ENSG00000185787,8289
ENSG00000185792,0
ENSG00000185798,824
ENSG00000185800,1371
ENSG00000185803,3884
ENSG00000185808,731
ENSG00000185811,767
ENSG00000185813,4786
ENSG00000185818,724
ENSG00000185821,0
ENSG00000185823,0
ENSG00000185825,14431
ENSG00000185829,9
ENSG00000185834,19
ENSG00000185837,6
ENSG00000185838,348
ENSG00000185839,14
ENSG00000185842,913
ENSG00000185847,5
ENSG00000185860,3
ENSG00000185862,677
ENSG00000185863,118
ENSG00000185864,70
ENSG00000185869,423
ENSG00000185873,0
ENSG00000185875,230
ENSG00000185880,1766
ENSG00000185883,1641
ENSG00000185885,2304
ENSG00000185888,2
ENSG00000185894,0
ENSG00000185896,29163
ENSG00000185897,3
ENSG00000185899,1
ENSG00000185900,150
ENSG00000185903,0
ENSG00000185904,11
ENSG00000185905,215
ENSG00000185909,1520
ENSG00000185915,5
ENSG00000185917,542
ENSG00000185920,677
ENSG00000185924,3660
ENSG00000185926,0
ENSG00000185933,1
ENSG00000185940,1
ENSG00000185942,0
ENSG00000185946,304
ENSG00000185947,1294
ENSG00000185950,639
ENSG00000185955,25
ENSG00000185958,13
ENSG00000185960,0
ENSG00000185962,2
ENSG00000185963,1312
ENSG00000185966,0
ENSG00000185972,13
ENSG00000185973,342
ENSG00000185974,33
ENSG00000185982,0
ENSG00000185985,2
ENSG00000185986,208
ENSG00000185988,3
ENSG00000185989,1533
ENSG00000186001,2841
ENSG00000186007,1
ENSG00000186008,0
ENSG00000186009,4
ENSG00000186010,1442
ENSG00000186017,388
ENSG00000186019,13
ENSG00000186020,396
ENSG00000186026,97
ENSG00000186038,0
ENSG00000186047,23
ENSG00000186049,0
ENSG00000186051,1
ENSG00000186056,57
ENSG00000186063,2265
ENSG00000186073,385
ENSG00000186074,122
ENSG00000186075,0
ENSG00000186076,5
ENSG00000186081,4768
ENSG00000186082,0
ENSG00000186086,0
ENSG00000186088,318
ENSG00000186090,1
ENSG00000186092,0
ENSG00000186094,60
ENSG00000186103,0
ENSG00000186104,585
ENSG00000186105,22
ENSG00000186106,526
ENSG00000186111,4463
ENSG00000186113,0
ENSG00000186115,0
ENSG00000186117,0
ENSG00000186118,9
ENSG00000186119,0
ENSG00000186124,0
ENSG00000186130,1458
ENSG00000186132,371
ENSG00000186136,1
ENSG00000186141,1321
ENSG00000186143,0
ENSG00000186146,0
ENSG00000186148,0
ENSG00000186150,4
ENSG00000186152,1
ENSG00000186153,1106
ENSG00000186160,140
ENSG00000186162,468
ENSG00000186163,0
ENSG00000186166,313
ENSG00000186174,3410
ENSG00000186184,5732
ENSG00000186185,581
ENSG00000186187,3158
ENSG00000186188,36
ENSG00000186190,0
ENSG00000186191,0
ENSG00000186193,3184
ENSG00000186197,107
ENSG00000186198,6
ENSG00000186204,8
ENSG00000186205,1824
ENSG00000186207,0
ENSG00000186212,57
ENSG00000186222,531
ENSG00000186223,0
ENSG00000186226,0
ENSG00000186230,180
ENSG00000186231,4
ENSG00000186232,0
ENSG00000186234,3
ENSG00000186235,3
ENSG00000186244,0
ENSG00000186260,2571
ENSG00000186265,99
ENSG00000186268,0
ENSG00000186272,338
ENSG00000186280,116
ENSG00000186281,544
ENSG00000186283,2546
ENSG00000186288,0
ENSG00000186297,1
ENSG00000186298,7614
ENSG00000186300,468
ENSG00000186301,10
ENSG00000186306,0
ENSG00000186310,59
ENSG00000186312,238
ENSG00000186314,38
ENSG00000186318,1119
ENSG00000186326,15
ENSG00000186328,0
ENSG00000186329,0
ENSG00000186334,0
ENSG00000186335,0
ENSG00000186340,5417
ENSG00000186350,6762
ENSG00000186352,372
ENSG00000186354,55
ENSG00000186364,70
ENSG00000186367,0
ENSG00000186369,1
ENSG00000186376,568
ENSG00000186377,283
ENSG00000186393,0
ENSG00000186395,637
ENSG00000186399,6
ENSG00000186400,0
ENSG00000186407,58
ENSG00000186409,424
ENSG00000186416,558
ENSG00000186417,62
ENSG00000186431,5
ENSG00000186432,12804
ENSG00000186439,14
ENSG00000186440,0
ENSG00000186442,0
ENSG00000186446,244
ENSG00000186448,1511
ENSG00000186451,14
ENSG00000186452,0
ENSG00000186453,1
ENSG00000186458,33
ENSG00000186462,60
ENSG00000186466,11
ENSG00000186468,30964
ENSG00000186469,462
ENSG00000186470,1129
ENSG00000186471,1
ENSG00000186472,1188
ENSG00000186474,0
ENSG00000186479,4
ENSG00000186480,6878
ENSG00000186481,3
ENSG00000186487,2
ENSG00000186493,1104
ENSG00000186496,217
ENSG00000186501,2242
ENSG00000186508,0
ENSG00000186509,0
ENSG00000186510,1
ENSG00000186513,0
ENSG00000186517,1376
ENSG00000186522,2110
ENSG00000186523,165
ENSG00000186526,4
ENSG00000186529,0
ENSG00000186532,627
ENSG00000186543,3
ENSG00000186562,0
ENSG00000186564,324
ENSG00000186566,1537
ENSG00000186567,300
ENSG00000186572,0
ENSG00000186575,1805
ENSG00000186577,901
ENSG00000186579,0
ENSG00000186583,7
ENSG00000186591,13947
ENSG00000186594,393
ENSG00000186599,0
ENSG00000186603,112
ENSG00000186615,170
ENSG00000186625,1512
ENSG00000186628,2
ENSG00000186635,3831
ENSG00000186638,633
ENSG00000186642,399
ENSG00000186645,1
ENSG00000186648,162
ENSG00000186652,6
ENSG00000186654,910
ENSG00000186660,6903
ENSG00000186665,3287
ENSG00000186666,515
ENSG00000186675,6
ENSG00000186676,354
ENSG00000186678,0
ENSG00000186684,129
ENSG00000186687,571
ENSG00000186704,302
ENSG00000186710,7
ENSG00000186714,24
ENSG00000186715,7
ENSG00000186716,5329
ENSG00000186723,0
ENSG00000186732,13
ENSG00000186743,0
ENSG00000186765,5
ENSG00000186766,1
ENSG00000186767,1275
ENSG00000186777,99
ENSG00000186787,23
ENSG00000186788,0
ENSG00000186790,18
ENSG00000186792,959
ENSG00000186795,0
ENSG00000186803,0
ENSG00000186806,158
ENSG00000186810,243
ENSG00000186812,1787
ENSG00000186814,562
ENSG00000186815,1147
ENSG00000186818,883
ENSG00000186825,0
ENSG00000186827,143
ENSG00000186831,1
ENSG00000186832,103
ENSG00000186834,1614
ENSG00000186838,0
ENSG00000186842,6
ENSG00000186844,0
ENSG00000186847,1528
ENSG00000186854,70
ENSG00000186860,0
ENSG00000186862,34
ENSG00000186866,936
ENSG00000186867,0
ENSG00000186868,1441
ENSG00000186871,1069
ENSG00000186881,0
ENSG00000186886,0
ENSG00000186889,124
ENSG00000186891,360
ENSG00000186895,0
ENSG00000186897,7
ENSG00000186907,91
ENSG00000186908,1170
ENSG00000186910,2
ENSG00000186912,3
ENSG00000186918,1570
ENSG00000186919,20
ENSG00000186924,0
ENSG00000186925,0
ENSG00000186930,0
ENSG00000186940,353
ENSG00000186943,0
ENSG00000186951,807
ENSG00000186952,21
ENSG00000186960,0
ENSG00000186965,0
ENSG00000186967,0
ENSG00000186970,0
ENSG00000186971,0
ENSG00000186973,39
ENSG00000186976,290
ENSG00000186977,0
ENSG00000186980,0
ENSG00000186994,247
ENSG00000186998,141
ENSG00000187003,0
ENSG00000187005,0
ENSG00000187010,1
ENSG00000187012,0
ENSG00000187013,8
ENSG00000187017,1417
ENSG00000187021,0
ENSG00000187024,18
ENSG00000187026,0
ENSG00000187033,1
ENSG00000187037,52
ENSG00000187045,7
ENSG00000187048,1
ENSG00000187049,2572
ENSG00000187051,1441
ENSG00000187054,0
ENSG00000187066,62
ENSG00000187068,60
ENSG00000187079,3357
ENSG00000187080,0
ENSG00000187082,0
ENSG00000187091,964
ENSG00000187094,0
ENSG00000187097,1837
ENSG00000187098,395
ENSG00000187103,0
ENSG00000187105,197
ENSG00000187109,18364
ENSG00000187116,42
ENSG00000187118,735
ENSG00000187122,21
ENSG00000187123,699
ENSG00000187134,531
ENSG00000187135,0
ENSG00000187140,4
ENSG00000187144,3
ENSG00000187147,5807
ENSG00000187151,3
ENSG00000187164,10063
ENSG00000187166,2
ENSG00000187170,0
ENSG00000187172,0
ENSG00000187173,0
ENSG00000187175,0
ENSG00000187180,0
ENSG00000187185,1
ENSG00000187186,104
ENSG00000187187,170
ENSG00000187189,2556
ENSG00000187191,0
ENSG00000187193,3942
ENSG00000187210,145
ENSG00000187223,0
ENSG00000187229,0
ENSG00000187231,2736
ENSG00000187238,0
ENSG00000187239,11679
ENSG00000187240,458
ENSG00000187242,1
ENSG00000187243,1
ENSG00000187244,15077
ENSG00000187257,2202
ENSG00000187258,0
ENSG00000187260,78
ENSG00000187266,416
ENSG00000187268,1388
ENSG00000187272,0
ENSG00000187288,976
ENSG00000187323,7
ENSG00000187325,3378
ENSG00000187372,888
ENSG00000187391,240
ENSG00000187398,5
ENSG00000187416,0
ENSG00000187446,8740
ENSG00000187472,0
ENSG00000187474,823
ENSG00000187475,2
ENSG00000187479,688
ENSG00000187481,0
ENSG00000187483,0
ENSG00000187486,156
ENSG00000187492,7
ENSG00000187498,12786
ENSG00000187504,0
ENSG00000187510,17
ENSG00000187513,362
ENSG00000187514,63732
ENSG00000187516,0
ENSG00000187522,1359
ENSG00000187527,2244
ENSG00000187531,1207
ENSG00000187533,0
ENSG00000187534,48
ENSG00000187535,1677
ENSG00000187536,0
ENSG00000187537,12
ENSG00000187545,0
ENSG00000187546,20
ENSG00000187550,0
ENSG00000187553,0
ENSG00000187554,454
ENSG00000187555,11295
ENSG00000187556,4
ENSG00000187559,0
ENSG00000187566,254
ENSG00000187569,0
ENSG00000187581,1
ENSG00000187583,390
ENSG00000187589,0
ENSG00000187595,101
ENSG00000187600,0
ENSG00000187601,2310
ENSG00000187605,4887
ENSG00000187607,861
ENSG00000187608,4369
ENSG00000187609,266
ENSG00000187612,0
ENSG00000187616,0
ENSG00000187621,1
ENSG00000187624,476
ENSG00000187626,263
ENSG00000187627,2
ENSG00000187630,1817
ENSG00000187634,1924
ENSG00000187642,196
ENSG00000187650,391
ENSG00000187653,26
ENSG00000187657,0
ENSG00000187658,0
ENSG00000187664,0
ENSG00000187672,16
ENSG00000187676,693
ENSG00000187678,2265
ENSG00000187682,2
ENSG00000187686,5
ENSG00000187688,461
ENSG00000187689,28
ENSG00000187690,247
ENSG00000187695,26
ENSG00000187699,72
ENSG00000187701,0
ENSG00000187713,1833
ENSG00000187714,0
ENSG00000187715,3
ENSG00000187720,1154
ENSG00000187721,4
ENSG00000187726,3
ENSG00000187730,302
ENSG00000187733,0
ENSG00000187735,1747
ENSG00000187736,41
ENSG00000187741,1759
ENSG00000187742,2672
ENSG00000187747,0
ENSG00000187753,7
ENSG00000187754,0
ENSG00000187758,6
ENSG00000187762,0
ENSG00000187763,0
ENSG00000187764,2102
ENSG00000187766,0
ENSG00000187772,0
ENSG00000187773,53
ENSG00000187775,66
ENSG00000187778,2934
ENSG00000187783,0
ENSG00000187790,712
ENSG00000187791,3
ENSG00000187792,329
ENSG00000187796,170
ENSG00000187800,190
ENSG00000187801,167
ENSG00000187806,0
ENSG00000187808,39
ENSG00000187812,0
ENSG00000187815,450
ENSG00000187821,0
ENSG00000187823,0
ENSG00000187824,52
ENSG00000187833,0
ENSG00000187837,2712
ENSG00000187838,18
ENSG00000187840,5925
ENSG00000187847,0
ENSG00000187848,213
ENSG00000187855,1
ENSG00000187857,0
ENSG00000187860,178
ENSG00000187862,5
ENSG00000187866,543
ENSG00000187867,255
ENSG00000187870,0
ENSG00000187871,0
ENSG00000187889,27
ENSG00000187893,1
ENSG00000187900,1
ENSG00000187902,6
ENSG00000187904,0
ENSG00000187905,0
ENSG00000187908,7
ENSG00000187912,19
ENSG00000187918,0
ENSG00000187922,1
ENSG00000187942,52
ENSG00000187944,1
ENSG00000187950,7
ENSG00000187951,363
ENSG00000187952,4
ENSG00000187953,325
ENSG00000187954,3346
ENSG00000187955,1330
ENSG00000187957,3
ENSG00000187959,16
ENSG00000187961,313
ENSG00000187969,0
ENSG00000187979,0
ENSG00000187980,3
ENSG00000187984,21
ENSG00000187987,2
ENSG00000187988,1
ENSG00000187994,268
ENSG00000187997,0
ENSG00000187999,2
ENSG00000188000,3
ENSG00000188001,642
ENSG00000188002,846
ENSG00000188004,20
ENSG00000188010,1261
ENSG00000188011,1
ENSG00000188013,37
ENSG00000188015,51
ENSG00000188021,1917
ENSG00000188026,330
ENSG00000188029,2
ENSG00000188032,0
ENSG00000188033,47
ENSG00000188037,4
ENSG00000188038,0
ENSG00000188039,31
ENSG00000188042,2168
ENSG00000188050,12
ENSG00000188051,35
ENSG00000188056,2
ENSG00000188060,327
ENSG00000188064,3585
ENSG00000188069,0
ENSG00000188070,1003
ENSG00000188076,0
ENSG00000188078,0
ENSG00000188086,11
ENSG00000188089,31
ENSG00000188092,133
ENSG00000188095,1755
ENSG00000188100,0
ENSG00000188101,0
ENSG00000188107,94
ENSG00000188112,1494
ENSG00000188120,0
ENSG00000188124,0
ENSG00000188130,486
ENSG00000188133,3
ENSG00000188152,4
ENSG00000188153,898
ENSG00000188155,0
ENSG00000188157,21527
ENSG00000188158,504
ENSG00000188162,2
ENSG00000188163,9
ENSG00000188167,73
ENSG00000188171,2120
ENSG00000188175,5
ENSG00000188176,16
ENSG00000188177,333
ENSG00000188185,154
ENSG00000188186,3450
ENSG00000188191,797
ENSG00000188199,22
ENSG00000188206,384
ENSG00000188211,20
ENSG00000188215,542
ENSG00000188219,16
ENSG00000188223,1
ENSG00000188227,283
ENSG00000188229,42095
ENSG00000188234,53
ENSG00000188242,705
ENSG00000188243,4283
ENSG00000188257,591
ENSG00000188263,14
ENSG00000188266,253
ENSG00000188269,1
ENSG00000188277,25
ENSG00000188280,1
ENSG00000188282,28
ENSG00000188283,262
ENSG00000188290,536
ENSG00000188293,457
ENSG00000188295,738
ENSG00000188305,12
ENSG00000188306,6
ENSG00000188312,256
ENSG00000188313,633
ENSG00000188314,0
ENSG00000188315,452
ENSG00000188316,79
ENSG00000188321,570
ENSG00000188322,5544
ENSG00000188324,0
ENSG00000188334,0
ENSG00000188338,144
ENSG00000188340,0
ENSG00000188342,752
ENSG00000188343,586
ENSG00000188352,406
ENSG00000188365,7
ENSG00000188368,103
ENSG00000188372,454
ENSG00000188373,0
ENSG00000188375,7
ENSG00000188379,0
ENSG00000188383,8
ENSG00000188385,17
ENSG00000188386,2
ENSG00000188388,5
ENSG00000188389,118
ENSG00000188393,0
ENSG00000188394,1
ENSG00000188396,12
ENSG00000188399,0
ENSG00000188403,8
ENSG00000188404,983
ENSG00000188408,0
ENSG00000188419,1293
ENSG00000188425,2
ENSG00000188428,476
ENSG00000188438,0
ENSG00000188439,0
ENSG00000188451,8
ENSG00000188452,259
ENSG00000188459,0
ENSG00000188460,3
ENSG00000188467,0
ENSG00000188477,1
ENSG00000188483,2108
ENSG00000188486,2486
ENSG00000188487,0
ENSG00000188488,112
ENSG00000188493,1066
ENSG00000188501,6
ENSG00000188505,3550
ENSG00000188508,7
ENSG00000188511,32
ENSG00000188512,2
ENSG00000188517,8
ENSG00000188522,2425
ENSG00000188523,18
ENSG00000188525,12
ENSG00000188529,9119
ENSG00000188536,35
ENSG00000188542,350
ENSG00000188549,297
ENSG00000188554,9654
ENSG00000188558,0
ENSG00000188559,3183
ENSG00000188566,607
ENSG00000188573,141
ENSG00000188580,4
ENSG00000188581,0
ENSG00000188582,0
ENSG00000188585,0
ENSG00000188596,28
ENSG00000188599,117
ENSG00000188603,1858
ENSG00000188610,9
ENSG00000188611,55
ENSG00000188612,15801
ENSG00000188613,1172
ENSG00000188620,2
ENSG00000188624,5
ENSG00000188626,4
ENSG00000188629,0
ENSG00000188636,1984
ENSG00000188641,518
ENSG00000188643,32605
ENSG00000188646,70
ENSG00000188647,597
ENSG00000188649,5
ENSG00000188655,0
ENSG00000188656,0
ENSG00000188659,168
ENSG00000188660,0
ENSG00000188662,1
ENSG00000188668,0
ENSG00000188672,172
ENSG00000188674,0
ENSG00000188676,15
ENSG00000188677,947
ENSG00000188681,36
ENSG00000188687,67
ENSG00000188690,2306
ENSG00000188691,6
ENSG00000188693,6
ENSG00000188694,0
ENSG00000188706,2329
ENSG00000188707,385
ENSG00000188710,38
ENSG00000188712,0
ENSG00000188716,1
ENSG00000188725,2730
ENSG00000188729,0
ENSG00000188730,1
ENSG00000188732,98
ENSG00000188735,573
ENSG00000188738,97
ENSG00000188739,91
ENSG00000188747,160
ENSG00000188755,1
ENSG00000188760,255
ENSG00000188761,6
ENSG00000188763,5
ENSG00000188765,0
ENSG00000188766,86
ENSG00000188770,0
ENSG00000188771,0
ENSG00000188778,3
ENSG00000188779,19
ENSG00000188782,1
ENSG00000188783,955
ENSG00000188784,0
ENSG00000188785,574
ENSG00000188786,1920
ENSG00000188800,6
ENSG00000188801,1
ENSG00000188803,35
ENSG00000188807,1918
ENSG00000188811,1017
ENSG00000188816,6
ENSG00000188817,15
ENSG00000188818,350
ENSG00000188820,214
ENSG00000188822,31
ENSG00000188825,91
ENSG00000188827,661
ENSG00000188828,0
ENSG00000188831,0
ENSG00000188833,1
ENSG00000188846,21462
ENSG00000188848,17
ENSG00000188850,0
ENSG00000188856,6
ENSG00000188859,49
ENSG00000188868,139
ENSG00000188869,12
ENSG00000188873,4
ENSG00000188877,0
ENSG00000188878,998
ENSG00000188883,1817
ENSG00000188886,4
ENSG00000188895,52889
ENSG00000188897,22
ENSG00000188906,839
ENSG00000188909,0
ENSG00000188910,35
ENSG00000188916,26
ENSG00000188917,2044
ENSG00000188921,231
ENSG00000188931,0
ENSG00000188933,7
ENSG00000188937,0
ENSG00000188938,2639
ENSG00000188958,6
ENSG00000188959,4102
ENSG00000188976,10494
ENSG00000188981,5
ENSG00000188984,0
ENSG00000188985,28
ENSG00000188986,6132
ENSG00000188991,31
ENSG00000188992,5
ENSG00000188993,19
ENSG00000188994,2009
ENSG00000188996,4
ENSG00000188997,402
ENSG00000189001,24
ENSG00000189002,0
ENSG00000189007,208
ENSG00000189013,24
ENSG00000189014,13
ENSG00000189023,0
ENSG00000189030,0
ENSG00000189037,0
ENSG00000189042,555
ENSG00000189043,9159
ENSG00000189045,5
ENSG00000189046,398
ENSG00000189050,2972
ENSG00000189051,1
ENSG00000189052,0
ENSG00000189056,40
ENSG00000189057,3687
ENSG00000189058,4062
ENSG00000189060,18678
ENSG00000189064,0
ENSG00000189067,12512
ENSG00000189068,0
ENSG00000189077,2713
ENSG00000189079,2157
ENSG00000189089,2
ENSG00000189090,0
ENSG00000189091,35867
ENSG00000189099,1
ENSG00000189108,60
ENSG00000189114,881
ENSG00000189120,863
ENSG00000189127,10
ENSG00000189129,158
ENSG00000189132,0
ENSG00000189134,13
ENSG00000189136,13
ENSG00000189139,0
ENSG00000189143,34100
ENSG00000189144,34
ENSG00000189145,0
ENSG00000189149,4
ENSG00000189152,0
ENSG00000189157,183
ENSG00000189159,24488
ENSG00000189164,159
ENSG00000189166,0
ENSG00000189167,2
ENSG00000189169,0
ENSG00000189171,1562
ENSG00000189180,2597
ENSG00000189181,0
ENSG00000189182,0
ENSG00000189184,531
ENSG00000189186,1
ENSG00000189190,437
ENSG00000189195,27
ENSG00000189196,1
ENSG00000189212,0
ENSG00000189221,989
ENSG00000189223,95
ENSG00000189227,287
ENSG00000189229,0
ENSG00000189233,65
ENSG00000189238,2
ENSG00000189241,4893
ENSG00000189252,0
ENSG00000189253,0
ENSG00000189266,5692
ENSG00000189269,6
ENSG00000189275,0
ENSG00000189280,33
ENSG00000189283,51
ENSG00000189292,19
ENSG00000189295,0
ENSG00000189298,228
ENSG00000189299,0
ENSG00000189306,2511
ENSG00000189308,515
ENSG00000189316,6
ENSG00000189319,1168
ENSG00000189320,28
ENSG00000189325,0
ENSG00000189326,0
ENSG00000189332,0
ENSG00000189334,34622
ENSG00000189337,2404
ENSG00000189339,1003
ENSG00000189343,375
ENSG00000189348,0
ENSG00000189350,21
ENSG00000189357,0
ENSG00000189362,474
ENSG00000189366,551
ENSG00000189367,3
ENSG00000189369,105
ENSG00000189372,0
ENSG00000189375,6
ENSG00000189376,260
ENSG00000189377,70
ENSG00000189393,0
ENSG00000189398,1
ENSG00000189401,0
ENSG00000189403,20464
ENSG00000189409,0
ENSG00000189410,10
ENSG00000189419,58
ENSG00000189420,34
ENSG00000189423,319
ENSG00000189430,4
ENSG00000189431,215
ENSG00000189433,4
ENSG00000194297,0
ENSG00000194717,0
ENSG00000195024,0
ENSG00000195401,0
ENSG00000196071,6
ENSG00000196072,2020
ENSG00000196074,286
ENSG00000196081,175
ENSG00000196083,1565
ENSG00000196085,0
ENSG00000196090,191
ENSG00000196091,49
ENSG00000196092,251
ENSG00000196096,1
ENSG00000196098,0
ENSG00000196099,0
ENSG00000196104,5
ENSG00000196109,30
ENSG00000196110,94
ENSG00000196114,0
ENSG00000196115,1
ENSG00000196116,1007
ENSG00000196118,54
ENSG00000196119,30
ENSG00000196123,1584
ENSG00000196126,11466
ENSG00000196131,0
ENSG00000196132,264
ENSG00000196136,9
ENSG00000196139,772
ENSG00000196141,3199
ENSG00000196143,0
ENSG00000196150,565
ENSG00000196151,883
ENSG00000196152,697
ENSG00000196154,1474
ENSG00000196155,406
ENSG00000196156,0
ENSG00000196159,180
ENSG00000196166,0
ENSG00000196167,53
ENSG00000196169,15
ENSG00000196171,0
ENSG00000196172,722
ENSG00000196177,1061
ENSG00000196182,5269
ENSG00000196183,4
ENSG00000196184,0
ENSG00000196187,4909
ENSG00000196188,0
ENSG00000196189,1148
ENSG00000196196,27
ENSG00000196199,1767
ENSG00000196204,769
ENSG00000196205,416
ENSG00000196208,254
ENSG00000196209,102
ENSG00000196214,1824
ENSG00000196218,80
ENSG00000196220,341
ENSG00000196224,0
ENSG00000196227,1168
ENSG00000196228,0
ENSG00000196230,69760
ENSG00000196233,951
ENSG00000196235,6934
ENSG00000196236,1455
ENSG00000196240,0
ENSG00000196242,0
ENSG00000196243,0
ENSG00000196247,3668
ENSG00000196248,0
ENSG00000196260,1
ENSG00000196262,15553
ENSG00000196263,63
ENSG00000196266,0
ENSG00000196267,432
ENSG00000196268,597
ENSG00000196273,0
ENSG00000196274,4
ENSG00000196275,172
ENSG00000196277,1
ENSG00000196284,579
ENSG00000196289,3
ENSG00000196290,1726
ENSG00000196295,569
ENSG00000196296,44
ENSG00000196301,7
ENSG00000196302,0
ENSG00000196305,5383
ENSG00000196312,110
ENSG00000196313,2625
ENSG00000196323,2331
ENSG00000196329,54
ENSG00000196335,283
ENSG00000196337,2
ENSG00000196338,47
ENSG00000196341,2
ENSG00000196344,0
ENSG00000196345,338
ENSG00000196350,77
ENSG00000196352,2230
ENSG00000196353,3
ENSG00000196357,134
ENSG00000196358,34
ENSG00000196361,556
ENSG00000196363,3807
ENSG00000196364,0
ENSG00000196365,8490
ENSG00000196366,13
ENSG00000196367,9858
ENSG00000196368,23
ENSG00000196369,16
ENSG00000196371,192
ENSG00000196372,779
ENSG00000196376,2
ENSG00000196378,180
ENSG00000196381,40
ENSG00000196383,0
ENSG00000196387,928
ENSG00000196388,207
ENSG00000196390,0
ENSG00000196391,207
ENSG00000196395,0
ENSG00000196396,12017
ENSG00000196403,2
ENSG00000196405,1608
ENSG00000196406,0
ENSG00000196407,105
ENSG00000196408,0
ENSG00000196411,18546
ENSG00000196415,2
ENSG00000196417,644
ENSG00000196418,582
ENSG00000196419,18289
ENSG00000196420,4
ENSG00000196421,202
ENSG00000196422,1297
ENSG00000196427,2
ENSG00000196428,896
ENSG00000196431,0
ENSG00000196433,6
ENSG00000196436,353
ENSG00000196437,541
ENSG00000196440,261
ENSG00000196449,2390
ENSG00000196453,2093
ENSG00000196455,2828
ENSG00000196456,747
ENSG00000196458,704
ENSG00000196459,671
ENSG00000196460,66
ENSG00000196465,1273
ENSG00000196466,387
ENSG00000196468,6
ENSG00000196470,1353
ENSG00000196472,0
ENSG00000196475,0
ENSG00000196476,273
ENSG00000196482,303
ENSG00000196497,1302
ENSG00000196498,7739
ENSG00000196502,432
ENSG00000196503,18
ENSG00000196504,8611
ENSG00000196505,592
ENSG00000196507,3065
ENSG00000196510,3284
ENSG00000196511,474
ENSG00000196517,1143
ENSG00000196526,2335
ENSG00000196531,28042
ENSG00000196534,0
ENSG00000196535,13339
ENSG00000196539,0
ENSG00000196542,3840
ENSG00000196544,294
ENSG00000196547,3303
ENSG00000196549,854
ENSG00000196550,181
ENSG00000196553,0
ENSG00000196557,867
ENSG00000196562,17177
ENSG00000196564,0
ENSG00000196565,1
ENSG00000196566,0
ENSG00000196569,777
ENSG00000196570,0
ENSG00000196576,29053
ENSG00000196578,0
ENSG00000196581,15
ENSG00000196584,569
ENSG00000196586,9161
ENSG00000196588,2478
ENSG00000196589,0
ENSG00000196591,13123
ENSG00000196593,0
ENSG00000196597,209
ENSG00000196600,3
ENSG00000196604,27
ENSG00000196605,96
ENSG00000196611,207
ENSG00000196616,4802
ENSG00000196620,48
ENSG00000196628,1694
ENSG00000196632,17
ENSG00000196634,0
ENSG00000196636,183
ENSG00000196639,426
ENSG00000196642,8477
ENSG00000196646,736
ENSG00000196652,1257
ENSG00000196653,53
ENSG00000196655,1931
ENSG00000196656,1
ENSG00000196659,1094
ENSG00000196660,0
ENSG00000196661,0
ENSG00000196663,3206
ENSG00000196664,163
ENSG00000196666,17
ENSG00000196668,6
ENSG00000196670,1054
ENSG00000196678,916
ENSG00000196683,5788
ENSG00000196684,310
ENSG00000196689,9
ENSG00000196693,1440
ENSG00000196696,337
ENSG00000196700,4850
ENSG00000196704,12941
ENSG00000196705,883
ENSG00000196711,0
ENSG00000196712,3400
ENSG00000196715,7230
ENSG00000196724,206
ENSG00000196730,400
ENSG00000196734,0
ENSG00000196735,6047
ENSG00000196739,215
ENSG00000196741,94
ENSG00000196743,6738
ENSG00000196747,100
ENSG00000196748,2
ENSG00000196754,200
ENSG00000196756,423
ENSG00000196757,529
ENSG00000196758,0
ENSG00000196767,0
ENSG00000196772,0
ENSG00000196776,4206
ENSG00000196778,0
ENSG00000196781,3416
ENSG00000196782,1086
ENSG00000196787,489
ENSG00000196792,5752
ENSG00000196793,317
ENSG00000196796,4
ENSG00000196800,0
ENSG00000196805,0
ENSG00000196810,432
ENSG00000196811,6
ENSG00000196812,387
ENSG00000196814,1045
ENSG00000196821,6524
ENSG00000196826,0
ENSG00000196832,0
ENSG00000196834,1
ENSG00000196839,719
ENSG00000196843,1436
ENSG00000196844,44
ENSG00000196850,1058
ENSG00000196859,0
ENSG00000196860,7
ENSG00000196862,2
ENSG00000196865,1842
ENSG00000196866,60
ENSG00000196867,61
ENSG00000196872,1306
ENSG00000196873,22
ENSG00000196876,248
ENSG00000196878,1873
ENSG00000196890,5
ENSG00000196893,0
ENSG00000196900,3
ENSG00000196911,472
ENSG00000196912,67
ENSG00000196914,9999
ENSG00000196917,1925
ENSG00000196922,1131
ENSG00000196923,2066
ENSG00000196924,51081
ENSG00000196932,46
ENSG00000196933,0
ENSG00000196935,598
ENSG00000196936,0
ENSG00000196937,1119
ENSG00000196943,6610
ENSG00000196944,0
ENSG00000196946,0
ENSG00000196950,2259
ENSG00000196951,64
ENSG00000196954,3257
ENSG00000196961,5630
ENSG00000196967,346
ENSG00000196968,730
ENSG00000196970,0
ENSG00000196972,36
ENSG00000196975,4775
ENSG00000196976,1302
ENSG00000196979,2
ENSG00000196981,998
ENSG00000196990,0
ENSG00000196993,0
ENSG00000196998,1801
ENSG00000197006,4238
ENSG00000197008,1817
ENSG00000197013,667
ENSG00000197016,52
ENSG00000197019,691
ENSG00000197020,836
ENSG00000197021,754
ENSG00000197023,0
ENSG00000197024,1654
ENSG00000197037,972
ENSG00000197038,0
ENSG00000197043,11740
ENSG00000197044,210
ENSG00000197045,3691
ENSG00000197046,229
ENSG00000197050,492
ENSG00000197054,78
ENSG00000197056,925
ENSG00000197057,22
ENSG00000197061,20
ENSG00000197062,345
ENSG00000197063,1073
ENSG00000197067,2
ENSG00000197070,3633
ENSG00000197077,5133
ENSG00000197079,0
ENSG00000197081,12250
ENSG00000197083,36
ENSG00000197084,2
ENSG00000197085,0
ENSG00000197092,0
ENSG00000197093,344
ENSG00000197099,2
ENSG00000197102,72631
ENSG00000197106,5
ENSG00000197110,0
ENSG00000197111,14245
ENSG00000197114,592
ENSG00000197119,4813
ENSG00000197121,361
ENSG00000197122,7761
ENSG00000197123,0
ENSG00000197124,364
ENSG00000197125,0
ENSG00000197128,671
ENSG00000197134,390
ENSG00000197136,5941
ENSG00000197140,33
ENSG00000197142,1091
ENSG00000197147,1298
ENSG00000197149,208
ENSG00000197150,1874
ENSG00000197153,41
ENSG00000197157,19593
ENSG00000197161,0
ENSG00000197162,605
ENSG00000197165,57
ENSG00000197168,34
ENSG00000197170,9825
ENSG00000197171,0
ENSG00000197172,2480
ENSG00000197176,0
ENSG00000197177,0
ENSG00000197180,296
ENSG00000197181,14
ENSG00000197182,50
ENSG00000197183,3006
ENSG00000197185,0
ENSG00000197191,46
ENSG00000197208,119
ENSG00000197210,0
ENSG00000197213,1
ENSG00000197214,0
ENSG00000197217,1515
ENSG00000197223,888
ENSG00000197226,9372
ENSG00000197233,2
ENSG00000197238,46
ENSG00000197241,1
ENSG00000197245,97
ENSG00000197249,1778
ENSG00000197251,0
ENSG00000197253,103
ENSG00000197254,1
ENSG00000197256,2979
ENSG00000197258,84
ENSG00000197261,81
ENSG00000197263,0
ENSG00000197265,8536
ENSG00000197272,2
ENSG00000197273,0
ENSG00000197275,226
ENSG00000197279,207
ENSG00000197283,230
ENSG00000197291,17
ENSG00000197296,2432
ENSG00000197299,922
ENSG00000197301,8
ENSG00000197302,1068
ENSG00000197308,133
ENSG00000197309,2
ENSG00000197312,10910
ENSG00000197320,11
ENSG00000197321,3204
ENSG00000197322,0
ENSG00000197323,1894
ENSG00000197324,13591
ENSG00000197329,1198
ENSG00000197332,37
ENSG00000197334,0
ENSG00000197343,3695
ENSG00000197345,2186
ENSG00000197353,0
ENSG00000197355,958
ENSG00000197358,8
ENSG00000197360,293
ENSG00000197361,94
ENSG00000197362,1264
ENSG00000197363,337
ENSG00000197364,0
ENSG00000197372,901
ENSG00000197375,1267
ENSG00000197376,0
ENSG00000197380,110
ENSG00000197381,1197
ENSG00000197385,550
ENSG00000197386,3524
ENSG00000197403,0
ENSG00000197405,530
ENSG00000197406,15
ENSG00000197408,0
ENSG00000197409,82
ENSG00000197410,25
ENSG00000197415,12
ENSG00000197416,0
ENSG00000197417,354
ENSG00000197421,1
ENSG00000197428,0
ENSG00000197429,1657
ENSG00000197430,0
ENSG00000197437,0
ENSG00000197442,2840
ENSG00000197444,16
ENSG00000197445,6
ENSG00000197446,0
ENSG00000197448,3948
ENSG00000197451,12921
ENSG00000197454,0
ENSG00000197457,5534
ENSG00000197461,2201
ENSG00000197462,0
ENSG00000197465,9
ENSG00000197467,54
ENSG00000197468,0
ENSG00000197471,490
ENSG00000197472,267
ENSG00000197475,0
ENSG00000197476,5
ENSG00000197479,110
ENSG00000197483,264
ENSG00000197487,0
ENSG00000197496,10593
ENSG00000197497,122
ENSG00000197498,859
ENSG00000197503,0
ENSG00000197506,53
ENSG00000197520,10
ENSG00000197530,373
ENSG00000197532,0
ENSG00000197535,3335
ENSG00000197536,102
ENSG00000197540,88
ENSG00000197548,1479
ENSG00000197549,8
ENSG00000197550,0
ENSG00000197555,7006
ENSG00000197557,1340
ENSG00000197558,21
ENSG00000197561,4
ENSG00000197562,1724
ENSG00000197563,1835
ENSG00000197565,72
ENSG00000197566,443
ENSG00000197568,358
ENSG00000197575,0
ENSG00000197576,22
ENSG00000197579,1484
ENSG00000197580,14
ENSG00000197582,7
ENSG00000197584,3
ENSG00000197585,0
ENSG00000197586,4188
ENSG00000197587,42
ENSG00000197588,7
ENSG00000197591,0
ENSG00000197594,4984
ENSG00000197595,0
ENSG00000197599,5
ENSG00000197601,1401
ENSG00000197603,1278
ENSG00000197608,803
ENSG00000197614,743
ENSG00000197616,4
ENSG00000197617,1
ENSG00000197619,807
ENSG00000197620,634
ENSG00000197622,8706
ENSG00000197627,0
ENSG00000197629,1491
ENSG00000197632,18
ENSG00000197635,108
ENSG00000197641,0
ENSG00000197644,0
ENSG00000197646,100
ENSG00000197647,354
ENSG00000197651,0
ENSG00000197653,57
ENSG00000197658,0
ENSG00000197665,0
ENSG00000197670,115
ENSG00000197674,0
ENSG00000197683,0
ENSG00000197692,3
ENSG00000197694,26957
ENSG00000197696,364
ENSG00000197702,3966
ENSG00000197705,14
ENSG00000197706,0
ENSG00000197712,1816
ENSG00000197713,2904
ENSG00000197714,95
ENSG00000197721,9
ENSG00000197724,3256
ENSG00000197728,3635
ENSG00000197734,0
ENSG00000197744,86
ENSG00000197745,0
ENSG00000197746,83645
ENSG00000197747,10563
ENSG00000197748,214
ENSG00000197753,0
ENSG00000197756,48319
ENSG00000197757,384
ENSG00000197763,354
ENSG00000197766,1404
ENSG00000197768,5
ENSG00000197769,39
ENSG00000197771,5514
ENSG00000197774,141
ENSG00000197776,56
ENSG00000197779,321
ENSG00000197780,873
ENSG00000197782,590
ENSG00000197785,1704
ENSG00000197786,0
ENSG00000197790,0
ENSG00000197794,7
ENSG00000197798,1040
ENSG00000197808,318
ENSG00000197813,21
ENSG00000197815,41
ENSG00000197816,6
ENSG00000197818,4691
ENSG00000197822,1635
ENSG00000197826,1
ENSG00000197837,69
ENSG00000197838,1
ENSG00000197841,367
ENSG00000197847,107
ENSG00000197849,1
ENSG00000197852,314
ENSG00000197857,531
ENSG00000197858,4068
ENSG00000197859,149
ENSG00000197860,430
ENSG00000197863,266
ENSG00000197866,0
ENSG00000197870,2
ENSG00000197872,895
ENSG00000197879,15988
ENSG00000197880,4
ENSG00000197882,0
ENSG00000197885,414
ENSG00000197887,0
ENSG00000197888,0
ENSG00000197889,9
ENSG00000197891,0
ENSG00000197892,1415
ENSG00000197893,0
ENSG00000197894,3918
ENSG00000197901,0
ENSG00000197903,1563
ENSG00000197905,2644
ENSG00000197912,4932
ENSG00000197915,1
ENSG00000197919,0
ENSG00000197921,11
ENSG00000197927,98
ENSG00000197928,112
ENSG00000197930,5636
ENSG00000197933,713
ENSG00000197934,2
ENSG00000197935,25
ENSG00000197937,700
ENSG00000197938,0
ENSG00000197943,1062
ENSG00000197948,217
ENSG00000197951,91
ENSG00000197953,0
ENSG00000197956,5697
ENSG00000197958,48472
ENSG00000197959,95
ENSG00000197961,1885
ENSG00000197965,9962
ENSG00000197969,782
ENSG00000197971,1030
ENSG00000197976,1676
ENSG00000197977,30
ENSG00000197978,125
ENSG00000197980,52
ENSG00000197982,2289
ENSG00000197984,0
ENSG00000197989,654
ENSG00000197990,2
ENSG00000197991,0
ENSG00000197992,25
ENSG00000197993,22
ENSG00000198000,1569
ENSG00000198001,782
ENSG00000198003,20
ENSG00000198010,2
ENSG00000198015,1739
ENSG00000198018,1399
ENSG00000198019,17
ENSG00000198021,0
ENSG00000198022,0
ENSG00000198026,3244
ENSG00000198028,1
ENSG00000198033,11
ENSG00000198034,101102
ENSG00000198039,1328
ENSG00000198040,2548
ENSG00000198042,2776
ENSG00000198046,45
ENSG00000198049,1
ENSG00000198053,3283
ENSG00000198054,0
ENSG00000198055,3236
ENSG00000198056,805
ENSG00000198060,2343
ENSG00000198062,16
ENSG00000198064,9
ENSG00000198074,2098
ENSG00000198075,68
ENSG00000198077,0
ENSG00000198081,1318
ENSG00000198083,0
ENSG00000198087,3318
ENSG00000198088,74
ENSG00000198089,597
ENSG00000198090,0
ENSG00000198092,1
ENSG00000198093,1578
ENSG00000198099,2
ENSG00000198104,0
ENSG00000198105,664
ENSG00000198106,4
ENSG00000198108,77
ENSG00000198113,227
ENSG00000198121,551
ENSG00000198125,422
ENSG00000198128,0
ENSG00000198129,0
ENSG00000198130,1606
ENSG00000198131,2403
ENSG00000198133,111
ENSG00000198134,31
ENSG00000198142,1171
ENSG00000198146,1019
ENSG00000198153,19
ENSG00000198155,48
ENSG00000198156,5
ENSG00000198157,78
ENSG00000198160,1745
ENSG00000198162,1657
ENSG00000198168,152
ENSG00000198169,461
ENSG00000198171,3599
ENSG00000198173,0
ENSG00000198176,8747
ENSG00000198178,4
ENSG00000198182,573
ENSG00000198183,0
ENSG00000198185,839
ENSG00000198189,599
ENSG00000198198,2177
ENSG00000198203,33
ENSG00000198205,301
ENSG00000198208,317
ENSG00000198211,2
ENSG00000198216,32
ENSG00000198217,0
ENSG00000198218,3469
ENSG00000198221,127
ENSG00000198223,393
ENSG00000198225,17
ENSG00000198231,19570
ENSG00000198237,7
ENSG00000198242,89814
ENSG00000198246,529
ENSG00000198251,0
ENSG00000198252,2055
ENSG00000198258,5350
ENSG00000198261,0
ENSG00000198265,5872
ENSG00000198270,676
ENSG00000198271,0
ENSG00000198276,5369
ENSG00000198277,0
ENSG00000198283,0
ENSG00000198284,0
ENSG00000198286,308
ENSG00000198298,93
ENSG00000198300,83
ENSG00000198301,5069
ENSG00000198312,0
ENSG00000198315,448
ENSG00000198324,515
ENSG00000198326,0
ENSG00000198331,809
ENSG00000198336,18
ENSG00000198342,70
ENSG00000198346,608
ENSG00000198353,424
ENSG00000198354,10
ENSG00000198355,4755
ENSG00000198356,4872
ENSG00000198358,0
ENSG00000198363,7948
ENSG00000198367,0
ENSG00000198369,7145
ENSG00000198373,9646
ENSG00000198380,9010
ENSG00000198382,1125
ENSG00000198384,0
ENSG00000198390,0
ENSG00000198393,560
ENSG00000198398,0
ENSG00000198399,1685
ENSG00000198400,8
ENSG00000198406,33
ENSG00000198408,11917
ENSG00000198414,0
ENSG00000198416,23
ENSG00000198417,1297
ENSG00000198420,4537
ENSG00000198429,92
ENSG00000198431,12886
ENSG00000198435,482
ENSG00000198440,120
ENSG00000198443,0
ENSG00000198445,0
ENSG00000198452,0
ENSG00000198453,277
ENSG00000198454,0
ENSG00000198455,1355
ENSG00000198464,1740
ENSG00000198466,829
ENSG00000198467,3265
ENSG00000198468,74
ENSG00000198471,0
ENSG00000198478,609
ENSG00000198482,529
ENSG00000198483,38
ENSG00000198488,0
ENSG00000198491,1
ENSG00000198492,5766
ENSG00000198496,182
ENSG00000198498,830
ENSG00000198502,2854
ENSG00000198513,562
ENSG00000198515,89
ENSG00000198517,846
ENSG00000198520,168
ENSG00000198521,2347
ENSG00000198522,2205
ENSG00000198523,117
ENSG00000198526,1
ENSG00000198535,589
ENSG00000198538,1825
ENSG00000198542,181
ENSG00000198546,1001
ENSG00000198547,3
ENSG00000198551,1560
ENSG00000198553,120
ENSG00000198554,1757
ENSG00000198555,5
ENSG00000198556,477
ENSG00000198561,30310
ENSG00000198563,2125
ENSG00000198569,2
ENSG00000198570,0
ENSG00000198573,0
ENSG00000198574,32
ENSG00000198576,76
ENSG00000198580,31
ENSG00000198585,2920
ENSG00000198586,4015
ENSG00000198589,8253
ENSG00000198590,30
ENSG00000198597,0
ENSG00000198598,553
ENSG00000198601,0
ENSG00000198604,11353
ENSG00000198610,2
ENSG00000198612,4875
ENSG00000198618,1124
ENSG00000198624,1055
ENSG00000198625,1157
ENSG00000198626,17
ENSG00000198633,8
ENSG00000198642,406
ENSG00000198643,20
ENSG00000198646,4078
ENSG00000198648,2493
ENSG00000198650,67
ENSG00000198657,0
ENSG00000198658,1
ENSG00000198663,3290
ENSG00000198668,29435
ENSG00000198670,3
ENSG00000198671,0
ENSG00000198673,37
ENSG00000198674,1
ENSG00000198677,2630
ENSG00000198678,0
ENSG00000198680,327
ENSG00000198681,3
ENSG00000198682,4478
ENSG00000198685,1
ENSG00000198689,194
ENSG00000198690,787
ENSG00000198691,49
ENSG00000198692,0
ENSG00000198695,16040
ENSG00000198700,5400
ENSG00000198703,0
ENSG00000198704,0
ENSG00000198707,696
ENSG00000198711,19
ENSG00000198712,354737
ENSG00000198715,1352
ENSG00000198718,1315
ENSG00000198719,173
ENSG00000198720,4097
ENSG00000198721,2823
ENSG00000198722,4986
ENSG00000198723,23
ENSG00000198727,153557
ENSG00000198728,3232
ENSG00000198729,33
ENSG00000198730,3281
ENSG00000198732,1003
ENSG00000198734,82
ENSG00000198736,1521
ENSG00000198738,0
ENSG00000198739,0
ENSG00000198740,1860
ENSG00000198742,3266
ENSG00000198743,3037
ENSG00000198744,36
ENSG00000198746,1091
ENSG00000198752,16472
ENSG00000198753,252
ENSG00000198754,76
ENSG00000198755,29015
ENSG00000198756,23
ENSG00000198758,1
ENSG00000198759,108
ENSG00000198763,108196
ENSG00000198765,0
ENSG00000198768,53
ENSG00000198771,655
ENSG00000198774,82
ENSG00000198780,83
ENSG00000198783,450
ENSG00000198785,61
ENSG00000198786,52039
ENSG00000198787,0
ENSG00000198788,4
ENSG00000198791,3233
ENSG00000198792,6363
ENSG00000198793,4656
ENSG00000198794,765
ENSG00000198795,311
ENSG00000198796,24
ENSG00000198797,88
ENSG00000198798,0
ENSG00000198799,620
ENSG00000198804,483700
ENSG00000198805,5341
ENSG00000198807,2382
ENSG00000198812,0
ENSG00000198814,398
ENSG00000198815,7361
ENSG00000198816,1496
ENSG00000198818,2955
ENSG00000198821,354
ENSG00000198822,20
ENSG00000198824,2612
ENSG00000198825,1322
ENSG00000198826,2799
ENSG00000198829,77
ENSG00000198830,24669
ENSG00000198832,862
ENSG00000198833,4614
ENSG00000198835,32
ENSG00000198836,11205
ENSG00000198837,2569
ENSG00000198838,67
ENSG00000198839,1847
ENSG00000198840,33568
ENSG00000198841,586
ENSG00000198842,1
ENSG00000198843,1737
ENSG00000198844,616
ENSG00000198846,153
ENSG00000198848,501
ENSG00000198851,1107
ENSG00000198853,652
ENSG00000198854,3
ENSG00000198855,373
ENSG00000198856,6572
ENSG00000198857,2
ENSG00000198858,4532
ENSG00000198860,1156
ENSG00000198862,1884
ENSG00000198863,4060
ENSG00000198865,56
ENSG00000198868,0
ENSG00000198870,54
ENSG00000198873,483
ENSG00000198874,2249
ENSG00000198876,4165
ENSG00000198877,0
ENSG00000198879,1905
ENSG00000198881,1
ENSG00000198883,0
ENSG00000198885,89
ENSG00000198886,333598
ENSG00000198887,971
ENSG00000198888,74284
ENSG00000198889,0
ENSG00000198890,145
ENSG00000198892,219
ENSG00000198894,2146
ENSG00000198898,4365
ENSG00000198899,134135
ENSG00000198900,10755
ENSG00000198901,10352
ENSG00000198908,477
ENSG00000198909,6481
ENSG00000198910,2384
ENSG00000198911,13024
ENSG00000198912,921
ENSG00000198914,8
ENSG00000198915,256
ENSG00000198917,4640
ENSG00000198918,5662
ENSG00000198919,725
ENSG00000198920,827
ENSG00000198923,0
ENSG00000198924,869
ENSG00000198925,4867
ENSG00000198929,72
ENSG00000198930,1003
ENSG00000198931,9117
ENSG00000198932,369
ENSG00000198933,148
ENSG00000198934,604
ENSG00000198937,1583
ENSG00000198938,217719
ENSG00000198939,27
ENSG00000198944,16
ENSG00000198945,206
ENSG00000198947,2615
ENSG00000198948,774
ENSG00000198951,2945
ENSG00000198952,5805
ENSG00000198954,1863
ENSG00000198959,1655
ENSG00000198960,320
ENSG00000198961,4191
ENSG00000198963,9
ENSG00000198964,1679
ENSG00000198965,0
ENSG00000198967,0
ENSG00000198972,0
ENSG00000198973,0
ENSG00000198974,0
ENSG00000198975,0
ENSG00000198976,3
ENSG00000198982,0
ENSG00000198983,0
ENSG00000198984,1
ENSG00000198986,0
ENSG00000198987,0
ENSG00000198995,0
ENSG00000198997,0
ENSG00000199001,0
ENSG00000199004,0
ENSG00000199005,0
ENSG00000199012,0
ENSG00000199015,0
ENSG00000199017,0
ENSG00000199020,0
ENSG00000199023,0
ENSG00000199024,0
ENSG00000199025,0
ENSG00000199030,0
ENSG00000199031,0
ENSG00000199032,0
ENSG00000199035,0
ENSG00000199036,0
ENSG00000199038,0
ENSG00000199043,0
ENSG00000199047,0
ENSG00000199051,0
ENSG00000199053,0
ENSG00000199059,0
ENSG00000199065,0
ENSG00000199066,0
ENSG00000199069,0
ENSG00000199071,0
ENSG00000199072,0
ENSG00000199075,0
ENSG00000199077,0
ENSG00000199080,0
ENSG00000199082,0
ENSG00000199085,0
ENSG00000199088,0
ENSG00000199090,0
ENSG00000199092,0
ENSG00000199094,0
ENSG00000199095,0
ENSG00000199102,0
ENSG00000199104,0
ENSG00000199107,0
ENSG00000199109,0
ENSG00000199121,1
ENSG00000199122,0
ENSG00000199127,0
ENSG00000199130,3
ENSG00000199132,0
ENSG00000199133,0
ENSG00000199135,0
ENSG00000199143,0
ENSG00000199145,0
ENSG00000199150,0
ENSG00000199151,0
ENSG00000199153,0
ENSG00000199156,0
ENSG00000199157,0
ENSG00000199158,0
ENSG00000199161,1
ENSG00000199165,0
ENSG00000199168,0
ENSG00000199169,0
ENSG00000199172,2
ENSG00000199177,0
ENSG00000199179,0
ENSG00000199187,0
ENSG00000199196,0
ENSG00000199197,0
ENSG00000199200,0
ENSG00000199201,0
ENSG00000199202,0
ENSG00000199203,0
ENSG00000199204,0
ENSG00000199212,0
ENSG00000199217,1
ENSG00000199218,0
ENSG00000199219,0
ENSG00000199220,0
ENSG00000199222,0
ENSG00000199223,0
ENSG00000199224,0
ENSG00000199226,1
ENSG00000199231,0
ENSG00000199237,0
ENSG00000199240,0
ENSG00000199241,0
ENSG00000199245,0
ENSG00000199246,0
ENSG00000199248,0
ENSG00000199251,0
ENSG00000199260,0
ENSG00000199263,0
ENSG00000199266,1
ENSG00000199270,0
ENSG00000199272,0
ENSG00000199273,0
ENSG00000199276,0
ENSG00000199279,0
ENSG00000199282,0
ENSG00000199283,0
ENSG00000199285,0
ENSG00000199286,0
ENSG00000199289,0
ENSG00000199290,0
ENSG00000199291,0
ENSG00000199293,0
ENSG00000199295,0
ENSG00000199299,0
ENSG00000199301,0
ENSG00000199303,0
ENSG00000199306,0
ENSG00000199308,0
ENSG00000199311,0
ENSG00000199313,2
ENSG00000199315,0
ENSG00000199318,0
ENSG00000199319,0
ENSG00000199321,0
ENSG00000199322,0
ENSG00000199325,4
ENSG00000199326,0
ENSG00000199327,0
ENSG00000199331,2
ENSG00000199332,0
ENSG00000199334,0
ENSG00000199335,0
ENSG00000199337,0
ENSG00000199347,1
ENSG00000199348,0
ENSG00000199349,0
ENSG00000199350,0
ENSG00000199352,0
ENSG00000199354,0
ENSG00000199357,0
ENSG00000199360,0
ENSG00000199361,0
ENSG00000199362,0
ENSG00000199363,0
ENSG00000199364,0
ENSG00000199366,0
ENSG00000199368,0
ENSG00000199370,1
ENSG00000199373,0
ENSG00000199377,4
ENSG00000199378,0
ENSG00000199381,0
ENSG00000199385,0
ENSG00000199390,0
ENSG00000199392,0
ENSG00000199394,0
ENSG00000199395,0
ENSG00000199396,0
ENSG00000199398,0
ENSG00000199400,4
ENSG00000199402,1
ENSG00000199404,0
ENSG00000199405,0
ENSG00000199407,2
ENSG00000199409,0
ENSG00000199410,0
ENSG00000199411,0
ENSG00000199415,0
ENSG00000199420,0
ENSG00000199422,0
ENSG00000199424,0
ENSG00000199426,0
ENSG00000199436,1
ENSG00000199440,0
ENSG00000199442,0
ENSG00000199444,2
ENSG00000199446,0
ENSG00000199448,0
ENSG00000199450,0
ENSG00000199453,0
ENSG00000199454,0
ENSG00000199455,0
ENSG00000199458,0
ENSG00000199459,0
ENSG00000199460,0
ENSG00000199461,1
ENSG00000199466,1
ENSG00000199468,0
ENSG00000199469,0
ENSG00000199470,0
ENSG00000199471,2
ENSG00000199472,0
ENSG00000199473,0
ENSG00000199474,0
ENSG00000199475,0
ENSG00000199476,4
ENSG00000199477,5
ENSG00000199480,0
ENSG00000199482,0
ENSG00000199483,0
ENSG00000199487,0
ENSG00000199488,0
ENSG00000199489,0
ENSG00000199490,2
ENSG00000199492,0
ENSG00000199497,0
ENSG00000199506,0
ENSG00000199508,0
ENSG00000199509,2
ENSG00000199512,0
ENSG00000199514,0
ENSG00000199515,1
ENSG00000199516,0
ENSG00000199520,0
ENSG00000199523,2
ENSG00000199525,0
ENSG00000199529,0
ENSG00000199530,0
ENSG00000199535,0
ENSG00000199536,1
ENSG00000199540,1
ENSG00000199545,0
ENSG00000199546,0
ENSG00000199550,1
ENSG00000199551,0
ENSG00000199552,0
ENSG00000199556,0
ENSG00000199562,8
ENSG00000199564,0
ENSG00000199565,0
ENSG00000199566,0
ENSG00000199567,0
ENSG00000199568,0
ENSG00000199570,0
ENSG00000199571,0
ENSG00000199572,2
ENSG00000199574,0
ENSG00000199575,0
ENSG00000199577,0
ENSG00000199580,0
ENSG00000199584,0
ENSG00000199585,0
ENSG00000199591,0
ENSG00000199592,0
ENSG00000199593,0
ENSG00000199594,2
ENSG00000199595,0
ENSG00000199598,0
ENSG00000199601,0
ENSG00000199603,1
ENSG00000199605,0
ENSG00000199609,1
ENSG00000199620,0
ENSG00000199622,0
ENSG00000199626,0
ENSG00000199627,0
ENSG00000199629,0
ENSG00000199630,0
ENSG00000199631,0
ENSG00000199633,0
ENSG00000199634,0
ENSG00000199635,0
ENSG00000199636,0
ENSG00000199638,0
ENSG00000199640,0
ENSG00000199643,0
ENSG00000199645,0
ENSG00000199646,0
ENSG00000199652,0
ENSG00000199664,1
ENSG00000199666,0
ENSG00000199667,0
ENSG00000199668,0
ENSG00000199672,1
ENSG00000199673,0
ENSG00000199674,0
ENSG00000199676,1
ENSG00000199677,0
ENSG00000199683,0
ENSG00000199687,0
ENSG00000199691,0
ENSG00000199695,0
ENSG00000199697,0
ENSG00000199698,0
ENSG00000199700,0
ENSG00000199701,0
ENSG00000199702,0
ENSG00000199704,0
ENSG00000199705,0
ENSG00000199709,0
ENSG00000199710,0
ENSG00000199711,1
ENSG00000199712,0
ENSG00000199713,0
ENSG00000199715,0
ENSG00000199716,0
ENSG00000199719,1
ENSG00000199727,0
ENSG00000199728,0
ENSG00000199730,1
ENSG00000199731,1
ENSG00000199732,0
ENSG00000199733,0
ENSG00000199735,0
ENSG00000199739,0
ENSG00000199740,0
ENSG00000199744,0
ENSG00000199751,0
ENSG00000199753,116
ENSG00000199755,0
ENSG00000199756,0
ENSG00000199762,0
ENSG00000199764,0
ENSG00000199765,0
ENSG00000199767,0
ENSG00000199771,0
ENSG00000199773,0
ENSG00000199780,0
ENSG00000199781,0
ENSG00000199782,0
ENSG00000199783,0
ENSG00000199784,0
ENSG00000199785,0
ENSG00000199786,0
ENSG00000199787,2
ENSG00000199788,0
ENSG00000199790,0
ENSG00000199791,0
ENSG00000199792,0
ENSG00000199796,0
ENSG00000199797,0
ENSG00000199798,0
ENSG00000199801,0
ENSG00000199803,0
ENSG00000199804,6
ENSG00000199805,0
ENSG00000199806,0
ENSG00000199809,0
ENSG00000199812,0
ENSG00000199814,0
ENSG00000199815,0
ENSG00000199824,0
ENSG00000199827,0
ENSG00000199831,0
ENSG00000199832,0
ENSG00000199833,0
ENSG00000199836,0
ENSG00000199837,0
ENSG00000199839,0
ENSG00000199840,0
ENSG00000199843,0
ENSG00000199845,0
ENSG00000199846,1
ENSG00000199849,0
ENSG00000199851,0
ENSG00000199855,0
ENSG00000199856,0
ENSG00000199857,0
ENSG00000199858,0
ENSG00000199859,0
ENSG00000199862,0
ENSG00000199865,0
ENSG00000199866,0
ENSG00000199867,0
ENSG00000199870,0
ENSG00000199872,0
ENSG00000199874,0
ENSG00000199875,1
ENSG00000199878,0
ENSG00000199879,0
ENSG00000199880,0
ENSG00000199881,0
ENSG00000199883,0
ENSG00000199884,0
ENSG00000199885,0
ENSG00000199886,0
ENSG00000199890,0
ENSG00000199892,0
ENSG00000199894,0
ENSG00000199895,0
ENSG00000199899,0
ENSG00000199900,0
ENSG00000199901,0
ENSG00000199903,0
ENSG00000199905,0
ENSG00000199906,4
ENSG00000199910,0
ENSG00000199911,0
ENSG00000199912,0
ENSG00000199913,0
ENSG00000199914,0
ENSG00000199920,0
ENSG00000199921,0
ENSG00000199924,0
ENSG00000199927,0
ENSG00000199929,0
ENSG00000199932,0
ENSG00000199933,1
ENSG00000199934,0
ENSG00000199936,0
ENSG00000199938,0
ENSG00000199940,0
ENSG00000199942,0
ENSG00000199944,2
ENSG00000199949,0
ENSG00000199953,0
ENSG00000199959,0
ENSG00000199960,0
ENSG00000199961,0
ENSG00000199962,1
ENSG00000199963,0
ENSG00000199964,0
ENSG00000199968,0
ENSG00000199970,0
ENSG00000199971,0
ENSG00000199975,0
ENSG00000199977,1
ENSG00000199979,0
ENSG00000199985,0
ENSG00000199986,0
ENSG00000199990,0
ENSG00000199994,0
ENSG00000200003,0
ENSG00000200008,0
ENSG00000200011,0
ENSG00000200013,1
ENSG00000200021,0
ENSG00000200024,0
ENSG00000200026,0
ENSG00000200028,0
ENSG00000200029,0
ENSG00000200033,5
ENSG00000200034,0
ENSG00000200036,0
ENSG00000200037,0
ENSG00000200040,0
ENSG00000200041,0
ENSG00000200047,0
ENSG00000200048,0
ENSG00000200049,0
ENSG00000200051,0
ENSG00000200052,0
ENSG00000200057,0
ENSG00000200058,0
ENSG00000200059,1
ENSG00000200060,0
ENSG00000200062,0
ENSG00000200063,0
ENSG00000200064,0
ENSG00000200065,1
ENSG00000200070,0
ENSG00000200072,0
ENSG00000200075,0
ENSG00000200079,0
ENSG00000200084,0
ENSG00000200085,0
ENSG00000200086,0
ENSG00000200087,25
ENSG00000200089,0
ENSG00000200090,4
ENSG00000200091,0
ENSG00000200095,0
ENSG00000200097,0
ENSG00000200101,0
ENSG00000200102,0
ENSG00000200105,0
ENSG00000200106,0
ENSG00000200107,0
ENSG00000200108,0
ENSG00000200112,0
ENSG00000200113,0
ENSG00000200114,1
ENSG00000200118,0
ENSG00000200120,0
ENSG00000200121,0
ENSG00000200130,0
ENSG00000200131,0
ENSG00000200132,0
ENSG00000200135,0
ENSG00000200138,0
ENSG00000200139,0
ENSG00000200142,0
ENSG00000200146,0
ENSG00000200150,0
ENSG00000200151,0
ENSG00000200152,0
ENSG00000200153,0
ENSG00000200156,0
ENSG00000200161,0
ENSG00000200162,0
ENSG00000200163,0
ENSG00000200164,6
ENSG00000200168,0
ENSG00000200169,0
ENSG00000200170,10
ENSG00000200171,0
ENSG00000200174,0
ENSG00000200175,0
ENSG00000200176,0
ENSG00000200179,0
ENSG00000200183,0
ENSG00000200184,0
ENSG00000200189,0
ENSG00000200191,0
ENSG00000200197,0
ENSG00000200198,0
ENSG00000200201,0
ENSG00000200204,0
ENSG00000200206,0
ENSG00000200208,0
ENSG00000200209,2
ENSG00000200211,0
ENSG00000200213,0
ENSG00000200215,0
ENSG00000200216,0
ENSG00000200217,0
ENSG00000200218,0
ENSG00000200220,5
ENSG00000200222,0
ENSG00000200224,0
ENSG00000200225,1
ENSG00000200227,0
ENSG00000200231,0
ENSG00000200235,0
ENSG00000200237,2
ENSG00000200238,0
ENSG00000200241,1
ENSG00000200243,7
ENSG00000200246,0
ENSG00000200247,0
ENSG00000200248,0
ENSG00000200250,1
ENSG00000200252,0
ENSG00000200253,2
ENSG00000200254,0
ENSG00000200256,0
ENSG00000200257,0
ENSG00000200259,0
ENSG00000200261,6
ENSG00000200262,70
ENSG00000200267,0
ENSG00000200269,0
ENSG00000200274,0
ENSG00000200275,0
ENSG00000200278,0
ENSG00000200279,0
ENSG00000200281,0
ENSG00000200283,0
ENSG00000200287,0
ENSG00000200288,0
ENSG00000200291,0
ENSG00000200293,0
ENSG00000200294,0
ENSG00000200295,0
ENSG00000200296,2
ENSG00000200298,0
ENSG00000200301,0
ENSG00000200303,0
ENSG00000200304,0
ENSG00000200305,0
ENSG00000200309,1
ENSG00000200310,0
ENSG00000200312,0
ENSG00000200313,0
ENSG00000200314,0
ENSG00000200318,0
ENSG00000200320,0
ENSG00000200325,0
ENSG00000200326,0
ENSG00000200327,0
ENSG00000200331,0
ENSG00000200332,0
ENSG00000200334,0
ENSG00000200336,0
ENSG00000200338,0
ENSG00000200340,0
ENSG00000200343,0
ENSG00000200344,2
ENSG00000200345,2
ENSG00000200350,1
ENSG00000200351,0
ENSG00000200354,0
ENSG00000200355,0
ENSG00000200356,3
ENSG00000200360,0
ENSG00000200361,0
ENSG00000200366,0
ENSG00000200367,0
ENSG00000200369,0
ENSG00000200370,0
ENSG00000200372,0
ENSG00000200376,0
ENSG00000200377,1
ENSG00000200378,7
ENSG00000200379,0
ENSG00000200381,0
ENSG00000200385,12
ENSG00000200388,0
ENSG00000200389,0
ENSG00000200390,0
ENSG00000200391,0
ENSG00000200393,0
ENSG00000200394,0
ENSG00000200397,0
ENSG00000200398,0
ENSG00000200403,6
ENSG00000200406,0
ENSG00000200407,0
ENSG00000200408,0
ENSG00000200411,0
ENSG00000200413,0
ENSG00000200418,0
ENSG00000200419,0
ENSG00000200421,0
ENSG00000200422,0
ENSG00000200424,0
ENSG00000200427,0
ENSG00000200428,3
ENSG00000200431,0
ENSG00000200432,0
ENSG00000200434,0
ENSG00000200436,0
ENSG00000200437,0
ENSG00000200443,0
ENSG00000200444,0
ENSG00000200446,0
ENSG00000200448,0
ENSG00000200455,0
ENSG00000200456,0
ENSG00000200462,0
ENSG00000200463,0
ENSG00000200468,0
ENSG00000200469,0
ENSG00000200471,0
ENSG00000200472,0
ENSG00000200473,1
ENSG00000200475,0
ENSG00000200478,0
ENSG00000200480,0
ENSG00000200483,1
ENSG00000200484,0
ENSG00000200485,0
ENSG00000200486,0
ENSG00000200487,0
ENSG00000200488,0
ENSG00000200492,0
ENSG00000200494,0
ENSG00000200495,1
ENSG00000200496,0
ENSG00000200502,13
ENSG00000200503,0
ENSG00000200506,0
ENSG00000200508,0
ENSG00000200516,0
ENSG00000200520,0
ENSG00000200521,0
ENSG00000200522,0
ENSG00000200525,6
ENSG00000200526,1
ENSG00000200527,0
ENSG00000200528,0
ENSG00000200530,0
ENSG00000200534,23
ENSG00000200536,0
ENSG00000200537,0
ENSG00000200538,0
ENSG00000200544,0
ENSG00000200545,0
ENSG00000200547,0
ENSG00000200550,5
ENSG00000200552,0
ENSG00000200553,0
ENSG00000200554,0
ENSG00000200555,0
ENSG00000200556,0
ENSG00000200558,0
ENSG00000200560,1
ENSG00000200563,0
ENSG00000200564,0
ENSG00000200566,0
ENSG00000200570,0
ENSG00000200571,0
ENSG00000200572,0
ENSG00000200575,0
ENSG00000200579,0
ENSG00000200587,0
ENSG00000200591,0
ENSG00000200593,0
ENSG00000200594,0
ENSG00000200597,2
ENSG00000200600,0
ENSG00000200601,0
ENSG00000200605,0
ENSG00000200608,0
ENSG00000200610,0
ENSG00000200612,0
ENSG00000200613,0
ENSG00000200615,0
ENSG00000200616,0
ENSG00000200619,0
ENSG00000200620,0
ENSG00000200622,0
ENSG00000200623,0
ENSG00000200624,0
ENSG00000200626,0
ENSG00000200629,0
ENSG00000200630,0
ENSG00000200632,0
ENSG00000200635,0
ENSG00000200636,0
ENSG00000200637,0
ENSG00000200638,0
ENSG00000200645,0
ENSG00000200646,0
ENSG00000200648,0
ENSG00000200649,0
ENSG00000200650,0
ENSG00000200651,1
ENSG00000200652,0
ENSG00000200653,0
ENSG00000200656,0
ENSG00000200661,0
ENSG00000200664,0
ENSG00000200665,0
ENSG00000200670,0
ENSG00000200673,0
ENSG00000200674,3
ENSG00000200677,1
ENSG00000200680,0
ENSG00000200681,0
ENSG00000200683,0
ENSG00000200685,0
ENSG00000200686,0
ENSG00000200687,0
ENSG00000200688,0
ENSG00000200693,5
ENSG00000200701,0
ENSG00000200702,0
ENSG00000200703,0
ENSG00000200706,0
ENSG00000200708,0
ENSG00000200709,0
ENSG00000200711,0
ENSG00000200713,0
ENSG00000200714,6
ENSG00000200718,0
ENSG00000200719,0
ENSG00000200720,0
ENSG00000200726,0
ENSG00000200728,0
ENSG00000200731,1
ENSG00000200732,2
ENSG00000200733,0
ENSG00000200737,0
ENSG00000200738,0
ENSG00000200741,0
ENSG00000200742,3
ENSG00000200745,0
ENSG00000200750,0
ENSG00000200752,0
ENSG00000200753,0
ENSG00000200754,0
ENSG00000200755,0
ENSG00000200756,0
ENSG00000200757,0
ENSG00000200759,0
ENSG00000200761,0
ENSG00000200763,0
ENSG00000200764,0
ENSG00000200769,5
ENSG00000200774,0
ENSG00000200779,0
ENSG00000200783,2
ENSG00000200785,0
ENSG00000200786,0
ENSG00000200788,2
ENSG00000200789,0
ENSG00000200790,0
ENSG00000200792,0
ENSG00000200794,0
ENSG00000200795,5
ENSG00000200796,0
ENSG00000200799,0
ENSG00000200800,0
ENSG00000200801,0
ENSG00000200806,0
ENSG00000200807,0
ENSG00000200812,0
ENSG00000200814,0
ENSG00000200815,1
ENSG00000200816,1
ENSG00000200817,0
ENSG00000200818,0
ENSG00000200822,0
ENSG00000200823,0
ENSG00000200827,0
ENSG00000200829,0
ENSG00000200830,0
ENSG00000200831,0
ENSG00000200832,0
ENSG00000200833,0
ENSG00000200834,1
ENSG00000200839,0
ENSG00000200840,0
ENSG00000200842,0
ENSG00000200847,0
ENSG00000200849,0
ENSG00000200852,0
ENSG00000200855,0
ENSG00000200857,0
ENSG00000200860,0
ENSG00000200867,0
ENSG00000200869,0
ENSG00000200871,0
ENSG00000200872,0
ENSG00000200873,1
ENSG00000200874,0
ENSG00000200875,0
ENSG00000200877,0
ENSG00000200879,6
ENSG00000200882,0
ENSG00000200883,0
ENSG00000200884,0
ENSG00000200885,0
ENSG00000200887,0
ENSG00000200888,0
ENSG00000200889,0
ENSG00000200890,0
ENSG00000200891,0
ENSG00000200893,0
ENSG00000200895,0
ENSG00000200897,0
ENSG00000200898,0
ENSG00000200902,0
ENSG00000200903,0
ENSG00000200906,0
ENSG00000200913,0
ENSG00000200914,0
ENSG00000200917,1
ENSG00000200922,0
ENSG00000200924,1
ENSG00000200926,0
ENSG00000200935,0
ENSG00000200941,1
ENSG00000200942,0
ENSG00000200949,0
ENSG00000200953,1
ENSG00000200957,0
ENSG00000200959,1
ENSG00000200963,0
ENSG00000200966,0
ENSG00000200969,0
ENSG00000200972,0
ENSG00000200974,0
ENSG00000200975,0
ENSG00000200976,2
ENSG00000200982,0
ENSG00000200983,0
ENSG00000200985,0
ENSG00000200986,0
ENSG00000200987,0
ENSG00000200991,2
ENSG00000200997,0
ENSG00000200998,0
ENSG00000200999,0
ENSG00000201000,0
ENSG00000201001,0
ENSG00000201003,3
ENSG00000201006,0
ENSG00000201009,0
ENSG00000201010,0
ENSG00000201012,0
ENSG00000201013,0
ENSG00000201014,0
ENSG00000201015,0
ENSG00000201016,0
ENSG00000201021,5
ENSG00000201023,0
ENSG00000201025,0
ENSG00000201026,0
ENSG00000201027,0
ENSG00000201028,0
ENSG00000201031,0
ENSG00000201032,0
ENSG00000201033,0
ENSG00000201034,0
ENSG00000201035,1
ENSG00000201036,0
ENSG00000201041,2
ENSG00000201042,0
ENSG00000201044,0
ENSG00000201047,0
ENSG00000201048,0
ENSG00000201050,0
ENSG00000201059,0
ENSG00000201065,0
ENSG00000201066,0
ENSG00000201070,0
ENSG00000201071,0
ENSG00000201074,0
ENSG00000201075,0
ENSG00000201076,0
ENSG00000201077,0
ENSG00000201078,1
ENSG00000201084,0
ENSG00000201085,0
ENSG00000201086,0
ENSG00000201088,0
ENSG00000201095,0
ENSG00000201096,0
ENSG00000201097,0
ENSG00000201098,0
ENSG00000201102,1
ENSG00000201104,0
ENSG00000201109,0
ENSG00000201113,0
ENSG00000201114,2
ENSG00000201118,0
ENSG00000201119,0
ENSG00000201121,0
ENSG00000201126,0
ENSG00000201129,1
ENSG00000201133,0
ENSG00000201134,1
ENSG00000201135,0
ENSG00000201136,0
ENSG00000201140,0
ENSG00000201142,0
ENSG00000201143,0
ENSG00000201145,0
ENSG00000201148,0
ENSG00000201151,2
ENSG00000201153,0
ENSG00000201155,0
ENSG00000201157,0
ENSG00000201160,0
ENSG00000201161,0
ENSG00000201162,0
ENSG00000201164,0
ENSG00000201165,0
ENSG00000201168,0
ENSG00000201170,0
ENSG00000201176,4
ENSG00000201178,0
ENSG00000201179,0
ENSG00000201180,0
ENSG00000201182,0
ENSG00000201183,1
ENSG00000201184,0
ENSG00000201185,0
ENSG00000201186,0
ENSG00000201196,0
ENSG00000201198,0
ENSG00000201201,0
ENSG00000201204,0
ENSG00000201207,7
ENSG00000201208,3
ENSG00000201209,0
ENSG00000201210,0
ENSG00000201216,0
ENSG00000201217,0
ENSG00000201218,0
ENSG00000201221,0
ENSG00000201223,0
ENSG00000201227,0
ENSG00000201228,0
ENSG00000201229,0
ENSG00000201231,0
ENSG00000201239,0
ENSG00000201240,0
ENSG00000201241,0
ENSG00000201242,0
ENSG00000201243,0
ENSG00000201245,0
ENSG00000201247,0
ENSG00000201253,0
ENSG00000201255,0
ENSG00000201260,0
ENSG00000201263,0
ENSG00000201264,2
ENSG00000201270,0
ENSG00000201271,0
ENSG00000201273,0
ENSG00000201274,0
ENSG00000201277,0
ENSG00000201279,0
ENSG00000201282,0
ENSG00000201285,0
ENSG00000201287,0
ENSG00000201288,0
ENSG00000201289,0
ENSG00000201291,0
ENSG00000201292,0
ENSG00000201294,1
ENSG00000201296,0
ENSG00000201297,0
ENSG00000201298,0
ENSG00000201300,0
ENSG00000201301,0
ENSG00000201302,32
ENSG00000201308,0
ENSG00000201309,0
ENSG00000201311,0
ENSG00000201312,0
ENSG00000201314,0
ENSG00000201315,0
ENSG00000201316,0
ENSG00000201317,0
ENSG00000201318,0
ENSG00000201321,0
ENSG00000201324,0
ENSG00000201325,0
ENSG00000201326,0
ENSG00000201329,0
ENSG00000201330,0
ENSG00000201331,0
ENSG00000201339,0
ENSG00000201340,0
ENSG00000201341,0
ENSG00000201342,0
ENSG00000201343,0
ENSG00000201346,0
ENSG00000201347,0
ENSG00000201348,1
ENSG00000201351,0
ENSG00000201354,0
ENSG00000201355,0
ENSG00000201356,0
ENSG00000201358,0
ENSG00000201361,0
ENSG00000201363,0
ENSG00000201364,0
ENSG00000201365,0
ENSG00000201367,0
ENSG00000201368,0
ENSG00000201370,0
ENSG00000201371,0
ENSG00000201372,0
ENSG00000201376,1
ENSG00000201377,0
ENSG00000201379,0
ENSG00000201382,0
ENSG00000201384,0
ENSG00000201386,0
ENSG00000201388,0
ENSG00000201390,0
ENSG00000201392,0
ENSG00000201393,0
ENSG00000201394,0
ENSG00000201395,0
ENSG00000201398,0
ENSG00000201403,0
ENSG00000201405,0
ENSG00000201407,0
ENSG00000201410,0
ENSG00000201412,0
ENSG00000201413,0
ENSG00000201415,0
ENSG00000201420,1
ENSG00000201421,0
ENSG00000201423,0
ENSG00000201426,0
ENSG00000201428,0
ENSG00000201431,0
ENSG00000201432,0
ENSG00000201433,1
ENSG00000201435,0
ENSG00000201436,0
ENSG00000201439,0
ENSG00000201440,0
ENSG00000201441,1
ENSG00000201442,0
ENSG00000201443,0
ENSG00000201444,0
ENSG00000201447,0
ENSG00000201448,1
ENSG00000201451,1
ENSG00000201452,0
ENSG00000201457,4
ENSG00000201458,0
ENSG00000201464,0
ENSG00000201465,0
ENSG00000201466,0
ENSG00000201467,0
ENSG00000201469,2
ENSG00000201470,0
ENSG00000201474,0
ENSG00000201476,0
ENSG00000201482,0
ENSG00000201483,0
ENSG00000201487,0
ENSG00000201489,0
ENSG00000201491,0
ENSG00000201492,1
ENSG00000201493,0
ENSG00000201496,0
ENSG00000201498,0
ENSG00000201499,1
ENSG00000201500,0
ENSG00000201501,0
ENSG00000201502,0
ENSG00000201510,0
ENSG00000201511,0
ENSG00000201512,5
ENSG00000201516,0
ENSG00000201517,0
ENSG00000201518,0
ENSG00000201519,0
ENSG00000201523,0
ENSG00000201524,2
ENSG00000201527,0
ENSG00000201529,0
ENSG00000201532,0
ENSG00000201533,1
ENSG00000201535,0
ENSG00000201541,0
ENSG00000201542,0
ENSG00000201544,1
ENSG00000201545,0
ENSG00000201547,2
ENSG00000201548,0
ENSG00000201549,0
ENSG00000201550,0
ENSG00000201554,0
ENSG00000201555,1
ENSG00000201557,0
ENSG00000201558,0
ENSG00000201560,0
ENSG00000201563,1
ENSG00000201564,0
ENSG00000201565,1
ENSG00000201566,0
ENSG00000201567,0
ENSG00000201569,0
ENSG00000201570,0
ENSG00000201573,0
ENSG00000201574,0
ENSG00000201579,0
ENSG00000201581,0
ENSG00000201583,0
ENSG00000201584,0
ENSG00000201586,0
ENSG00000201588,0
ENSG00000201591,0
ENSG00000201592,0
ENSG00000201594,0
ENSG00000201595,1
ENSG00000201596,0
ENSG00000201598,0
ENSG00000201600,0
ENSG00000201602,0
ENSG00000201604,0
ENSG00000201607,0
ENSG00000201608,0
ENSG00000201609,0
ENSG00000201610,0
ENSG00000201612,0
ENSG00000201613,0
ENSG00000201616,0
ENSG00000201618,0
ENSG00000201619,0
ENSG00000201620,0
ENSG00000201622,0
ENSG00000201623,0
ENSG00000201624,0
ENSG00000201627,0
ENSG00000201628,0
ENSG00000201633,0
ENSG00000201634,0
ENSG00000201635,0
ENSG00000201638,1
ENSG00000201640,0
ENSG00000201641,0
ENSG00000201642,0
ENSG00000201643,4
ENSG00000201644,0
ENSG00000201648,0
ENSG00000201649,1
ENSG00000201654,0
ENSG00000201658,0
ENSG00000201659,0
ENSG00000201660,0
ENSG00000201662,0
ENSG00000201663,0
ENSG00000201665,0
ENSG00000201666,0
ENSG00000201668,0
ENSG00000201671,0
ENSG00000201672,0
ENSG00000201674,0
ENSG00000201675,0
ENSG00000201676,0
ENSG00000201679,0
ENSG00000201680,0
ENSG00000201683,0
ENSG00000201684,1
ENSG00000201687,0
ENSG00000201689,0
ENSG00000201690,0
ENSG00000201695,0
ENSG00000201699,0
ENSG00000201700,0
ENSG00000201701,1
ENSG00000201704,0
ENSG00000201707,0
ENSG00000201708,0
ENSG00000201709,0
ENSG00000201710,0
ENSG00000201711,0
ENSG00000201713,0
ENSG00000201715,0
ENSG00000201723,0
ENSG00000201724,0
ENSG00000201725,0
ENSG00000201727,0
ENSG00000201728,1
ENSG00000201733,0
ENSG00000201736,0
ENSG00000201737,0
ENSG00000201741,0
ENSG00000201742,0
ENSG00000201744,0
ENSG00000201746,0
ENSG00000201747,1
ENSG00000201749,1
ENSG00000201752,0
ENSG00000201754,0
ENSG00000201756,0
ENSG00000201758,0
ENSG00000201761,0
ENSG00000201763,0
ENSG00000201766,0
ENSG00000201770,0
ENSG00000201772,8
ENSG00000201774,0
ENSG00000201775,0
ENSG00000201778,0
ENSG00000201780,0
ENSG00000201782,0
ENSG00000201785,3
ENSG00000201786,0
ENSG00000201788,0
ENSG00000201789,0
ENSG00000201790,0
ENSG00000201791,0
ENSG00000201793,1
ENSG00000201794,0
ENSG00000201796,0
ENSG00000201800,0
ENSG00000201801,0
ENSG00000201805,0
ENSG00000201806,0
ENSG00000201807,0
ENSG00000201809,0
ENSG00000201810,0
ENSG00000201811,0
ENSG00000201812,0
ENSG00000201813,1
ENSG00000201815,0
ENSG00000201816,0
ENSG00000201818,0
ENSG00000201820,3
ENSG00000201821,0
ENSG00000201822,0
ENSG00000201823,0
ENSG00000201825,0
ENSG00000201826,0
ENSG00000201827,0
ENSG00000201830,0
ENSG00000201831,0
ENSG00000201839,0
ENSG00000201843,0
ENSG00000201846,0
ENSG00000201847,0
ENSG00000201850,0
ENSG00000201852,0
ENSG00000201856,0
ENSG00000201860,0
ENSG00000201861,2
ENSG00000201863,0
ENSG00000201867,0
ENSG00000201868,0
ENSG00000201869,0
ENSG00000201875,0
ENSG00000201876,1
ENSG00000201881,0
ENSG00000201882,1
ENSG00000201884,0
ENSG00000201885,0
ENSG00000201892,0
ENSG00000201894,0
ENSG00000201896,0
ENSG00000201898,0
ENSG00000201899,0
ENSG00000201900,0
ENSG00000201901,0
ENSG00000201907,0
ENSG00000201909,0
ENSG00000201910,0
ENSG00000201912,0
ENSG00000201913,0
ENSG00000201916,1
ENSG00000201919,0
ENSG00000201920,0
ENSG00000201922,0
ENSG00000201923,0
ENSG00000201925,0
ENSG00000201931,0
ENSG00000201933,0
ENSG00000201938,0
ENSG00000201939,0
ENSG00000201942,0
ENSG00000201943,0
ENSG00000201944,1
ENSG00000201945,0
ENSG00000201950,0
ENSG00000201954,0
ENSG00000201955,0
ENSG00000201957,0
ENSG00000201959,0
ENSG00000201962,0
ENSG00000201965,0
ENSG00000201966,0
ENSG00000201967,0
ENSG00000201968,0
ENSG00000201969,0
ENSG00000201980,0
ENSG00000201984,0
ENSG00000201987,0
ENSG00000201988,2
ENSG00000201990,0
ENSG00000201992,0
ENSG00000201998,1
ENSG00000201999,1
ENSG00000202000,1
ENSG00000202001,0
ENSG00000202008,0
ENSG00000202014,0
ENSG00000202016,0
ENSG00000202017,0
ENSG00000202019,0
ENSG00000202021,0
ENSG00000202023,0
ENSG00000202024,0
ENSG00000202025,0
ENSG00000202026,0
ENSG00000202027,0
ENSG00000202029,0
ENSG00000202031,0
ENSG00000202034,0
ENSG00000202035,0
ENSG00000202039,0
ENSG00000202041,0
ENSG00000202044,0
ENSG00000202046,0
ENSG00000202047,0
ENSG00000202048,0
ENSG00000202050,0
ENSG00000202051,0
ENSG00000202054,0
ENSG00000202056,1
ENSG00000202058,18
ENSG00000202059,1
ENSG00000202060,0
ENSG00000202063,1
ENSG00000202069,0
ENSG00000202070,0
ENSG00000202071,0
ENSG00000202074,0
ENSG00000202078,1
ENSG00000202079,10
ENSG00000202081,1
ENSG00000202082,0
ENSG00000202089,0
ENSG00000202092,0
ENSG00000202093,0
ENSG00000202095,0
ENSG00000202099,0
ENSG00000202100,0
ENSG00000202103,0
ENSG00000202111,0
ENSG00000202112,0
ENSG00000202119,0
ENSG00000202124,0
ENSG00000202125,0
ENSG00000202137,0
ENSG00000202141,0
ENSG00000202142,0
ENSG00000202144,0
ENSG00000202146,0
ENSG00000202147,0
ENSG00000202150,1
ENSG00000202151,0
ENSG00000202157,0
ENSG00000202159,0
ENSG00000202160,0
ENSG00000202164,0
ENSG00000202167,0
ENSG00000202169,0
ENSG00000202172,0
ENSG00000202174,0
ENSG00000202175,0
ENSG00000202177,0
ENSG00000202182,0
ENSG00000202183,0
ENSG00000202184,0
ENSG00000202186,0
ENSG00000202187,0
ENSG00000202188,0
ENSG00000202189,0
ENSG00000202190,0
ENSG00000202191,0
ENSG00000202193,0
ENSG00000202195,0
ENSG00000202198,142
ENSG00000202199,0
ENSG00000202200,0
ENSG00000202205,0
ENSG00000202206,0
ENSG00000202211,0
ENSG00000202215,0
ENSG00000202216,0
ENSG00000202217,0
ENSG00000202222,0
ENSG00000202224,0
ENSG00000202225,0
ENSG00000202227,0
ENSG00000202229,0
ENSG00000202231,0
ENSG00000202233,0
ENSG00000202237,0
ENSG00000202239,0
ENSG00000202240,0
ENSG00000202241,0
ENSG00000202242,0
ENSG00000202245,0
ENSG00000202248,0
ENSG00000202249,0
ENSG00000202250,0
ENSG00000202251,0
ENSG00000202252,0
ENSG00000202254,0
ENSG00000202255,1
ENSG00000202257,0
ENSG00000202259,0
ENSG00000202260,0
ENSG00000202261,0
ENSG00000202263,0
ENSG00000202264,0
ENSG00000202265,0
ENSG00000202268,0
ENSG00000202269,0
ENSG00000202270,0
ENSG00000202272,0
ENSG00000202273,0
ENSG00000202275,0
ENSG00000202276,0
ENSG00000202279,0
ENSG00000202281,0
ENSG00000202283,0
ENSG00000202285,0
ENSG00000202290,6
ENSG00000202293,0
ENSG00000202296,0
ENSG00000202297,0
ENSG00000202300,0
ENSG00000202304,0
ENSG00000202306,0
ENSG00000202308,0
ENSG00000202309,0
ENSG00000202310,0
ENSG00000202313,0
ENSG00000202314,4
ENSG00000202317,0
ENSG00000202318,12
ENSG00000202322,0
ENSG00000202324,0
ENSG00000202329,0
ENSG00000202331,0
ENSG00000202332,0
ENSG00000202334,0
ENSG00000202335,0
ENSG00000202336,0
ENSG00000202337,7
ENSG00000202339,0
ENSG00000202341,0
ENSG00000202343,13
ENSG00000202344,0
ENSG00000202345,0
ENSG00000202347,2
ENSG00000202350,0
ENSG00000202351,1
ENSG00000202354,0
ENSG00000202356,0
ENSG00000202357,0
ENSG00000202358,0
ENSG00000202360,0
ENSG00000202361,1
ENSG00000202363,0
ENSG00000202368,0
ENSG00000202373,0
ENSG00000202374,0
ENSG00000202377,0
ENSG00000202379,0
ENSG00000202380,0
ENSG00000202382,0
ENSG00000202383,0
ENSG00000202385,0
ENSG00000202386,0
ENSG00000202388,0
ENSG00000202389,0
ENSG00000202392,0
ENSG00000202395,0
ENSG00000202398,0
ENSG00000202399,1
ENSG00000202400,0
ENSG00000202402,0
ENSG00000202406,0
ENSG00000202407,0
ENSG00000202408,1
ENSG00000202410,0
ENSG00000202411,0
ENSG00000202412,0
ENSG00000202414,0
ENSG00000202415,6
ENSG00000202417,0
ENSG00000202422,0
ENSG00000202423,0
ENSG00000202427,0
ENSG00000202428,0
ENSG00000202429,0
ENSG00000202430,0
ENSG00000202431,1
ENSG00000202433,0
ENSG00000202434,2
ENSG00000202438,0
ENSG00000202440,0
ENSG00000202441,2
ENSG00000202444,0
ENSG00000202445,0
ENSG00000202449,0
ENSG00000202459,0
ENSG00000202461,0
ENSG00000202468,0
ENSG00000202469,1
ENSG00000202470,0
ENSG00000202471,0
ENSG00000202472,0
ENSG00000202473,0
ENSG00000202474,11
ENSG00000202476,0
ENSG00000202478,0
ENSG00000202479,0
ENSG00000202485,0
ENSG00000202490,0
ENSG00000202491,0
ENSG00000202495,0
ENSG00000202497,0
ENSG00000202498,0
ENSG00000202499,0
ENSG00000202502,0
ENSG00000202503,0
ENSG00000202508,0
ENSG00000202512,0
ENSG00000202513,0
ENSG00000202514,0
ENSG00000202515,0
ENSG00000202517,0
ENSG00000202521,0
ENSG00000202522,0
ENSG00000202523,1
ENSG00000202526,0
ENSG00000202528,0
ENSG00000202529,0
ENSG00000202532,0
ENSG00000202533,1
ENSG00000202534,0
ENSG00000202536,0
ENSG00000202537,0
ENSG00000202538,3
ENSG00000202542,0
ENSG00000202560,0
ENSG00000202566,0
ENSG00000202569,1
ENSG00000202601,0
ENSG00000202609,0
ENSG00000203258,0
ENSG00000203262,0
ENSG00000203266,0
ENSG00000203279,2
ENSG00000203280,88
ENSG00000203286,5
ENSG00000203288,69
ENSG00000203307,0
ENSG00000203321,1
ENSG00000203325,8
ENSG00000203326,498
ENSG00000203327,0
ENSG00000203334,0
ENSG00000203335,0
ENSG00000203356,144
ENSG00000203362,18
ENSG00000203363,0
ENSG00000203364,3
ENSG00000203386,1
ENSG00000203387,0
ENSG00000203392,15
ENSG00000203395,0
ENSG00000203396,0
ENSG00000203397,2
ENSG00000203402,0
ENSG00000203408,0
ENSG00000203411,0
ENSG00000203413,0
ENSG00000203414,1
ENSG00000203416,1
ENSG00000203434,0
ENSG00000203435,3
ENSG00000203436,4
ENSG00000203437,0
ENSG00000203441,23
ENSG00000203446,9
ENSG00000203462,0
ENSG00000203469,0
ENSG00000203472,0
ENSG00000203485,10677
ENSG00000203489,0
ENSG00000203492,0
ENSG00000203496,0
ENSG00000203497,157
ENSG00000203498,0
ENSG00000203499,1114
ENSG00000203506,2
ENSG00000203520,1
ENSG00000203523,0
ENSG00000203527,0
ENSG00000203531,0
ENSG00000203546,91
ENSG00000203560,0
ENSG00000203565,0
ENSG00000203573,0
ENSG00000203581,1
ENSG00000203585,7
ENSG00000203588,18
ENSG00000203589,2
ENSG00000203593,0
ENSG00000203601,0
ENSG00000203605,0
ENSG00000203616,0
ENSG00000203618,0
ENSG00000203620,4
ENSG00000203635,138
ENSG00000203643,0
ENSG00000203644,1159
ENSG00000203645,2
ENSG00000203647,0
ENSG00000203648,0
ENSG00000203650,1
ENSG00000203661,0
ENSG00000203663,0
ENSG00000203664,0
ENSG00000203666,431
ENSG00000203667,623
ENSG00000203668,2673
ENSG00000203684,5
ENSG00000203685,46
ENSG00000203688,1
ENSG00000203690,0
ENSG00000203697,184
ENSG00000203705,569
ENSG00000203706,47
ENSG00000203709,21
ENSG00000203710,109
ENSG00000203711,608
ENSG00000203721,77
ENSG00000203722,9
ENSG00000203724,59
ENSG00000203727,98
ENSG00000203729,0
ENSG00000203730,0
ENSG00000203733,0
ENSG00000203734,14
ENSG00000203737,1
ENSG00000203739,12
ENSG00000203740,0
ENSG00000203747,1049
ENSG00000203756,0
ENSG00000203757,0
ENSG00000203758,0
ENSG00000203760,1281
ENSG00000203761,99
ENSG00000203772,360
ENSG00000203778,96
ENSG00000203780,865
ENSG00000203781,0
ENSG00000203782,0
ENSG00000203783,0
ENSG00000203784,0
ENSG00000203785,0
ENSG00000203786,0
ENSG00000203791,386
ENSG00000203795,0
ENSG00000203797,29
ENSG00000203799,131
ENSG00000203801,8
ENSG00000203804,5
ENSG00000203805,99
ENSG00000203808,1
ENSG00000203809,0
ENSG00000203811,0
ENSG00000203812,2
ENSG00000203814,150
ENSG00000203818,0
ENSG00000203819,34
ENSG00000203825,0
ENSG00000203837,1
ENSG00000203852,1
ENSG00000203855,0
ENSG00000203857,0
ENSG00000203858,0
ENSG00000203859,3
ENSG00000203864,0
ENSG00000203865,62
ENSG00000203867,36
ENSG00000203870,1
ENSG00000203872,18
ENSG00000203875,2479
ENSG00000203876,1
ENSG00000203877,0
ENSG00000203878,0
ENSG00000203879,9236
ENSG00000203880,3447
ENSG00000203883,603
ENSG00000203886,1
ENSG00000203896,115
ENSG00000203897,1
ENSG00000203900,3
ENSG00000203907,3
ENSG00000203908,0
ENSG00000203909,0
ENSG00000203910,1
ENSG00000203914,1
ENSG00000203923,0
ENSG00000203926,0
ENSG00000203930,4
ENSG00000203933,0
ENSG00000203942,0
ENSG00000203943,23
ENSG00000203950,2640
ENSG00000203952,76
ENSG00000203963,0
ENSG00000203965,149
ENSG00000203970,0
ENSG00000203971,20
ENSG00000203972,0
ENSG00000203985,11
ENSG00000203987,0
ENSG00000203989,0
ENSG00000203993,360
ENSG00000203995,220
ENSG00000203999,862
ENSG00000204001,0
ENSG00000204003,0
ENSG00000204006,19
ENSG00000204007,0
ENSG00000204010,3
ENSG00000204011,2
ENSG00000204019,0
ENSG00000204020,0
ENSG00000204021,0
ENSG00000204022,2
ENSG00000204025,1
ENSG00000204031,0
ENSG00000204033,0
ENSG00000204044,17
ENSG00000204049,1
ENSG00000204052,135
ENSG00000204053,0
ENSG00000204054,16044
ENSG00000204055,20
ENSG00000204060,1327
ENSG00000204065,17
ENSG00000204070,5251
ENSG00000204071,1
ENSG00000204072,0
ENSG00000204084,2198
ENSG00000204086,4
ENSG00000204091,0
ENSG00000204092,0
ENSG00000204099,238
ENSG00000204103,2261
ENSG00000204104,2751
ENSG00000204110,0
ENSG00000204113,2
ENSG00000204116,113
ENSG00000204117,0
ENSG00000204118,25
ENSG00000204120,6362
ENSG00000204121,1
ENSG00000204128,506
ENSG00000204130,395
ENSG00000204131,30
ENSG00000204136,203
ENSG00000204138,6070
ENSG00000204140,4
ENSG00000204147,232
ENSG00000204148,0
ENSG00000204149,193
ENSG00000204152,143
ENSG00000204160,2729
ENSG00000204161,247
ENSG00000204165,30
ENSG00000204172,86
ENSG00000204173,34
ENSG00000204174,1
ENSG00000204175,103
ENSG00000204176,6
ENSG00000204177,52
ENSG00000204178,4069
ENSG00000204179,132
ENSG00000204183,0
ENSG00000204186,78
ENSG00000204187,2
ENSG00000204188,0
ENSG00000204193,0
ENSG00000204194,1
ENSG00000204195,0
ENSG00000204196,0
ENSG00000204209,5018
ENSG00000204217,5972
ENSG00000204219,1807
ENSG00000204220,1744
ENSG00000204227,2191
ENSG00000204228,367
ENSG00000204231,1305
ENSG00000204237,724
ENSG00000204241,85
ENSG00000204246,0
ENSG00000204248,23
ENSG00000204250,0
ENSG00000204252,960
ENSG00000204253,886
ENSG00000204256,10898
ENSG00000204257,2098
ENSG00000204261,298
ENSG00000204262,5765
ENSG00000204264,2365
ENSG00000204267,1385
ENSG00000204271,100
ENSG00000204272,2266
ENSG00000204277,2
ENSG00000204278,0
ENSG00000204279,0
ENSG00000204282,164
ENSG00000204283,1
ENSG00000204287,22331
ENSG00000204290,4
ENSG00000204291,2729
ENSG00000204293,1
ENSG00000204296,1
ENSG00000204300,0
ENSG00000204301,700
ENSG00000204304,1451
ENSG00000204305,60
ENSG00000204308,1403
ENSG00000204310,1970
ENSG00000204311,49
ENSG00000204314,57
ENSG00000204315,402
ENSG00000204316,452
ENSG00000204323,101
ENSG00000204334,37
ENSG00000204335,9
ENSG00000204338,5
ENSG00000204344,449
ENSG00000204345,0
ENSG00000204347,0
ENSG00000204348,449
ENSG00000204351,2542
ENSG00000204352,0
ENSG00000204356,3318
ENSG00000204361,1
ENSG00000204362,0
ENSG00000204363,0
ENSG00000204365,132
ENSG00000204366,299
ENSG00000204368,0
ENSG00000204370,3444
ENSG00000204371,4318
ENSG00000204379,0
ENSG00000204380,212
ENSG00000204381,165
ENSG00000204382,0
ENSG00000204385,78
ENSG00000204386,4882
ENSG00000204387,2417
ENSG00000204388,6415
ENSG00000204389,6361
ENSG00000204390,190
ENSG00000204392,1807
ENSG00000204393,0
ENSG00000204394,4950
ENSG00000204396,23
ENSG00000204397,162
ENSG00000204398,5
ENSG00000204399,0
ENSG00000204403,1
ENSG00000204406,647
ENSG00000204410,72
ENSG00000204414,2
ENSG00000204420,21
ENSG00000204421,2
ENSG00000204422,0
ENSG00000204424,0
ENSG00000204427,248
ENSG00000204428,67
ENSG00000204429,10
ENSG00000204434,3
ENSG00000204435,2531
ENSG00000204437,0
ENSG00000204438,570
ENSG00000204439,1398
ENSG00000204442,12
ENSG00000204444,145
ENSG00000204446,2
ENSG00000204449,0
ENSG00000204450,0
ENSG00000204455,0
ENSG00000204456,0
ENSG00000204460,0
ENSG00000204463,13755
ENSG00000204464,2
ENSG00000204469,15113
ENSG00000204471,0
ENSG00000204472,614
ENSG00000204475,42
ENSG00000204478,0
ENSG00000204479,0
ENSG00000204480,0
ENSG00000204481,0
ENSG00000204482,273
ENSG00000204498,601
ENSG00000204501,0
ENSG00000204505,0
ENSG00000204510,0
ENSG00000204511,0
ENSG00000204514,780
ENSG00000204516,211
ENSG00000204518,0
ENSG00000204519,694
ENSG00000204520,1586
ENSG00000204524,122
ENSG00000204525,40663
ENSG00000204528,0
ENSG00000204529,0
ENSG00000204531,11
ENSG00000204532,1
ENSG00000204536,1232
ENSG00000204538,3
ENSG00000204539,0
ENSG00000204540,10
ENSG00000204542,0
ENSG00000204544,0
ENSG00000204547,0
ENSG00000204548,0
ENSG00000204555,0
ENSG00000204556,10
ENSG00000204560,2114
ENSG00000204564,541
ENSG00000204566,0
ENSG00000204568,3740
ENSG00000204569,11466
ENSG00000204571,0
ENSG00000204572,12
ENSG00000204574,6707
ENSG00000204576,545
ENSG00000204577,44
ENSG00000204580,17608
ENSG00000204581,8
ENSG00000204583,0
ENSG00000204584,43
ENSG00000204588,40
ENSG00000204590,2367
ENSG00000204592,21623
ENSG00000204595,0
ENSG00000204599,659
ENSG00000204603,0
ENSG00000204604,1224
ENSG00000204610,0
ENSG00000204611,871
ENSG00000204612,0
ENSG00000204613,0
ENSG00000204614,0
ENSG00000204616,130
ENSG00000204618,2343
ENSG00000204619,3648
ENSG00000204620,17
ENSG00000204622,25
ENSG00000204623,130
ENSG00000204624,85
ENSG00000204625,0
ENSG00000204628,63031
ENSG00000204632,36
ENSG00000204634,3397
ENSG00000204637,0
ENSG00000204640,0
ENSG00000204642,1778
ENSG00000204644,1290
ENSG00000204648,0
ENSG00000204650,206
ENSG00000204652,0
ENSG00000204653,3
ENSG00000204655,7
ENSG00000204657,3
ENSG00000204658,0
ENSG00000204659,5
ENSG00000204661,1
ENSG00000204662,0
ENSG00000204663,0
ENSG00000204666,10
ENSG00000204669,0
ENSG00000204670,1
ENSG00000204671,0
ENSG00000204673,2306
ENSG00000204677,0
ENSG00000204681,1076
ENSG00000204682,53
ENSG00000204683,0
ENSG00000204684,0
ENSG00000204685,122
ENSG00000204687,0
ENSG00000204688,0
ENSG00000204694,0
ENSG00000204695,0
ENSG00000204697,0
ENSG00000204699,0
ENSG00000204700,0
ENSG00000204701,0
ENSG00000204702,0
ENSG00000204703,0
ENSG00000204704,0
ENSG00000204705,0
ENSG00000204706,1
ENSG00000204709,1
ENSG00000204710,4
ENSG00000204711,0
ENSG00000204713,4580
ENSG00000204717,0
ENSG00000204718,0
ENSG00000204740,10
ENSG00000204745,142
ENSG00000204754,0
ENSG00000204758,23
ENSG00000204764,239
ENSG00000204767,11
ENSG00000204776,0
ENSG00000204778,2
ENSG00000204779,1
ENSG00000204780,1
ENSG00000204787,0
ENSG00000204789,92
ENSG00000204790,0
ENSG00000204791,3
ENSG00000204792,0
ENSG00000204801,0
ENSG00000204802,0
ENSG00000204805,0
ENSG00000204814,0
ENSG00000204815,91
ENSG00000204816,0
ENSG00000204818,1
ENSG00000204822,189
ENSG00000204832,1649
ENSG00000204837,4
ENSG00000204839,893
ENSG00000204842,1658
ENSG00000204843,8428
ENSG00000204849,0
ENSG00000204850,0
ENSG00000204851,105
ENSG00000204852,998
ENSG00000204856,77
ENSG00000204859,759
ENSG00000204860,4
ENSG00000204866,60
ENSG00000204869,7
ENSG00000204872,19
ENSG00000204873,0
ENSG00000204876,2
ENSG00000204880,0
ENSG00000204882,3
ENSG00000204887,0
ENSG00000204889,6
ENSG00000204894,0
ENSG00000204897,0
ENSG00000204899,982
ENSG00000204904,4
ENSG00000204909,4
ENSG00000204913,0
ENSG00000204915,0
ENSG00000204918,0
ENSG00000204919,0
ENSG00000204920,182
ENSG00000204922,1887
ENSG00000204923,360
ENSG00000204928,0
ENSG00000204929,2
ENSG00000204930,5
ENSG00000204933,0
ENSG00000204934,112
ENSG00000204936,6
ENSG00000204941,3
ENSG00000204946,579
ENSG00000204947,161
ENSG00000204949,4
ENSG00000204950,497
ENSG00000204952,26
ENSG00000204954,207
ENSG00000204956,35
ENSG00000204959,374
ENSG00000204960,0
ENSG00000204961,8
ENSG00000204962,7
ENSG00000204963,6
ENSG00000204965,10
ENSG00000204967,628
ENSG00000204969,7
ENSG00000204970,35
ENSG00000204971,0
ENSG00000204977,2040
ENSG00000204978,1
ENSG00000204979,0
ENSG00000204982,0
ENSG00000204983,4
ENSG00000204989,0
ENSG00000204990,0
ENSG00000204991,1333
ENSG00000204993,0
ENSG00000205002,510
ENSG00000205015,0
ENSG00000205018,2
ENSG00000205022,5
ENSG00000205025,0
ENSG00000205029,0
ENSG00000205030,0
ENSG00000205035,4
ENSG00000205037,3
ENSG00000205038,19
ENSG00000205041,0
ENSG00000205044,0
ENSG00000205045,44
ENSG00000205054,134
ENSG00000205056,8
ENSG00000205057,0
ENSG00000205060,1341
ENSG00000205076,3
ENSG00000205078,56
ENSG00000205084,338
ENSG00000205085,17
ENSG00000205086,3
ENSG00000205089,30
ENSG00000205090,17
ENSG00000205097,0
ENSG00000205100,6
ENSG00000205105,2
ENSG00000205106,3
ENSG00000205108,0
ENSG00000205111,2
ENSG00000205116,0
ENSG00000205126,0
ENSG00000205129,77
ENSG00000205133,2422
ENSG00000205138,352
ENSG00000205143,18
ENSG00000205155,3169
ENSG00000205174,0
ENSG00000205176,0
ENSG00000205177,1
ENSG00000205181,113
ENSG00000205184,0
ENSG00000205186,0
ENSG00000205189,3207
ENSG00000205208,534
ENSG00000205209,12
ENSG00000205212,6
ENSG00000205213,1899
ENSG00000205215,0
ENSG00000205220,1687
ENSG00000205221,92
ENSG00000205231,2
ENSG00000205236,0
ENSG00000205238,1
ENSG00000205240,0
ENSG00000205246,1358
ENSG00000205250,6921
ENSG00000205266,0
ENSG00000205267,0
ENSG00000205268,1193
ENSG00000205269,258
ENSG00000205274,3
ENSG00000205277,24
ENSG00000205279,0
ENSG00000205293,0
ENSG00000205300,0
ENSG00000205301,0
ENSG00000205302,2960
ENSG00000205307,5
ENSG00000205309,624
ENSG00000205312,0
ENSG00000205318,9
ENSG00000205323,106
ENSG00000205325,58
ENSG00000205327,0
ENSG00000205328,0
ENSG00000205329,0
ENSG00000205330,0
ENSG00000205331,0
ENSG00000205333,0
ENSG00000205334,2
ENSG00000205336,55559
ENSG00000205339,11324
ENSG00000205352,2823
ENSG00000205356,1948
ENSG00000205358,4
ENSG00000205359,1
ENSG00000205360,0
ENSG00000205361,3
ENSG00000205362,114
ENSG00000205363,64
ENSG00000205364,188
ENSG00000205396,0
ENSG00000205403,384
ENSG00000205409,0
ENSG00000205412,0
ENSG00000205413,466
ENSG00000205414,0
ENSG00000205420,37
ENSG00000205423,448
ENSG00000205424,0
ENSG00000205426,706
ENSG00000205433,0
ENSG00000205436,53
ENSG00000205439,0
ENSG00000205442,0
ENSG00000205444,23
ENSG00000205445,0
ENSG00000205449,0
ENSG00000205452,0
ENSG00000205456,29
ENSG00000205457,0
ENSG00000205464,128
ENSG00000205476,3133
ENSG00000205482,1
ENSG00000205485,78
ENSG00000205488,110
ENSG00000205494,0
ENSG00000205495,0
ENSG00000205496,0
ENSG00000205497,0
ENSG00000205500,0
ENSG00000205502,92
ENSG00000205517,469
ENSG00000205531,9005
ENSG00000205534,47
ENSG00000205537,3
ENSG00000205542,43124
ENSG00000205544,2120
ENSG00000205549,0
ENSG00000205559,29
ENSG00000205560,74
ENSG00000205562,2
ENSG00000205571,2
ENSG00000205572,3
ENSG00000205578,31
ENSG00000205579,1
ENSG00000205581,8877
ENSG00000205583,11
ENSG00000205584,0
ENSG00000205592,15
ENSG00000205593,666
ENSG00000205596,0
ENSG00000205609,9
ENSG00000205611,4
ENSG00000205622,5
ENSG00000205625,0
ENSG00000205628,125
ENSG00000205629,2341
ENSG00000205632,0
ENSG00000205634,31
ENSG00000205636,0
ENSG00000205639,32
ENSG00000205642,1
ENSG00000205643,387
ENSG00000205644,0
ENSG00000205649,0
ENSG00000205653,0
ENSG00000205659,1252
ENSG00000205662,12
ENSG00000205663,19
ENSG00000205664,316
ENSG00000205667,83
ENSG00000205669,1
ENSG00000205670,0
ENSG00000205678,0
ENSG00000205682,0
ENSG00000205683,29
ENSG00000205693,0
ENSG00000205695,1
ENSG00000205696,11
ENSG00000205702,10
ENSG00000205704,43
ENSG00000205707,434
ENSG00000205710,195
ENSG00000205716,0
ENSG00000205718,0
ENSG00000205726,4932
ENSG00000205730,2281
ENSG00000205740,15
ENSG00000205744,878
ENSG00000205745,0
ENSG00000205746,29
ENSG00000205754,0
ENSG00000205755,1
ENSG00000205758,806
ENSG00000205763,81
ENSG00000205765,4303
ENSG00000205767,0
ENSG00000205771,209
ENSG00000205777,0
ENSG00000205784,10
ENSG00000205786,2
ENSG00000205790,6
ENSG00000205791,117
ENSG00000205794,4
ENSG00000205795,150
ENSG00000205808,1016
ENSG00000205809,1
ENSG00000205810,1
ENSG00000205822,0
ENSG00000205830,0
ENSG00000205832,4
ENSG00000205835,2
ENSG00000205837,1
ENSG00000205838,82
ENSG00000205846,14
ENSG00000205847,7
ENSG00000205853,39
ENSG00000205856,0
ENSG00000205857,0
ENSG00000205858,0
ENSG00000205861,5
ENSG00000205863,1
ENSG00000205864,2
ENSG00000205865,0
ENSG00000205866,0
ENSG00000205867,4
ENSG00000205869,11
ENSG00000205871,30
ENSG00000205879,0
ENSG00000205882,0
ENSG00000205883,0
ENSG00000205884,0
ENSG00000205885,104
ENSG00000205890,56
ENSG00000205897,2
ENSG00000205898,0
ENSG00000205899,0
ENSG00000205903,1903
ENSG00000205913,86
ENSG00000205916,0
ENSG00000205918,13
ENSG00000205922,2
ENSG00000205923,0
ENSG00000205927,0
ENSG00000205929,1
ENSG00000205930,10
ENSG00000205936,0
ENSG00000205937,7264
ENSG00000205940,3
ENSG00000205944,0
ENSG00000205946,0
ENSG00000205955,14
ENSG00000205959,10
ENSG00000205971,0
ENSG00000205976,0
ENSG00000205978,551
ENSG00000205981,1150
ENSG00000205989,0
ENSG00000206013,21
ENSG00000206014,0
ENSG00000206026,0
ENSG00000206028,1
ENSG00000206034,0
ENSG00000206042,0
ENSG00000206043,1
ENSG00000206047,0
ENSG00000206052,13
ENSG00000206053,17413
ENSG00000206062,0
ENSG00000206066,1
ENSG00000206069,1
ENSG00000206072,0
ENSG00000206073,0
ENSG00000206075,216
ENSG00000206077,432
ENSG00000206090,2
ENSG00000206102,0
ENSG00000206104,0
ENSG00000206105,0
ENSG00000206106,0
ENSG00000206107,0
ENSG00000206113,5
ENSG00000206120,0
ENSG00000206127,1
ENSG00000206129,0
ENSG00000206140,11
ENSG00000206142,0
ENSG00000206144,0
ENSG00000206145,1
ENSG00000206147,5
ENSG00000206149,271
ENSG00000206150,0
ENSG00000206159,0
ENSG00000206168,3
ENSG00000206172,1
ENSG00000206177,0
ENSG00000206178,0
ENSG00000206181,0
ENSG00000206187,0
ENSG00000206190,288
ENSG00000206192,0
ENSG00000206195,534
ENSG00000206199,2
ENSG00000206203,0
ENSG00000206228,14
ENSG00000206249,1
ENSG00000206260,0
ENSG00000206262,28
ENSG00000206337,1032
ENSG00000206341,568
ENSG00000206344,31
ENSG00000206356,0
ENSG00000206384,107
ENSG00000206417,51
ENSG00000206418,1738
ENSG00000206422,0
ENSG00000206432,69
ENSG00000206448,1
ENSG00000206474,0
ENSG00000206483,0
ENSG00000206503,29033
ENSG00000206527,2118
ENSG00000206530,683
ENSG00000206531,0
ENSG00000206532,2
ENSG00000206535,229
ENSG00000206536,0
ENSG00000206538,321
ENSG00000206549,8
ENSG00000206552,1
ENSG00000206557,0
ENSG00000206559,21
ENSG00000206560,2807
ENSG00000206561,155
ENSG00000206562,920
ENSG00000206567,357
ENSG00000206573,654
ENSG00000206579,1
ENSG00000206582,0
ENSG00000206583,0
ENSG00000206585,0
ENSG00000206587,0
ENSG00000206588,0
ENSG00000206589,0
ENSG00000206590,1
ENSG00000206592,0
ENSG00000206593,0
ENSG00000206595,1
ENSG00000206596,0
ENSG00000206597,0
ENSG00000206598,0
ENSG00000206599,0
ENSG00000206600,0
ENSG00000206601,1
ENSG00000206602,0
ENSG00000206603,1
ENSG00000206604,0
ENSG00000206605,0
ENSG00000206606,0
ENSG00000206609,0
ENSG00000206611,0
ENSG00000206612,4
ENSG00000206613,0
ENSG00000206614,0
ENSG00000206615,0
ENSG00000206616,0
ENSG00000206617,0
ENSG00000206618,0
ENSG00000206620,0
ENSG00000206621,0
ENSG00000206622,2
ENSG00000206623,0
ENSG00000206624,0
ENSG00000206625,0
ENSG00000206627,0
ENSG00000206629,0
ENSG00000206630,5
ENSG00000206631,0
ENSG00000206633,0
ENSG00000206634,6
ENSG00000206635,0
ENSG00000206636,0
ENSG00000206637,0
ENSG00000206638,0
ENSG00000206639,0
ENSG00000206640,0
ENSG00000206641,0
ENSG00000206644,0
ENSG00000206645,0
ENSG00000206646,2
ENSG00000206647,7
ENSG00000206649,0
ENSG00000206650,0
ENSG00000206651,1
ENSG00000206652,0
ENSG00000206654,0
ENSG00000206656,0
ENSG00000206658,0
ENSG00000206659,0
ENSG00000206660,1
ENSG00000206661,0
ENSG00000206662,0
ENSG00000206663,0
ENSG00000206665,0
ENSG00000206669,0
ENSG00000206671,0
ENSG00000206672,0
ENSG00000206674,0
ENSG00000206675,0
ENSG00000206676,0
ENSG00000206677,0
ENSG00000206678,0
ENSG00000206679,0
ENSG00000206680,0
ENSG00000206681,0
ENSG00000206682,0
ENSG00000206684,0
ENSG00000206685,0
ENSG00000206686,0
ENSG00000206687,1
ENSG00000206688,0
ENSG00000206690,0
ENSG00000206692,0
ENSG00000206693,0
ENSG00000206695,0
ENSG00000206697,0
ENSG00000206698,0
ENSG00000206699,0
ENSG00000206700,0
ENSG00000206701,0
ENSG00000206702,0
ENSG00000206703,0
ENSG00000206704,0
ENSG00000206705,0
ENSG00000206706,0
ENSG00000206708,0
ENSG00000206709,0
ENSG00000206710,0
ENSG00000206711,0
ENSG00000206712,0
ENSG00000206713,0
ENSG00000206714,0
ENSG00000206715,0
ENSG00000206716,0
ENSG00000206717,0
ENSG00000206718,0
ENSG00000206719,0
ENSG00000206721,0
ENSG00000206722,0
ENSG00000206723,0
ENSG00000206724,0
ENSG00000206725,0
ENSG00000206726,0
ENSG00000206727,0
ENSG00000206728,0
ENSG00000206729,0
ENSG00000206730,0
ENSG00000206731,0
ENSG00000206732,0
ENSG00000206733,0
ENSG00000206734,0
ENSG00000206737,0
ENSG00000206738,0
ENSG00000206739,2
ENSG00000206741,0
ENSG00000206743,0
ENSG00000206744,0
ENSG00000206745,0
ENSG00000206746,0
ENSG00000206747,0
ENSG00000206749,0
ENSG00000206751,0
ENSG00000206752,0
ENSG00000206754,4
ENSG00000206755,0
ENSG00000206756,0
ENSG00000206758,0
ENSG00000206759,0
ENSG00000206760,0
ENSG00000206762,10
ENSG00000206763,0
ENSG00000206764,0
ENSG00000206765,0
ENSG00000206766,0
ENSG00000206767,0
ENSG00000206768,0
ENSG00000206769,0
ENSG00000206770,0
ENSG00000206772,0
ENSG00000206774,0
ENSG00000206775,0
ENSG00000206776,0
ENSG00000206777,0
ENSG00000206778,2
ENSG00000206779,0
ENSG00000206780,0
ENSG00000206781,0
ENSG00000206782,0
ENSG00000206784,0
ENSG00000206785,0
ENSG00000206786,0
ENSG00000206787,0
ENSG00000206788,0
ENSG00000206790,0
ENSG00000206791,0
ENSG00000206792,0
ENSG00000206795,0
ENSG00000206796,0
ENSG00000206797,0
ENSG00000206799,0
ENSG00000206800,0
ENSG00000206801,0
ENSG00000206802,0
ENSG00000206803,0
ENSG00000206804,0
ENSG00000206805,0
ENSG00000206806,0
ENSG00000206807,0
ENSG00000206808,0
ENSG00000206811,0
ENSG00000206812,0
ENSG00000206813,0
ENSG00000206814,0
ENSG00000206815,0
ENSG00000206816,2
ENSG00000206817,0
ENSG00000206818,0
ENSG00000206819,0
ENSG00000206820,0
ENSG00000206822,0
ENSG00000206824,4
ENSG00000206826,0
ENSG00000206827,0
ENSG00000206828,2
ENSG00000206832,0
ENSG00000206833,0
ENSG00000206834,0
ENSG00000206835,0
ENSG00000206836,0
ENSG00000206838,0
ENSG00000206839,0
ENSG00000206840,0
ENSG00000206841,0
ENSG00000206842,0
ENSG00000206843,0
ENSG00000206844,2
ENSG00000206845,0
ENSG00000206846,3
ENSG00000206847,0
ENSG00000206848,0
ENSG00000206849,0
ENSG00000206850,0
ENSG00000206852,0
ENSG00000206853,0
ENSG00000206854,0
ENSG00000206855,0
ENSG00000206856,0
ENSG00000206857,0
ENSG00000206858,0
ENSG00000206859,3
ENSG00000206862,0
ENSG00000206863,0
ENSG00000206864,0
ENSG00000206865,0
ENSG00000206866,0
ENSG00000206867,0
ENSG00000206869,1
ENSG00000206870,0
ENSG00000206871,0
ENSG00000206875,0
ENSG00000206877,0
ENSG00000206878,12
ENSG00000206880,0
ENSG00000206881,0
ENSG00000206882,0
ENSG00000206885,3
ENSG00000206886,0
ENSG00000206887,0
ENSG00000206888,0
ENSG00000206889,0
ENSG00000206891,0
ENSG00000206892,0
ENSG00000206895,0
ENSG00000206896,0
ENSG00000206897,1
ENSG00000206898,0
ENSG00000206899,0
ENSG00000206900,0
ENSG00000206901,0
ENSG00000206903,1
ENSG00000206905,0
ENSG00000206906,0
ENSG00000206907,0
ENSG00000206908,0
ENSG00000206909,0
ENSG00000206910,0
ENSG00000206911,0
ENSG00000206912,0
ENSG00000206913,3
ENSG00000206914,3
ENSG00000206915,0
ENSG00000206917,0
ENSG00000206918,0
ENSG00000206920,0
ENSG00000206921,6
ENSG00000206922,0
ENSG00000206923,0
ENSG00000206924,2
ENSG00000206925,0
ENSG00000206926,0
ENSG00000206927,1
ENSG00000206929,0
ENSG00000206931,0
ENSG00000206932,0
ENSG00000206935,0
ENSG00000206936,2
ENSG00000206937,0
ENSG00000206938,0
ENSG00000206939,0
ENSG00000206941,0
ENSG00000206944,0
ENSG00000206947,0
ENSG00000206948,0
ENSG00000206949,0
ENSG00000206950,0
ENSG00000206951,0
ENSG00000206952,0
ENSG00000206954,0
ENSG00000206957,0
ENSG00000206958,0
ENSG00000206959,0
ENSG00000206960,0
ENSG00000206961,0
ENSG00000206962,0
ENSG00000206963,0
ENSG00000206964,0
ENSG00000206965,0
ENSG00000206967,0
ENSG00000206969,0
ENSG00000206970,0
ENSG00000206972,0
ENSG00000206973,0
ENSG00000206974,0
ENSG00000206975,0
ENSG00000206976,0
ENSG00000206977,0
ENSG00000206978,0
ENSG00000206979,0
ENSG00000206980,0
ENSG00000206981,0
ENSG00000206982,0
ENSG00000206983,0
ENSG00000206985,0
ENSG00000206987,0
ENSG00000206989,0
ENSG00000206990,0
ENSG00000206991,0
ENSG00000206992,2
ENSG00000206995,0
ENSG00000206996,0
ENSG00000206997,0
ENSG00000206998,0
ENSG00000206999,0
ENSG00000207000,0
ENSG00000207001,0
ENSG00000207002,0
ENSG00000207003,0
ENSG00000207004,0
ENSG00000207005,0
ENSG00000207007,0
ENSG00000207008,3
ENSG00000207009,0
ENSG00000207010,0
ENSG00000207011,0
ENSG00000207012,0
ENSG00000207013,0
ENSG00000207014,0
ENSG00000207016,0
ENSG00000207019,0
ENSG00000207020,0
ENSG00000207021,0
ENSG00000207022,0
ENSG00000207023,0
ENSG00000207024,0
ENSG00000207025,0
ENSG00000207026,0
ENSG00000207027,0
ENSG00000207029,0
ENSG00000207031,0
ENSG00000207032,0
ENSG00000207033,0
ENSG00000207034,0
ENSG00000207036,0
ENSG00000207037,0
ENSG00000207039,0
ENSG00000207041,0
ENSG00000207042,0
ENSG00000207044,0
ENSG00000207045,0
ENSG00000207046,1
ENSG00000207047,0
ENSG00000207049,0
ENSG00000207051,0
ENSG00000207052,0
ENSG00000207053,0
ENSG00000207056,0
ENSG00000207058,0
ENSG00000207060,0
ENSG00000207061,0
ENSG00000207062,0
ENSG00000207063,0
ENSG00000207065,1
ENSG00000207067,0
ENSG00000207068,0
ENSG00000207069,0
ENSG00000207071,0
ENSG00000207072,0
ENSG00000207073,1
ENSG00000207075,0
ENSG00000207076,0
ENSG00000207077,0
ENSG00000207080,0
ENSG00000207081,0
ENSG00000207082,0
ENSG00000207083,0
ENSG00000207084,0
ENSG00000207086,0
ENSG00000207087,0
ENSG00000207088,4
ENSG00000207089,0
ENSG00000207090,0
ENSG00000207091,0
ENSG00000207092,0
ENSG00000207093,0
ENSG00000207094,0
ENSG00000207095,0
ENSG00000207097,0
ENSG00000207098,0
ENSG00000207099,0
ENSG00000207100,0
ENSG00000207101,0
ENSG00000207104,0
ENSG00000207105,0
ENSG00000207108,0
ENSG00000207109,0
ENSG00000207110,9
ENSG00000207112,0
ENSG00000207113,0
ENSG00000207114,0
ENSG00000207115,0
ENSG00000207116,0
ENSG00000207117,1
ENSG00000207118,0
ENSG00000207119,2
ENSG00000207121,0
ENSG00000207122,0
ENSG00000207123,1
ENSG00000207124,0
ENSG00000207127,1
ENSG00000207128,0
ENSG00000207129,0
ENSG00000207130,0
ENSG00000207131,0
ENSG00000207132,0
ENSG00000207133,0
ENSG00000207134,0
ENSG00000207135,0
ENSG00000207136,0
ENSG00000207137,0
ENSG00000207138,0
ENSG00000207139,0
ENSG00000207142,0
ENSG00000207144,0
ENSG00000207145,0
ENSG00000207146,1
ENSG00000207147,0
ENSG00000207148,0
ENSG00000207149,0
ENSG00000207150,0
ENSG00000207151,3
ENSG00000207153,0
ENSG00000207154,0
ENSG00000207155,0
ENSG00000207156,0
ENSG00000207157,0
ENSG00000207158,0
ENSG00000207160,0
ENSG00000207161,0
ENSG00000207162,4
ENSG00000207163,0
ENSG00000207164,1
ENSG00000207165,0
ENSG00000207166,0
ENSG00000207167,0
ENSG00000207168,0
ENSG00000207169,0
ENSG00000207170,1
ENSG00000207171,1
ENSG00000207172,0
ENSG00000207173,0
ENSG00000207174,0
ENSG00000207175,1
ENSG00000207176,1
ENSG00000207177,0
ENSG00000207178,0
ENSG00000207180,0
ENSG00000207181,8
ENSG00000207182,0
ENSG00000207183,0
ENSG00000207185,2
ENSG00000207186,5
ENSG00000207187,0
ENSG00000207189,0
ENSG00000207190,0
ENSG00000207191,0
ENSG00000207192,0
ENSG00000207193,0
ENSG00000207194,0
ENSG00000207195,1
ENSG00000207196,0
ENSG00000207197,0
ENSG00000207198,0
ENSG00000207199,0
ENSG00000207200,2
ENSG00000207201,0
ENSG00000207202,0
ENSG00000207203,0
ENSG00000207204,0
ENSG00000207205,0
ENSG00000207206,0
ENSG00000207207,0
ENSG00000207208,0
ENSG00000207209,0
ENSG00000207210,0
ENSG00000207214,0
ENSG00000207215,0
ENSG00000207217,1
ENSG00000207218,0
ENSG00000207220,0
ENSG00000207221,0
ENSG00000207222,0
ENSG00000207223,0
ENSG00000207225,0
ENSG00000207227,0
ENSG00000207229,0
ENSG00000207231,0
ENSG00000207233,1
ENSG00000207234,0
ENSG00000207235,0
ENSG00000207237,0
ENSG00000207240,0
ENSG00000207241,0
ENSG00000207242,0
ENSG00000207243,0
ENSG00000207244,0
ENSG00000207245,0
ENSG00000207247,0
ENSG00000207248,1
ENSG00000207249,0
ENSG00000207251,0
ENSG00000207252,0
ENSG00000207255,0
ENSG00000207256,1
ENSG00000207257,0
ENSG00000207258,0
ENSG00000207260,0
ENSG00000207261,0
ENSG00000207263,0
ENSG00000207264,0
ENSG00000207265,0
ENSG00000207266,0
ENSG00000207267,0
ENSG00000207268,0
ENSG00000207269,0
ENSG00000207270,0
ENSG00000207271,0
ENSG00000207274,0
ENSG00000207275,0
ENSG00000207276,0
ENSG00000207277,0
ENSG00000207278,0
ENSG00000207279,0
ENSG00000207280,0
ENSG00000207281,0
ENSG00000207282,0
ENSG00000207283,0
ENSG00000207286,0
ENSG00000207287,0
ENSG00000207289,0
ENSG00000207290,0
ENSG00000207291,4
ENSG00000207292,0
ENSG00000207293,0
ENSG00000207294,0
ENSG00000207295,0
ENSG00000207296,0
ENSG00000207297,1
ENSG00000207298,0
ENSG00000207299,0
ENSG00000207300,0
ENSG00000207302,0
ENSG00000207303,0
ENSG00000207304,0
ENSG00000207305,0
ENSG00000207306,0
ENSG00000207307,0
ENSG00000207308,1
ENSG00000207309,0
ENSG00000207310,0
ENSG00000207312,0
ENSG00000207313,0
ENSG00000207316,0
ENSG00000207317,0
ENSG00000207318,0
ENSG00000207319,0
ENSG00000207320,0
ENSG00000207321,0
ENSG00000207322,0
ENSG00000207323,0
ENSG00000207325,0
ENSG00000207326,0
ENSG00000207327,0
ENSG00000207328,0
ENSG00000207329,0
ENSG00000207330,0
ENSG00000207331,0
ENSG00000207332,0
ENSG00000207333,0
ENSG00000207334,0
ENSG00000207336,1
ENSG00000207338,0
ENSG00000207339,0
ENSG00000207340,2
ENSG00000207341,0
ENSG00000207342,0
ENSG00000207343,0
ENSG00000207344,2
ENSG00000207345,0
ENSG00000207347,0
ENSG00000207349,0
ENSG00000207351,0
ENSG00000207352,1
ENSG00000207355,0
ENSG00000207356,0
ENSG00000207357,3
ENSG00000207359,10
ENSG00000207360,0
ENSG00000207361,0
ENSG00000207362,0
ENSG00000207363,1
ENSG00000207364,0
ENSG00000207365,0
ENSG00000207366,0
ENSG00000207367,1
ENSG00000207368,0
ENSG00000207369,1
ENSG00000207370,6
ENSG00000207371,0
ENSG00000207375,0
ENSG00000207378,0
ENSG00000207379,0
ENSG00000207380,0
ENSG00000207381,0
ENSG00000207382,0
ENSG00000207383,24
ENSG00000207384,0
ENSG00000207385,0
ENSG00000207386,1
ENSG00000207387,0
ENSG00000207389,0
ENSG00000207391,0
ENSG00000207392,0
ENSG00000207393,0
ENSG00000207394,0
ENSG00000207395,0
ENSG00000207397,0
ENSG00000207399,1
ENSG00000207401,0
ENSG00000207402,0
ENSG00000207403,0
ENSG00000207404,0
ENSG00000207405,0
ENSG00000207406,0
ENSG00000207407,0
ENSG00000207408,0
ENSG00000207410,0
ENSG00000207411,0
ENSG00000207412,0
ENSG00000207414,0
ENSG00000207415,0
ENSG00000207416,0
ENSG00000207417,1
ENSG00000207419,0
ENSG00000207420,0
ENSG00000207421,0
ENSG00000207422,0
ENSG00000207425,28
ENSG00000207426,0
ENSG00000207428,0
ENSG00000207430,0
ENSG00000207431,0
ENSG00000207432,0
ENSG00000207433,0
ENSG00000207434,0
ENSG00000207435,0
ENSG00000207438,0
ENSG00000207439,0
ENSG00000207440,0
ENSG00000207441,0
ENSG00000207442,0
ENSG00000207443,0
ENSG00000207444,0
ENSG00000207445,5
ENSG00000207448,0
ENSG00000207449,0
ENSG00000207450,0
ENSG00000207451,0
ENSG00000207452,0
ENSG00000207453,0
ENSG00000207454,0
ENSG00000207455,0
ENSG00000207456,0
ENSG00000207457,2
ENSG00000207458,0
ENSG00000207459,0
ENSG00000207460,0
ENSG00000207461,0
ENSG00000207462,0
ENSG00000207466,0
ENSG00000207467,0
ENSG00000207468,0
ENSG00000207472,0
ENSG00000207473,0
ENSG00000207474,0
ENSG00000207475,0
ENSG00000207476,0
ENSG00000207480,0
ENSG00000207481,0
ENSG00000207483,0
ENSG00000207484,2
ENSG00000207486,0
ENSG00000207488,0
ENSG00000207490,0
ENSG00000207491,0
ENSG00000207492,0
ENSG00000207493,4
ENSG00000207494,0
ENSG00000207495,0
ENSG00000207496,0
ENSG00000207497,0
ENSG00000207499,0
ENSG00000207500,0
ENSG00000207501,0
ENSG00000207502,0
ENSG00000207503,0
ENSG00000207504,0
ENSG00000207505,0
ENSG00000207507,0
ENSG00000207508,0
ENSG00000207511,0
ENSG00000207512,0
ENSG00000207513,0
ENSG00000207515,0
ENSG00000207516,0
ENSG00000207518,0
ENSG00000207523,9
ENSG00000207524,2
ENSG00000207525,0
ENSG00000207546,0
ENSG00000207547,3
ENSG00000207548,0
ENSG00000207549,0
ENSG00000207550,0
ENSG00000207551,0
ENSG00000207552,1
ENSG00000207554,26
ENSG00000207556,0
ENSG00000207558,0
ENSG00000207559,0
ENSG00000207561,41
ENSG00000207562,0
ENSG00000207563,0
ENSG00000207568,0
ENSG00000207569,0
ENSG00000207571,1
ENSG00000207572,0
ENSG00000207573,0
ENSG00000207574,0
ENSG00000207575,0
ENSG00000207577,0
ENSG00000207578,0
ENSG00000207579,0
ENSG00000207580,0
ENSG00000207581,0
ENSG00000207582,0
ENSG00000207583,0
ENSG00000207584,0
ENSG00000207585,0
ENSG00000207586,0
ENSG00000207587,0
ENSG00000207588,1
ENSG00000207589,0
ENSG00000207590,1
ENSG00000207594,0
ENSG00000207595,0
ENSG00000207597,0
ENSG00000207598,0
ENSG00000207599,0
ENSG00000207600,0
ENSG00000207601,0
ENSG00000207602,0
ENSG00000207603,0
ENSG00000207604,0
ENSG00000207605,1
ENSG00000207606,5
ENSG00000207607,0
ENSG00000207608,0
ENSG00000207609,0
ENSG00000207611,0
ENSG00000207612,0
ENSG00000207613,0
ENSG00000207614,0
ENSG00000207615,0
ENSG00000207616,0
ENSG00000207617,0
ENSG00000207619,0
ENSG00000207620,0
ENSG00000207621,0
ENSG00000207622,0
ENSG00000207624,0
ENSG00000207625,0
ENSG00000207626,0
ENSG00000207627,3
ENSG00000207628,0
ENSG00000207629,0
ENSG00000207630,0
ENSG00000207631,0
ENSG00000207632,0
ENSG00000207633,0
ENSG00000207634,0
ENSG00000207635,0
ENSG00000207636,0
ENSG00000207637,0
ENSG00000207638,0
ENSG00000207639,0
ENSG00000207641,0
ENSG00000207642,0
ENSG00000207643,0
ENSG00000207644,0
ENSG00000207645,0
ENSG00000207646,0
ENSG00000207647,0
ENSG00000207648,0
ENSG00000207649,0
ENSG00000207650,40
ENSG00000207651,0
ENSG00000207652,163
ENSG00000207653,0
ENSG00000207654,0
ENSG00000207656,0
ENSG00000207688,9
ENSG00000207689,0
ENSG00000207690,0
ENSG00000207691,0
ENSG00000207692,0
ENSG00000207693,0
ENSG00000207695,0
ENSG00000207696,6
ENSG00000207697,4
ENSG00000207698,0
ENSG00000207699,0
ENSG00000207701,0
ENSG00000207702,0
ENSG00000207703,0
ENSG00000207704,1
ENSG00000207705,0
ENSG00000207706,0
ENSG00000207707,0
ENSG00000207708,0
ENSG00000207709,0
ENSG00000207710,0
ENSG00000207711,0
ENSG00000207712,0
ENSG00000207713,0
ENSG00000207714,0
ENSG00000207715,0
ENSG00000207716,0
ENSG00000207717,0
ENSG00000207719,1
ENSG00000207720,0
ENSG00000207721,1
ENSG00000207722,0
ENSG00000207725,0
ENSG00000207726,0
ENSG00000207728,0
ENSG00000207729,0
ENSG00000207730,0
ENSG00000207731,0
ENSG00000207732,0
ENSG00000207733,0
ENSG00000207734,0
ENSG00000207735,0
ENSG00000207736,2
ENSG00000207737,0
ENSG00000207738,0
ENSG00000207739,0
ENSG00000207741,5
ENSG00000207742,0
ENSG00000207743,0
ENSG00000207744,0
ENSG00000207746,0
ENSG00000207749,0
ENSG00000207750,0
ENSG00000207751,0
ENSG00000207752,0
ENSG00000207753,0
ENSG00000207754,0
ENSG00000207755,0
ENSG00000207756,0
ENSG00000207757,7
ENSG00000207758,0
ENSG00000207759,0
ENSG00000207761,0
ENSG00000207762,0
ENSG00000207763,0
ENSG00000207764,0
ENSG00000207765,0
ENSG00000207766,0
ENSG00000207767,0
ENSG00000207768,0
ENSG00000207769,0
ENSG00000207770,16
ENSG00000207771,0
ENSG00000207773,0
ENSG00000207775,0
ENSG00000207776,0
ENSG00000207778,0
ENSG00000207779,0
ENSG00000207780,0
ENSG00000207781,0
ENSG00000207782,0
ENSG00000207783,0
ENSG00000207784,0
ENSG00000207785,0
ENSG00000207788,0
ENSG00000207789,0
ENSG00000207797,1
ENSG00000207798,0
ENSG00000207799,0
ENSG00000207800,0
ENSG00000207802,0
ENSG00000207803,0
ENSG00000207804,0
ENSG00000207805,0
ENSG00000207807,0
ENSG00000207808,0
ENSG00000207810,0
ENSG00000207811,0
ENSG00000207812,0
ENSG00000207813,0
ENSG00000207814,0
ENSG00000207815,0
ENSG00000207816,0
ENSG00000207817,0
ENSG00000207818,0
ENSG00000207819,0
ENSG00000207820,0
ENSG00000207821,0
ENSG00000207825,0
ENSG00000207826,0
ENSG00000207827,0
ENSG00000207830,0
ENSG00000207832,1
ENSG00000207833,0
ENSG00000207834,32
ENSG00000207835,0
ENSG00000207836,0
ENSG00000207837,0
ENSG00000207838,0
ENSG00000207839,1
ENSG00000207844,0
ENSG00000207846,0
ENSG00000207849,0
ENSG00000207857,0
ENSG00000207858,0
ENSG00000207861,0
ENSG00000207862,0
ENSG00000207863,0
ENSG00000207864,0
ENSG00000207865,3
ENSG00000207866,0
ENSG00000207867,0
ENSG00000207868,0
ENSG00000207869,0
ENSG00000207870,0
ENSG00000207871,0
ENSG00000207873,0
ENSG00000207874,0
ENSG00000207875,0
ENSG00000207895,0
ENSG00000207922,0
ENSG00000207923,2
ENSG00000207924,0
ENSG00000207925,0
ENSG00000207926,0
ENSG00000207927,1
ENSG00000207928,0
ENSG00000207930,0
ENSG00000207931,0
ENSG00000207932,0
ENSG00000207933,0
ENSG00000207934,0
ENSG00000207935,0
ENSG00000207938,0
ENSG00000207939,0
ENSG00000207940,0
ENSG00000207941,0
ENSG00000207942,0
ENSG00000207943,0
ENSG00000207944,0
ENSG00000207945,0
ENSG00000207946,0
ENSG00000207947,0
ENSG00000207948,0
ENSG00000207949,0
ENSG00000207951,0
ENSG00000207952,0
ENSG00000207954,0
ENSG00000207955,0
ENSG00000207956,3
ENSG00000207957,0
ENSG00000207959,0
ENSG00000207960,0
ENSG00000207961,0
ENSG00000207962,0
ENSG00000207963,2
ENSG00000207964,0
ENSG00000207965,0
ENSG00000207967,0
ENSG00000207969,0
ENSG00000207970,0
ENSG00000207971,0
ENSG00000207972,0
ENSG00000207973,2
ENSG00000207974,0
ENSG00000207975,0
ENSG00000207976,0
ENSG00000207978,0
ENSG00000207979,0
ENSG00000207980,0
ENSG00000207981,0
ENSG00000207982,0
ENSG00000207983,0
ENSG00000207984,0
ENSG00000207986,0
ENSG00000207987,0
ENSG00000207988,0
ENSG00000207989,0
ENSG00000207990,0
ENSG00000207991,0
ENSG00000207992,0
ENSG00000207993,0
ENSG00000207994,0
ENSG00000207995,0
ENSG00000207996,0
ENSG00000207997,1
ENSG00000208000,0
ENSG00000208001,0
ENSG00000208002,0
ENSG00000208003,0
ENSG00000208004,0
ENSG00000208005,0
ENSG00000208006,0
ENSG00000208008,0
ENSG00000208009,0
ENSG00000208012,0
ENSG00000208013,0
ENSG00000208014,0
ENSG00000208015,0
ENSG00000208017,0
ENSG00000208018,4
ENSG00000208022,0
ENSG00000208023,0
ENSG00000208024,0
ENSG00000208025,0
ENSG00000208027,0
ENSG00000208028,0
ENSG00000208032,0
ENSG00000208033,0
ENSG00000208034,0
ENSG00000208035,2
ENSG00000208036,4
ENSG00000208037,0
ENSG00000208038,0
ENSG00000208308,0
ENSG00000208772,16
ENSG00000208797,0
ENSG00000208839,0
ENSG00000208883,0
ENSG00000208892,2
ENSG00000209042,4
ENSG00000209082,0
ENSG00000209480,0
ENSG00000209482,2
ENSG00000209582,0
ENSG00000209645,0
ENSG00000209702,0
ENSG00000210049,5
ENSG00000210077,0
ENSG00000210082,291644
ENSG00000210100,0
ENSG00000210107,0
ENSG00000210112,0
ENSG00000210117,1
ENSG00000210127,0
ENSG00000210135,0
ENSG00000210140,4
ENSG00000210144,5
ENSG00000210151,0
ENSG00000210154,0
ENSG00000210156,0
ENSG00000210164,0
ENSG00000210174,0
ENSG00000210176,0
ENSG00000210181,0
ENSG00000210184,1
ENSG00000210191,1
ENSG00000210194,0
ENSG00000210195,2
ENSG00000210196,3361
ENSG00000210678,1
ENSG00000210709,0
ENSG00000210741,0
ENSG00000210825,0
ENSG00000210839,0
ENSG00000210841,0
ENSG00000211137,0
ENSG00000211445,4633
ENSG00000211448,3198
ENSG00000211450,4497
ENSG00000211451,89
ENSG00000211452,119
ENSG00000211454,59
ENSG00000211455,2121
ENSG00000211456,2022
ENSG00000211459,37784
ENSG00000211460,12515
ENSG00000211482,1
ENSG00000211483,0
ENSG00000211491,0
ENSG00000211495,0
ENSG00000211499,0
ENSG00000211508,0
ENSG00000211510,0
ENSG00000211513,5
ENSG00000211514,2
ENSG00000211515,0
ENSG00000211517,0
ENSG00000211518,0
ENSG00000211519,0
ENSG00000211520,0
ENSG00000211524,0
ENSG00000211525,0
ENSG00000211526,0
ENSG00000211528,0
ENSG00000211530,0
ENSG00000211532,0
ENSG00000211534,0
ENSG00000211535,0
ENSG00000211538,0
ENSG00000211542,0
ENSG00000211543,0
ENSG00000211544,0
ENSG00000211553,5
ENSG00000211556,0
ENSG00000211562,0
ENSG00000211563,1
ENSG00000211566,0
ENSG00000211568,0
ENSG00000211571,0
ENSG00000211573,0
ENSG00000211574,0
ENSG00000211575,0
ENSG00000211577,0
ENSG00000211578,0
ENSG00000211579,0
ENSG00000211580,0
ENSG00000211581,1
ENSG00000211582,0
ENSG00000211583,0
ENSG00000211584,1646
ENSG00000211590,0
ENSG00000211591,0
ENSG00000211592,125494
ENSG00000211593,14
ENSG00000211594,0
ENSG00000211595,0
ENSG00000211596,0
ENSG00000211597,0
ENSG00000211598,8936
ENSG00000211599,12
ENSG00000211611,56
ENSG00000211623,1
ENSG00000211625,1164
ENSG00000211626,0
ENSG00000211632,44
ENSG00000211633,4
ENSG00000211637,241
ENSG00000211638,859
ENSG00000211639,23
ENSG00000211640,3433
ENSG00000211641,0
ENSG00000211642,22
ENSG00000211643,4
ENSG00000211644,1083
ENSG00000211645,6
ENSG00000211647,6
ENSG00000211648,2394
ENSG00000211649,359
ENSG00000211650,18
ENSG00000211651,346
ENSG00000211652,128
ENSG00000211653,4492
ENSG00000211654,22
ENSG00000211655,98
ENSG00000211656,0
ENSG00000211657,0
ENSG00000211658,102
ENSG00000211659,3070
ENSG00000211660,1940
ENSG00000211661,424
ENSG00000211662,5130
ENSG00000211663,2669
ENSG00000211664,42
ENSG00000211665,28
ENSG00000211666,1219
ENSG00000211667,30
ENSG00000211668,1325
ENSG00000211669,58
ENSG00000211670,76
ENSG00000211672,7
ENSG00000211673,1729
ENSG00000211674,3
ENSG00000211675,0
ENSG00000211676,2
ENSG00000211677,8282
ENSG00000211678,2
ENSG00000211679,3850
ENSG00000211680,0
ENSG00000211681,0
ENSG00000211682,0
ENSG00000211683,2
ENSG00000211684,0
ENSG00000211685,22
ENSG00000211687,0
ENSG00000211688,1
ENSG00000211689,24
ENSG00000211690,0
ENSG00000211691,0
ENSG00000211692,0
ENSG00000211693,0
ENSG00000211694,5
ENSG00000211695,3
ENSG00000211696,0
ENSG00000211697,21
ENSG00000211698,1
ENSG00000211699,7
ENSG00000211701,0
ENSG00000211706,10
ENSG00000211707,0
ENSG00000211710,7
ENSG00000211713,1
ENSG00000211714,0
ENSG00000211715,1
ENSG00000211716,14
ENSG00000211717,0
ENSG00000211720,2
ENSG00000211721,17
ENSG00000211724,10
ENSG00000211725,6
ENSG00000211727,14
ENSG00000211728,3
ENSG00000211731,0
ENSG00000211734,33
ENSG00000211739,0
ENSG00000211745,22
ENSG00000211746,35
ENSG00000211747,46
ENSG00000211749,2
ENSG00000211750,6
ENSG00000211751,49
ENSG00000211752,2
ENSG00000211753,439
ENSG00000211764,7
ENSG00000211765,0
ENSG00000211766,1
ENSG00000211767,2
ENSG00000211768,0
ENSG00000211769,0
ENSG00000211770,0
ENSG00000211771,0
ENSG00000211772,827
ENSG00000211776,4
ENSG00000211777,6
ENSG00000211778,7
ENSG00000211779,3
ENSG00000211780,2
ENSG00000211781,0
ENSG00000211782,0
ENSG00000211783,0
ENSG00000211784,2
ENSG00000211785,12
ENSG00000211786,23
ENSG00000211787,14
ENSG00000211788,22
ENSG00000211789,22
ENSG00000211790,14
ENSG00000211791,10
ENSG00000211792,8
ENSG00000211793,15
ENSG00000211794,15
ENSG00000211795,13
ENSG00000211796,3
ENSG00000211797,9
ENSG00000211798,0
ENSG00000211799,23
ENSG00000211800,8
ENSG00000211801,12
ENSG00000211802,5
ENSG00000211803,9
ENSG00000211804,5
ENSG00000211805,4
ENSG00000211806,5
ENSG00000211807,13
ENSG00000211808,0
ENSG00000211809,3
ENSG00000211810,17
ENSG00000211812,8
ENSG00000211813,0
ENSG00000211814,0
ENSG00000211815,5
ENSG00000211816,7
ENSG00000211817,0
ENSG00000211818,7
ENSG00000211819,1
ENSG00000211820,4
ENSG00000211821,0
ENSG00000211825,0
ENSG00000211826,0
ENSG00000211827,0
ENSG00000211828,0
ENSG00000211829,112
ENSG00000211831,0
ENSG00000211832,0
ENSG00000211833,0
ENSG00000211834,0
ENSG00000211835,0
ENSG00000211836,0
ENSG00000211837,0
ENSG00000211838,0
ENSG00000211839,0
ENSG00000211840,0
ENSG00000211841,0
ENSG00000211842,0
ENSG00000211843,0
ENSG00000211844,3
ENSG00000211845,0
ENSG00000211846,0
ENSG00000211847,0
ENSG00000211848,1
ENSG00000211849,0
ENSG00000211850,0
ENSG00000211851,0
ENSG00000211854,0
ENSG00000211855,3
ENSG00000211856,0
ENSG00000211857,0
ENSG00000211858,2
ENSG00000211859,1
ENSG00000211860,0
ENSG00000211861,0
ENSG00000211862,0
ENSG00000211863,0
ENSG00000211864,1
ENSG00000211865,0
ENSG00000211866,0
ENSG00000211867,0
ENSG00000211868,0
ENSG00000211869,0
ENSG00000211870,0
ENSG00000211871,0
ENSG00000211872,0
ENSG00000211873,0
ENSG00000211875,0
ENSG00000211876,0
ENSG00000211877,0
ENSG00000211878,0
ENSG00000211879,0
ENSG00000211880,0
ENSG00000211881,0
ENSG00000211882,0
ENSG00000211883,0
ENSG00000211884,0
ENSG00000211885,0
ENSG00000211886,0
ENSG00000211887,0
ENSG00000211888,0
ENSG00000211890,2412
ENSG00000211891,1
ENSG00000211892,5926
ENSG00000211893,37316
ENSG00000211895,14836
ENSG00000211896,240959
ENSG00000211897,15961
ENSG00000211898,182
ENSG00000211899,43400
ENSG00000211900,0
ENSG00000211904,18
ENSG00000211905,2
ENSG00000211907,1
ENSG00000211909,0
ENSG00000211911,3
ENSG00000211912,0
ENSG00000211914,0
ENSG00000211915,0
ENSG00000211917,0
ENSG00000211918,0
ENSG00000211920,2
ENSG00000211921,0
ENSG00000211923,0
ENSG00000211924,0
ENSG00000211925,1
ENSG00000211928,0
ENSG00000211930,7
ENSG00000211931,1
ENSG00000211933,150
ENSG00000211934,2932
ENSG00000211935,3
ENSG00000211937,28
ENSG00000211938,61
ENSG00000211941,1813
ENSG00000211942,493
ENSG00000211943,408
ENSG00000211944,0
ENSG00000211945,2673
ENSG00000211946,10
ENSG00000211947,1503
ENSG00000211949,5205
ENSG00000211950,1355
ENSG00000211951,433
ENSG00000211952,290
ENSG00000211955,458
ENSG00000211956,2160
ENSG00000211957,3
ENSG00000211958,1
ENSG00000211959,2905
ENSG00000211961,6
ENSG00000211962,1670
ENSG00000211964,156
ENSG00000211965,85
ENSG00000211966,3756
ENSG00000211967,393
ENSG00000211968,128
ENSG00000211970,437
ENSG00000211972,99
ENSG00000211973,649
ENSG00000211974,129
ENSG00000211976,140
ENSG00000211978,12
ENSG00000211979,0
ENSG00000211983,0
ENSG00000211984,0
ENSG00000211987,0
ENSG00000211990,0
ENSG00000211991,0
ENSG00000211995,0
ENSG00000211997,0
ENSG00000212001,0
ENSG00000212007,0
ENSG00000212013,0
ENSG00000212014,0
ENSG00000212017,0
ENSG00000212022,0
ENSG00000212024,1
ENSG00000212025,0
ENSG00000212027,0
ENSG00000212030,0
ENSG00000212031,0
ENSG00000212032,0
ENSG00000212034,0
ENSG00000212036,0
ENSG00000212037,0
ENSG00000212039,0
ENSG00000212040,0
ENSG00000212044,0
ENSG00000212045,0
ENSG00000212049,0
ENSG00000212051,0
ENSG00000212054,0
ENSG00000212055,0
ENSG00000212057,0
ENSG00000212061,0
ENSG00000212063,0
ENSG00000212065,0
ENSG00000212066,0
ENSG00000212067,0
ENSG00000212070,0
ENSG00000212071,0
ENSG00000212072,0
ENSG00000212073,0
ENSG00000212075,0
ENSG00000212076,0
ENSG00000212084,0
ENSG00000212085,0
ENSG00000212086,0
ENSG00000212089,0
ENSG00000212091,0
ENSG00000212093,7
ENSG00000212094,0
ENSG00000212095,0
ENSG00000212098,0
ENSG00000212099,0
ENSG00000212100,0
ENSG00000212101,0
ENSG00000212102,0
ENSG00000212104,0
ENSG00000212111,0
ENSG00000212114,0
ENSG00000212122,0
ENSG00000212123,44
ENSG00000212124,13
ENSG00000212125,15
ENSG00000212126,1
ENSG00000212127,62
ENSG00000212128,5
ENSG00000212133,0
ENSG00000212134,0
ENSG00000212135,3
ENSG00000212136,0
ENSG00000212138,0
ENSG00000212140,0
ENSG00000212144,0
ENSG00000212145,0
ENSG00000212146,0
ENSG00000212147,0
ENSG00000212149,0
ENSG00000212153,0
ENSG00000212154,0
ENSG00000212156,0
ENSG00000212157,0
ENSG00000212158,0
ENSG00000212160,0
ENSG00000212161,0
ENSG00000212163,0
ENSG00000212165,0
ENSG00000212167,0
ENSG00000212168,0
ENSG00000212170,0
ENSG00000212171,0
ENSG00000212172,0
ENSG00000212175,1
ENSG00000212176,0
ENSG00000212181,1
ENSG00000212182,0
ENSG00000212184,0
ENSG00000212186,0
ENSG00000212187,0
ENSG00000212189,0
ENSG00000212190,0
ENSG00000212191,0
ENSG00000212195,1
ENSG00000212199,0
ENSG00000212204,0
ENSG00000212205,0
ENSG00000212206,2
ENSG00000212207,0
ENSG00000212211,6
ENSG00000212214,0
ENSG00000212215,0
ENSG00000212216,0
ENSG00000212219,0
ENSG00000212221,0
ENSG00000212224,0
ENSG00000212226,0
ENSG00000212228,0
ENSG00000212229,0
ENSG00000212230,0
ENSG00000212232,10
ENSG00000212237,44
ENSG00000212238,0
ENSG00000212240,1
ENSG00000212241,0
ENSG00000212242,5
ENSG00000212246,0
ENSG00000212247,0
ENSG00000212248,0
ENSG00000212249,0
ENSG00000212251,0
ENSG00000212254,0
ENSG00000212257,0
ENSG00000212258,0
ENSG00000212259,0
ENSG00000212260,1
ENSG00000212264,0
ENSG00000212265,0
ENSG00000212266,0
ENSG00000212269,0
ENSG00000212270,0
ENSG00000212273,0
ENSG00000212276,0
ENSG00000212278,0
ENSG00000212279,0
ENSG00000212280,0
ENSG00000212282,0
ENSG00000212283,10
ENSG00000212289,0
ENSG00000212290,0
ENSG00000212292,0
ENSG00000212293,2
ENSG00000212295,0
ENSG00000212296,2
ENSG00000212297,0
ENSG00000212298,0
ENSG00000212302,0
ENSG00000212303,0
ENSG00000212304,0
ENSG00000212305,0
ENSG00000212306,0
ENSG00000212308,0
ENSG00000212309,0
ENSG00000212312,0
ENSG00000212314,0
ENSG00000212316,0
ENSG00000212319,0
ENSG00000212321,0
ENSG00000212324,0
ENSG00000212325,0
ENSG00000212327,2
ENSG00000212329,0
ENSG00000212330,0
ENSG00000212331,0
ENSG00000212332,0
ENSG00000212333,0
ENSG00000212335,0
ENSG00000212336,0
ENSG00000212338,0
ENSG00000212340,0
ENSG00000212342,0
ENSG00000212344,0
ENSG00000212345,0
ENSG00000212347,0
ENSG00000212348,1
ENSG00000212354,0
ENSG00000212358,0
ENSG00000212359,0
ENSG00000212360,0
ENSG00000212363,0
ENSG00000212365,0
ENSG00000212366,0
ENSG00000212368,0
ENSG00000212370,0
ENSG00000212371,1
ENSG00000212373,0
ENSG00000212374,0
ENSG00000212377,0
ENSG00000212378,0
ENSG00000212379,0
ENSG00000212380,0
ENSG00000212382,0
ENSG00000212383,0
ENSG00000212384,0
ENSG00000212385,0
ENSG00000212387,0
ENSG00000212388,0
ENSG00000212389,0
ENSG00000212391,0
ENSG00000212392,0
ENSG00000212395,0
ENSG00000212396,0
ENSG00000212397,0
ENSG00000212398,1
ENSG00000212402,0
ENSG00000212404,0
ENSG00000212407,0
ENSG00000212409,0
ENSG00000212410,0
ENSG00000212411,0
ENSG00000212413,0
ENSG00000212414,0
ENSG00000212415,0
ENSG00000212418,1
ENSG00000212420,0
ENSG00000212421,0
ENSG00000212422,0
ENSG00000212424,0
ENSG00000212425,0
ENSG00000212428,0
ENSG00000212429,0
ENSG00000212432,0
ENSG00000212433,0
ENSG00000212434,0
ENSG00000212440,0
ENSG00000212441,0
ENSG00000212442,0
ENSG00000212443,5
ENSG00000212445,0
ENSG00000212446,0
ENSG00000212447,0
ENSG00000212448,0
ENSG00000212450,0
ENSG00000212451,0
ENSG00000212452,2
ENSG00000212454,0
ENSG00000212455,0
ENSG00000212457,0
ENSG00000212458,0
ENSG00000212459,0
ENSG00000212460,0
ENSG00000212461,0
ENSG00000212464,1
ENSG00000212466,0
ENSG00000212468,0
ENSG00000212469,0
ENSG00000212473,0
ENSG00000212475,0
ENSG00000212479,0
ENSG00000212482,0
ENSG00000212485,0
ENSG00000212489,0
ENSG00000212490,0
ENSG00000212493,0
ENSG00000212495,1
ENSG00000212496,0
ENSG00000212497,0
ENSG00000212498,0
ENSG00000212499,0
ENSG00000212505,0
ENSG00000212510,0
ENSG00000212511,0
ENSG00000212512,0
ENSG00000212516,0
ENSG00000212517,0
ENSG00000212518,0
ENSG00000212520,0
ENSG00000212521,0
ENSG00000212525,0
ENSG00000212526,0
ENSG00000212527,0
ENSG00000212528,0
ENSG00000212529,0
ENSG00000212532,0
ENSG00000212533,1
ENSG00000212534,0
ENSG00000212535,0
ENSG00000212536,0
ENSG00000212538,0
ENSG00000212539,0
ENSG00000212541,5
ENSG00000212542,0
ENSG00000212545,0
ENSG00000212546,0
ENSG00000212549,0
ENSG00000212550,0
ENSG00000212551,0
ENSG00000212552,0
ENSG00000212553,0
ENSG00000212555,0
ENSG00000212556,0
ENSG00000212558,0
ENSG00000212559,0
ENSG00000212560,0
ENSG00000212561,0
ENSG00000212564,0
ENSG00000212565,0
ENSG00000212567,0
ENSG00000212568,0
ENSG00000212569,0
ENSG00000212571,0
ENSG00000212572,0
ENSG00000212576,0
ENSG00000212579,0
ENSG00000212580,0
ENSG00000212581,0
ENSG00000212584,0
ENSG00000212586,0
ENSG00000212587,0
ENSG00000212588,2
ENSG00000212589,0
ENSG00000212590,0
ENSG00000212593,0
ENSG00000212594,0
ENSG00000212595,0
ENSG00000212597,0
ENSG00000212598,0
ENSG00000212599,0
ENSG00000212601,0
ENSG00000212604,0
ENSG00000212605,0
ENSG00000212607,0
ENSG00000212608,0
ENSG00000212609,0
ENSG00000212610,0
ENSG00000212611,0
ENSG00000212612,0
ENSG00000212615,0
ENSG00000212618,0
ENSG00000212620,0
ENSG00000212623,0
ENSG00000212624,0
ENSG00000212625,0
ENSG00000212626,0
ENSG00000212628,0
ENSG00000212643,4
ENSG00000212657,0
ENSG00000212658,0
ENSG00000212659,0
ENSG00000212663,9
ENSG00000212664,7
ENSG00000212694,238
ENSG00000212695,5
ENSG00000212710,0
ENSG00000212712,1
ENSG00000212717,0
ENSG00000212719,327
ENSG00000212721,0
ENSG00000212722,0
ENSG00000212724,3
ENSG00000212725,0
ENSG00000212743,6
ENSG00000212747,917
ENSG00000212766,21
ENSG00000212769,0
ENSG00000212789,30
ENSG00000212802,96
ENSG00000212807,0
ENSG00000212829,1
ENSG00000212855,0
ENSG00000212856,0
ENSG00000212864,470
ENSG00000212899,0
ENSG00000212900,0
ENSG00000212901,0
ENSG00000212907,16411
ENSG00000212916,435
ENSG00000212930,0
ENSG00000212932,3
ENSG00000212933,0
ENSG00000212935,0
ENSG00000212938,0
ENSG00000212939,0
ENSG00000212951,1
ENSG00000212952,0
ENSG00000212961,0
ENSG00000212978,302
ENSG00000212989,0
ENSG00000212993,10
ENSG00000212994,3
ENSG00000213003,2
ENSG00000213005,2
ENSG00000213013,19
ENSG00000213014,1
ENSG00000213015,729
ENSG00000213016,0
ENSG00000213018,9
ENSG00000213020,584
ENSG00000213022,0
ENSG00000213023,185
ENSG00000213024,4775
ENSG00000213025,7
ENSG00000213026,2
ENSG00000213028,5
ENSG00000213029,0
ENSG00000213030,0
ENSG00000213032,0
ENSG00000213033,1
ENSG00000213035,3
ENSG00000213036,12
ENSG00000213041,0
ENSG00000213045,4
ENSG00000213046,0
ENSG00000213047,726
ENSG00000213048,0
ENSG00000213049,0
ENSG00000213050,1
ENSG00000213051,2
ENSG00000213055,3
ENSG00000213057,25
ENSG00000213058,32
ENSG00000213060,0
ENSG00000213061,0
ENSG00000213062,45
ENSG00000213063,0
ENSG00000213064,2376
ENSG00000213065,5
ENSG00000213066,950
ENSG00000213067,0
ENSG00000213068,0
ENSG00000213069,0
ENSG00000213070,0
ENSG00000213071,49
ENSG00000213073,54
ENSG00000213075,0
ENSG00000213076,0
ENSG00000213077,27
ENSG00000213078,1
ENSG00000213079,1849
ENSG00000213080,59
ENSG00000213081,0
ENSG00000213082,1
ENSG00000213083,0
ENSG00000213085,765
ENSG00000213087,11
ENSG00000213088,916
ENSG00000213089,1
ENSG00000213090,6
ENSG00000213091,2
ENSG00000213096,1411
ENSG00000213100,1
ENSG00000213104,4
ENSG00000213107,0
ENSG00000213108,3
ENSG00000213109,2
ENSG00000213110,1
ENSG00000213111,0
ENSG00000213113,6
ENSG00000213115,0
ENSG00000213117,2
ENSG00000213118,0
ENSG00000213120,0
ENSG00000213121,0
ENSG00000213122,0
ENSG00000213123,736
ENSG00000213126,0
ENSG00000213128,1
ENSG00000213130,98
ENSG00000213131,69
ENSG00000213133,0
ENSG00000213137,1
ENSG00000213139,73
ENSG00000213140,0
ENSG00000213144,2
ENSG00000213145,2584
ENSG00000213147,0
ENSG00000213148,0
ENSG00000213149,1
ENSG00000213150,0
ENSG00000213152,4
ENSG00000213153,1
ENSG00000213155,0
ENSG00000213157,1
ENSG00000213158,0
ENSG00000213159,0
ENSG00000213160,1197
ENSG00000213167,0
ENSG00000213169,6
ENSG00000213170,0
ENSG00000213171,30
ENSG00000213172,0
ENSG00000213174,0
ENSG00000213176,0
ENSG00000213177,0
ENSG00000213178,18
ENSG00000213179,0
ENSG00000213180,0
ENSG00000213181,0
ENSG00000213182,0
ENSG00000213183,0
ENSG00000213184,0
ENSG00000213185,31
ENSG00000213186,1011
ENSG00000213187,0
ENSG00000213188,1
ENSG00000213189,113
ENSG00000213190,361
ENSG00000213194,0
ENSG00000213197,1
ENSG00000213199,99
ENSG00000213201,0
ENSG00000213203,288
ENSG00000213204,15
ENSG00000213205,3
ENSG00000213209,2
ENSG00000213210,0
ENSG00000213211,0
ENSG00000213212,6
ENSG00000213213,28
ENSG00000213214,516
ENSG00000213215,0
ENSG00000213216,2
ENSG00000213218,13
ENSG00000213221,3
ENSG00000213222,17
ENSG00000213225,10
ENSG00000213226,0
ENSG00000213228,6
ENSG00000213231,0
ENSG00000213232,0
ENSG00000213233,0
ENSG00000213234,0
ENSG00000213235,6
ENSG00000213236,12
ENSG00000213237,13
ENSG00000213238,0
ENSG00000213239,1
ENSG00000213240,0
ENSG00000213244,0
ENSG00000213246,15919
ENSG00000213247,0
ENSG00000213250,14
ENSG00000213252,1
ENSG00000213253,3
ENSG00000213260,79
ENSG00000213261,20
ENSG00000213262,0
ENSG00000213264,0
ENSG00000213265,1
ENSG00000213269,2
ENSG00000213270,0
ENSG00000213272,0
ENSG00000213275,1
ENSG00000213277,0
ENSG00000213279,6
ENSG00000213280,13
ENSG00000213281,2573
ENSG00000213285,0
ENSG00000213287,0
ENSG00000213290,11
ENSG00000213291,1
ENSG00000213293,3
ENSG00000213295,0
ENSG00000213296,2
ENSG00000213297,2
ENSG00000213300,138
ENSG00000213301,0
ENSG00000213302,0
ENSG00000213303,13
ENSG00000213304,7
ENSG00000213305,0
ENSG00000213307,0
ENSG00000213309,2
ENSG00000213310,0
ENSG00000213312,1
ENSG00000213315,15
ENSG00000213316,0
ENSG00000213318,0
ENSG00000213326,135
ENSG00000213328,0
ENSG00000213331,5
ENSG00000213332,1
ENSG00000213333,1
ENSG00000213335,0
ENSG00000213337,583
ENSG00000213338,0
ENSG00000213339,915
ENSG00000213341,1799
ENSG00000213343,0
ENSG00000213344,0
ENSG00000213347,184
ENSG00000213352,2
ENSG00000213355,0
ENSG00000213358,0
ENSG00000213361,1
ENSG00000213362,17
ENSG00000213363,7
ENSG00000213365,2
ENSG00000213366,91
ENSG00000213368,0
ENSG00000213370,0
ENSG00000213371,10
ENSG00000213373,1
ENSG00000213376,0
ENSG00000213380,2106
ENSG00000213383,0
ENSG00000213384,0
ENSG00000213385,7
ENSG00000213386,2
ENSG00000213390,1196
ENSG00000213391,3
ENSG00000213393,2
ENSG00000213394,0
ENSG00000213397,163
ENSG00000213398,278
ENSG00000213399,18
ENSG00000213400,0
ENSG00000213401,1647
ENSG00000213402,0
ENSG00000213403,0
ENSG00000213406,6
ENSG00000213409,8
ENSG00000213411,1
ENSG00000213412,0
ENSG00000213413,7
ENSG00000213414,1
ENSG00000213416,0
ENSG00000213417,0
ENSG00000213420,528
ENSG00000213421,1
ENSG00000213423,0
ENSG00000213424,1
ENSG00000213430,70
ENSG00000213431,0
ENSG00000213432,3
ENSG00000213433,38
ENSG00000213434,2
ENSG00000213435,0
ENSG00000213438,0
ENSG00000213439,0
ENSG00000213440,1
ENSG00000213442,287
ENSG00000213443,0
ENSG00000213445,3473
ENSG00000213448,0
ENSG00000213449,0
ENSG00000213450,0
ENSG00000213451,0
ENSG00000213452,0
ENSG00000213453,113
ENSG00000213455,1
ENSG00000213461,0
ENSG00000213462,7686
ENSG00000213463,2971
ENSG00000213465,2079
ENSG00000213467,5
ENSG00000213468,9
ENSG00000213470,0
ENSG00000213471,30
ENSG00000213478,18
ENSG00000213480,0
ENSG00000213483,2
ENSG00000213484,0
ENSG00000213486,0
ENSG00000213487,0
ENSG00000213488,0
ENSG00000213489,0
ENSG00000213492,13
ENSG00000213493,3
ENSG00000213495,0
ENSG00000213498,1
ENSG00000213500,0
ENSG00000213509,1
ENSG00000213512,3
ENSG00000213513,19
ENSG00000213514,12
ENSG00000213516,506
ENSG00000213519,7
ENSG00000213522,0
ENSG00000213523,1630
ENSG00000213525,1
ENSG00000213526,4
ENSG00000213527,0
ENSG00000213529,1
ENSG00000213530,0
ENSG00000213533,154
ENSG00000213536,0
ENSG00000213538,1
ENSG00000213539,6
ENSG00000213540,0
ENSG00000213542,8
ENSG00000213543,0
ENSG00000213547,0
ENSG00000213548,0
ENSG00000213549,0
ENSG00000213551,1629
ENSG00000213553,90
ENSG00000213556,0
ENSG00000213557,0
ENSG00000213558,1
ENSG00000213559,2
ENSG00000213560,0
ENSG00000213561,1
ENSG00000213563,1870
ENSG00000213568,1
ENSG00000213569,0
ENSG00000213574,1
ENSG00000213578,0
ENSG00000213579,2
ENSG00000213585,14204
ENSG00000213587,0
ENSG00000213588,3
ENSG00000213590,4
ENSG00000213592,1
ENSG00000213593,8835
ENSG00000213594,0
ENSG00000213598,8
ENSG00000213599,3
ENSG00000213600,1
ENSG00000213601,3
ENSG00000213604,0
ENSG00000213605,0
ENSG00000213606,10
ENSG00000213607,0
ENSG00000213608,0
ENSG00000213609,19
ENSG00000213612,6
ENSG00000213613,2
ENSG00000213614,4114
ENSG00000213619,3436
ENSG00000213620,1
ENSG00000213621,35
ENSG00000213625,3648
ENSG00000213626,1937
ENSG00000213630,0
ENSG00000213638,26
ENSG00000213639,15763
ENSG00000213640,58
ENSG00000213641,0
ENSG00000213642,12
ENSG00000213643,0
ENSG00000213644,0
ENSG00000213645,2
ENSG00000213648,0
ENSG00000213650,0
ENSG00000213652,0
ENSG00000213653,0
ENSG00000213654,678
ENSG00000213655,0
ENSG00000213657,10
ENSG00000213658,8
ENSG00000213659,0
ENSG00000213661,0
ENSG00000213663,0
ENSG00000213664,0
ENSG00000213667,1
ENSG00000213669,0
ENSG00000213671,1
ENSG00000213672,1829
ENSG00000213673,0
ENSG00000213676,5191
ENSG00000213683,7
ENSG00000213684,0
ENSG00000213689,0
ENSG00000213690,0
ENSG00000213693,21
ENSG00000213694,5922
ENSG00000213695,7
ENSG00000213697,0
ENSG00000213698,0
ENSG00000213699,4022
ENSG00000213700,42
ENSG00000213701,5
ENSG00000213703,0
ENSG00000213704,1
ENSG00000213706,6
ENSG00000213707,252
ENSG00000213708,0
ENSG00000213711,1
ENSG00000213713,45
ENSG00000213714,40
ENSG00000213716,0
ENSG00000213717,1
ENSG00000213719,13468
ENSG00000213721,0
ENSG00000213722,2292
ENSG00000213724,0
ENSG00000213726,0
ENSG00000213727,0
ENSG00000213729,5
ENSG00000213730,1
ENSG00000213731,3
ENSG00000213735,0
ENSG00000213736,0
ENSG00000213739,0
ENSG00000213740,3
ENSG00000213741,17556
ENSG00000213742,56
ENSG00000213744,0
ENSG00000213747,0
ENSG00000213750,1
ENSG00000213752,0
ENSG00000213753,1130
ENSG00000213754,1
ENSG00000213755,1
ENSG00000213757,35
ENSG00000213759,6382
ENSG00000213760,11
ENSG00000213761,4
ENSG00000213762,1531
ENSG00000213763,14
ENSG00000213770,13
ENSG00000213771,2
ENSG00000213772,1
ENSG00000213774,0
ENSG00000213777,5
ENSG00000213778,0
ENSG00000213779,0
ENSG00000213780,105
ENSG00000213781,0
ENSG00000213782,80
ENSG00000213783,0
ENSG00000213785,0
ENSG00000213786,0
ENSG00000213787,0
ENSG00000213790,68
ENSG00000213791,5
ENSG00000213793,33
ENSG00000213798,0
ENSG00000213799,689
ENSG00000213801,150
ENSG00000213809,14
ENSG00000213816,0
ENSG00000213820,5
ENSG00000213822,0
ENSG00000213830,10
ENSG00000213839,148
ENSG00000213842,0
ENSG00000213846,68
ENSG00000213849,0
ENSG00000213851,3
ENSG00000213853,8619
ENSG00000213854,0
ENSG00000213856,1
ENSG00000213857,3
ENSG00000213859,1051
ENSG00000213860,44
ENSG00000213862,23
ENSG00000213863,0
ENSG00000213864,2
ENSG00000213865,48
ENSG00000213866,220
ENSG00000213867,0
ENSG00000213871,0
ENSG00000213872,3
ENSG00000213873,0
ENSG00000213875,2
ENSG00000213876,5
ENSG00000213877,0
ENSG00000213880,0
ENSG00000213881,13
ENSG00000213882,0
ENSG00000213885,72
ENSG00000213886,297
ENSG00000213888,82
ENSG00000213889,33
ENSG00000213891,2
ENSG00000213892,21
ENSG00000213896,0
ENSG00000213900,0
ENSG00000213901,17
ENSG00000213903,783
ENSG00000213904,102
ENSG00000213906,143
ENSG00000213908,0
ENSG00000213911,0
ENSG00000213916,0
ENSG00000213917,0
ENSG00000213918,571
ENSG00000213920,104
ENSG00000213921,0
ENSG00000213923,6157
ENSG00000213924,0
ENSG00000213925,0
ENSG00000213926,0
ENSG00000213927,0
ENSG00000213928,512
ENSG00000213930,333
ENSG00000213931,0
ENSG00000213934,0
ENSG00000213935,2
ENSG00000213937,73
ENSG00000213938,0
ENSG00000213939,14
ENSG00000213940,0
ENSG00000213942,10
ENSG00000213943,2
ENSG00000213946,0
ENSG00000213949,1400
ENSG00000213950,11
ENSG00000213954,0
ENSG00000213956,0
ENSG00000213958,0
ENSG00000213959,0
ENSG00000213962,0
ENSG00000213963,8
ENSG00000213964,0
ENSG00000213965,1593
ENSG00000213967,530
ENSG00000213970,4
ENSG00000213971,112
ENSG00000213972,1
ENSG00000213973,117
ENSG00000213976,106
ENSG00000213977,1616
ENSG00000213979,3
ENSG00000213981,2
ENSG00000213983,2231
ENSG00000213985,6
ENSG00000213987,0
ENSG00000213988,910
ENSG00000213994,0
ENSG00000213995,3712
ENSG00000213996,18
ENSG00000213997,1
ENSG00000213999,25
ENSG00000214003,0
ENSG00000214009,0
ENSG00000214012,0
ENSG00000214013,636
ENSG00000214015,0
ENSG00000214016,7
ENSG00000214018,3
ENSG00000214019,2
ENSG00000214020,0
ENSG00000214021,200
ENSG00000214022,11813
ENSG00000214024,0
ENSG00000214025,0
ENSG00000214026,891
ENSG00000214027,1
ENSG00000214029,423
ENSG00000214031,0
ENSG00000214035,1
ENSG00000214039,0
ENSG00000214041,0
ENSG00000214042,0
ENSG00000214043,0
ENSG00000214045,0
ENSG00000214046,2404
ENSG00000214047,1
ENSG00000214049,44
ENSG00000214050,137
ENSG00000214051,0
ENSG00000214062,0
ENSG00000214063,1163
ENSG00000214064,0
ENSG00000214067,0
ENSG00000214070,0
ENSG00000214071,0
ENSG00000214073,0
ENSG00000214074,0
ENSG00000214076,10
ENSG00000214077,68
ENSG00000214078,3938
ENSG00000214081,0
ENSG00000214087,758
ENSG00000214089,0
ENSG00000214093,6
ENSG00000214097,2
ENSG00000214100,1
ENSG00000214102,4
ENSG00000214106,161
ENSG00000214107,40
ENSG00000214108,1
ENSG00000214110,5
ENSG00000214111,0
ENSG00000214113,1573
ENSG00000214114,3613
ENSG00000214121,11
ENSG00000214124,0
ENSG00000214125,1
ENSG00000214128,2
ENSG00000214132,0
ENSG00000214135,441
ENSG00000214140,21
ENSG00000214141,1
ENSG00000214142,2
ENSG00000214144,0
ENSG00000214145,46
ENSG00000214146,15
ENSG00000214147,0
ENSG00000214160,5021
ENSG00000214161,0
ENSG00000214174,1145
ENSG00000214176,584
ENSG00000214178,0
ENSG00000214182,79
ENSG00000214184,19
ENSG00000214185,3
ENSG00000214188,3
ENSG00000214189,179
ENSG00000214190,1
ENSG00000214192,10
ENSG00000214193,199
ENSG00000214194,500
ENSG00000214195,0
ENSG00000214198,18
ENSG00000214199,63
ENSG00000214200,0
ENSG00000214203,6
ENSG00000214204,0
ENSG00000214207,5
ENSG00000214210,0
ENSG00000214211,0
ENSG00000214212,51
ENSG00000214215,11
ENSG00000214216,0
ENSG00000214222,3
ENSG00000214223,31
ENSG00000214226,276
ENSG00000214237,0
ENSG00000214243,0
ENSG00000214244,1
ENSG00000214245,0
ENSG00000214248,2
ENSG00000214249,4
ENSG00000214252,2
ENSG00000214253,3892
ENSG00000214254,0
ENSG00000214255,2
ENSG00000214259,1
ENSG00000214262,0
ENSG00000214263,13
ENSG00000214264,0
ENSG00000214265,0
ENSG00000214266,0
ENSG00000214268,0
ENSG00000214269,30
ENSG00000214273,0
ENSG00000214274,406
ENSG00000214278,0
ENSG00000214279,15
ENSG00000214280,8
ENSG00000214281,0
ENSG00000214282,1
ENSG00000214283,0
ENSG00000214285,0
ENSG00000214286,0
ENSG00000214288,0
ENSG00000214289,1
ENSG00000214290,50
ENSG00000214293,514
ENSG00000214295,0
ENSG00000214297,2
ENSG00000214298,0
ENSG00000214300,559
ENSG00000214301,0
ENSG00000214305,0
ENSG00000214309,94
ENSG00000214313,613
ENSG00000214318,0
ENSG00000214319,2
ENSG00000214321,0
ENSG00000214322,1
ENSG00000214324,0
ENSG00000214326,0
ENSG00000214329,0
ENSG00000214330,0
ENSG00000214331,56
ENSG00000214335,0
ENSG00000214336,0
ENSG00000214338,1
ENSG00000214342,0
ENSG00000214344,0
ENSG00000214347,0
ENSG00000214351,1
ENSG00000214353,16
ENSG00000214354,0
ENSG00000214357,1263
ENSG00000214359,1
ENSG00000214360,0
ENSG00000214362,1
ENSG00000214366,0
ENSG00000214367,407
ENSG00000214369,2
ENSG00000214374,0
ENSG00000214376,21
ENSG00000214380,0
ENSG00000214381,0
ENSG00000214389,46
ENSG00000214391,22
ENSG00000214401,71
ENSG00000214402,3
ENSG00000214405,0
ENSG00000214407,0
ENSG00000214413,569
ENSG00000214414,0
ENSG00000214415,1
ENSG00000214417,0
ENSG00000214424,0
ENSG00000214425,157
ENSG00000214428,0
ENSG00000214429,3
ENSG00000214432,33
ENSG00000214433,6
ENSG00000214434,0
ENSG00000214435,14
ENSG00000214439,16
ENSG00000214447,0
ENSG00000214455,21
ENSG00000214456,38
ENSG00000214457,0
ENSG00000214460,2
ENSG00000214465,0
ENSG00000214484,0
ENSG00000214485,14
ENSG00000214487,0
ENSG00000214491,10
ENSG00000214510,1
ENSG00000214511,0
ENSG00000214513,36
ENSG00000214514,0
ENSG00000214517,2981
ENSG00000214518,0
ENSG00000214525,0
ENSG00000214526,0
ENSG00000214530,11461
ENSG00000214533,0
ENSG00000214534,1
ENSG00000214535,47
ENSG00000214541,7
ENSG00000214544,12
ENSG00000214546,8
ENSG00000214548,331
ENSG00000214549,1
ENSG00000214552,0
ENSG00000214553,2
ENSG00000214558,0
ENSG00000214559,3
ENSG00000214560,0
ENSG00000214561,0
ENSG00000214562,73
ENSG00000214563,0
ENSG00000214575,40
ENSG00000214578,13
ENSG00000214581,1
ENSG00000214584,0
ENSG00000214593,1
ENSG00000214595,66
ENSG00000214602,0
ENSG00000214604,2
ENSG00000214607,0
ENSG00000214612,3
ENSG00000214614,0
ENSG00000214617,203
ENSG00000214626,0
ENSG00000214628,0
ENSG00000214629,3
ENSG00000214641,0
ENSG00000214642,0
ENSG00000214643,0
ENSG00000214646,0
ENSG00000214650,1
ENSG00000214651,0
ENSG00000214652,306
ENSG00000214653,17
ENSG00000214654,309
ENSG00000214655,2105
ENSG00000214657,0
ENSG00000214659,3
ENSG00000214660,0
ENSG00000214668,0
ENSG00000214669,0
ENSG00000214671,0
ENSG00000214676,1
ENSG00000214681,0
ENSG00000214684,0
ENSG00000214686,0
ENSG00000214688,4
ENSG00000214691,1
ENSG00000214694,16
ENSG00000214695,0
ENSG00000214700,4
ENSG00000214702,0
ENSG00000214706,1358
ENSG00000214708,64
ENSG00000214711,8
ENSG00000214717,2637
ENSG00000214719,75
ENSG00000214720,0
ENSG00000214725,20
ENSG00000214727,0
ENSG00000214732,0
ENSG00000214733,8
ENSG00000214736,0
ENSG00000214743,0
ENSG00000214745,0
ENSG00000214748,2
ENSG00000214753,5621
ENSG00000214754,0
ENSG00000214756,341
ENSG00000214759,0
ENSG00000214760,0
ENSG00000214761,2
ENSG00000214765,203
ENSG00000214770,13
ENSG00000214772,84
ENSG00000214773,0
ENSG00000214776,29
ENSG00000214782,7
ENSG00000214783,90
ENSG00000214784,16
ENSG00000214787,7
ENSG00000214788,0
ENSG00000214794,0
ENSG00000214796,279
ENSG00000214797,6
ENSG00000214803,0
ENSG00000214807,0
ENSG00000214810,0
ENSG00000214812,0
ENSG00000214814,0
ENSG00000214815,0
ENSG00000214819,1
ENSG00000214820,15
ENSG00000214821,1
ENSG00000214822,0
ENSG00000214823,0
ENSG00000214825,0
ENSG00000214826,83
ENSG00000214827,52
ENSG00000214832,28
ENSG00000214835,0
ENSG00000214837,24
ENSG00000214842,7
ENSG00000214843,0
ENSG00000214846,1
ENSG00000214851,2
ENSG00000214853,0
ENSG00000214855,3
ENSG00000214856,1
ENSG00000214857,0
ENSG00000214860,0
ENSG00000214866,0
ENSG00000214867,25
ENSG00000214869,0
ENSG00000214870,12
ENSG00000214872,11
ENSG00000214875,3
ENSG00000214878,0
ENSG00000214880,0
ENSG00000214881,2
ENSG00000214883,0
ENSG00000214886,2
ENSG00000214888,0
ENSG00000214889,0
ENSG00000214890,0
ENSG00000214891,0
ENSG00000214892,4
ENSG00000214894,75
ENSG00000214896,2
ENSG00000214897,0
ENSG00000214900,165
ENSG00000214903,2
ENSG00000214904,0
ENSG00000214908,0
ENSG00000214914,4
ENSG00000214915,1
ENSG00000214917,2
ENSG00000214919,1
ENSG00000214922,27
ENSG00000214925,2
ENSG00000214929,0
ENSG00000214930,0
ENSG00000214940,0
ENSG00000214941,2381
ENSG00000214942,0
ENSG00000214943,2
ENSG00000214944,943
ENSG00000214946,52
ENSG00000214954,66
ENSG00000214955,0
ENSG00000214960,129
ENSG00000214961,13
ENSG00000214967,0
ENSG00000214970,0
ENSG00000214973,15
ENSG00000214975,61
ENSG00000214976,0
ENSG00000214978,0
ENSG00000214980,0
ENSG00000214988,0
ENSG00000214992,14
ENSG00000214998,0
ENSG00000214999,1
ENSG00000215000,0
ENSG00000215002,2
ENSG00000215003,0
ENSG00000215004,0
ENSG00000215005,1
ENSG00000215006,130
ENSG00000215007,1
ENSG00000215009,3
ENSG00000215012,1383
ENSG00000215014,29
ENSG00000215016,1
ENSG00000215018,116
ENSG00000215021,13660
ENSG00000215022,23
ENSG00000215023,90
ENSG00000215029,0
ENSG00000215030,432
ENSG00000215032,2
ENSG00000215034,0
ENSG00000215035,2
ENSG00000215037,0
ENSG00000215039,858
ENSG00000215041,991
ENSG00000215043,0
ENSG00000215045,81
ENSG00000215049,0
ENSG00000215054,0
ENSG00000215057,0
ENSG00000215063,7
ENSG00000215065,0
ENSG00000215067,73
ENSG00000215068,128
ENSG00000215070,1
ENSG00000215085,0
ENSG00000215086,2
ENSG00000215088,0
ENSG00000215089,4
ENSG00000215093,5
ENSG00000215094,0
ENSG00000215096,0
ENSG00000215097,2
ENSG00000215102,0
ENSG00000215105,446
ENSG00000215110,1
ENSG00000215112,0
ENSG00000215113,0
ENSG00000215114,969
ENSG00000215115,0
ENSG00000215117,0
ENSG00000215120,1
ENSG00000215124,0
ENSG00000215126,65
ENSG00000215127,0
ENSG00000215131,0
ENSG00000215146,546
ENSG00000215148,2
ENSG00000215149,0
ENSG00000215151,0
ENSG00000215154,78
ENSG00000215156,20
ENSG00000215158,281
ENSG00000215159,1
ENSG00000215160,6
ENSG00000215162,0
ENSG00000215165,1
ENSG00000215168,0
ENSG00000215174,5
ENSG00000215177,0
ENSG00000215179,0
ENSG00000215182,59
ENSG00000215183,0
ENSG00000215184,0
ENSG00000215186,0
ENSG00000215187,85
ENSG00000215190,93
ENSG00000215193,4176
ENSG00000215196,1
ENSG00000215197,0
ENSG00000215198,1
ENSG00000215199,4
ENSG00000215203,0
ENSG00000215206,0
ENSG00000215208,0
ENSG00000215210,10
ENSG00000215217,945
ENSG00000215218,77
ENSG00000215221,1
ENSG00000215223,4
ENSG00000215227,0
ENSG00000215231,0
ENSG00000215236,0
ENSG00000215237,9
ENSG00000215241,17
ENSG00000215244,4
ENSG00000215246,17
ENSG00000215251,1449
ENSG00000215252,251
ENSG00000215256,2726
ENSG00000215262,13
ENSG00000215263,0
ENSG00000215264,0
ENSG00000215267,0
ENSG00000215268,0
ENSG00000215269,0
ENSG00000215270,11
ENSG00000215271,3044
ENSG00000215274,0
ENSG00000215277,30
ENSG00000215278,0
ENSG00000215283,8
ENSG00000215284,1
ENSG00000215286,0
ENSG00000215288,0
ENSG00000215296,0
ENSG00000215297,0
ENSG00000215301,20128
ENSG00000215302,13
ENSG00000215304,0
ENSG00000215305,3659
ENSG00000215310,0
ENSG00000215311,0
ENSG00000215313,1
ENSG00000215317,0
ENSG00000215319,0
ENSG00000215325,2
ENSG00000215326,2
ENSG00000215333,2
ENSG00000215339,0
ENSG00000215343,0
ENSG00000215347,5
ENSG00000215349,1
ENSG00000215351,0
ENSG00000215353,0
ENSG00000215354,0
ENSG00000215356,0
ENSG00000215357,1
ENSG00000215365,0
ENSG00000215367,0
ENSG00000215368,0
ENSG00000215369,0
ENSG00000215371,0
ENSG00000215372,0
ENSG00000215373,0
ENSG00000215374,8
ENSG00000215375,297
ENSG00000215378,0
ENSG00000215380,0
ENSG00000215381,0
ENSG00000215386,216
ENSG00000215388,23
ENSG00000215397,0
ENSG00000215398,0
ENSG00000215399,0
ENSG00000215403,0
ENSG00000215409,0
ENSG00000215414,13
ENSG00000215417,31
ENSG00000215418,0
ENSG00000215421,948
ENSG00000215424,63
ENSG00000215440,858
ENSG00000215441,0
ENSG00000215444,0
ENSG00000215447,181
ENSG00000215448,0
ENSG00000215450,0
ENSG00000215452,94
ENSG00000215454,0
ENSG00000215455,0
ENSG00000215456,0
ENSG00000215457,0
ENSG00000215458,20
ENSG00000215464,4
ENSG00000215467,1
ENSG00000215472,0
ENSG00000215474,1
ENSG00000215475,5
ENSG00000215477,0
ENSG00000215478,1
ENSG00000215480,1
ENSG00000215481,13
ENSG00000215482,0
ENSG00000215483,5
ENSG00000215486,0
ENSG00000215492,4
ENSG00000215493,33
ENSG00000215498,0
ENSG00000215506,0
ENSG00000215507,0
ENSG00000215512,0
ENSG00000215515,2
ENSG00000215520,1
ENSG00000215529,20
ENSG00000215533,16
ENSG00000215537,0
ENSG00000215540,0
ENSG00000215544,1
ENSG00000215545,0
ENSG00000215546,0
ENSG00000215547,0
ENSG00000215548,117
ENSG00000215553,0
ENSG00000215559,1
ENSG00000215560,0
ENSG00000215562,0
ENSG00000215567,0
ENSG00000215568,0
ENSG00000215571,8
ENSG00000215572,0
ENSG00000215580,0
ENSG00000215583,0
ENSG00000215586,0
ENSG00000215589,0
ENSG00000215595,2
ENSG00000215601,0
ENSG00000215603,0
ENSG00000215604,0
ENSG00000215606,0
ENSG00000215612,0
ENSG00000215630,6
ENSG00000215644,6
ENSG00000215692,2
ENSG00000215695,0
ENSG00000215704,2
ENSG00000215712,740
ENSG00000215717,1427
ENSG00000215720,1
ENSG00000215734,0
ENSG00000215760,1
ENSG00000215765,0
ENSG00000215769,170
ENSG00000215771,9
ENSG00000215784,8
ENSG00000215785,2
ENSG00000215788,126
ENSG00000215790,14
ENSG00000215795,36
ENSG00000215796,1
ENSG00000215800,0
ENSG00000215802,0
ENSG00000215805,0
ENSG00000215807,2
ENSG00000215808,5
ENSG00000215811,13
ENSG00000215812,7
ENSG00000215817,2
ENSG00000215819,0
ENSG00000215833,0
ENSG00000215834,1
ENSG00000215835,21
ENSG00000215837,0
ENSG00000215838,1
ENSG00000215840,1
ENSG00000215841,6
ENSG00000215845,2115
ENSG00000215846,0
ENSG00000215853,0
ENSG00000215859,17
ENSG00000215861,48
ENSG00000215864,0
ENSG00000215866,0
ENSG00000215867,0
ENSG00000215869,9
ENSG00000215871,0
ENSG00000215873,0
ENSG00000215874,0
ENSG00000215875,0
ENSG00000215878,1
ENSG00000215881,1
ENSG00000215883,262
ENSG00000215887,0
ENSG00000215893,0
ENSG00000215895,26
ENSG00000215899,4
ENSG00000215900,0
ENSG00000215905,0
ENSG00000215906,0
ENSG00000215908,716
ENSG00000215909,0
ENSG00000215910,2
ENSG00000215912,8
ENSG00000215914,0
ENSG00000215915,117
ENSG00000215922,0
ENSG00000215923,0
ENSG00000215925,0
ENSG00000215930,0
ENSG00000215934,0
ENSG00000215938,0
ENSG00000215939,0
ENSG00000215943,0
ENSG00000215945,0
ENSG00000215946,0
ENSG00000215948,0
ENSG00000215952,0
ENSG00000215953,0
ENSG00000215954,0
ENSG00000215957,0
ENSG00000215960,0
ENSG00000215961,0
ENSG00000215966,0
ENSG00000215968,0
ENSG00000215972,6
ENSG00000215973,0
ENSG00000215976,0
ENSG00000215983,0
ENSG00000215984,0
ENSG00000215991,0
ENSG00000215993,0
ENSG00000215996,0
ENSG00000215998,0
ENSG00000215999,0
ENSG00000216001,0
ENSG00000216005,0
ENSG00000216009,0
ENSG00000216011,0
ENSG00000216014,0
ENSG00000216015,0
ENSG00000216017,0
ENSG00000216020,0
ENSG00000216022,0
ENSG00000216027,0
ENSG00000216031,0
ENSG00000216035,0
ENSG00000216037,0
ENSG00000216042,0
ENSG00000216045,0
ENSG00000216047,0
ENSG00000216054,0
ENSG00000216055,0
ENSG00000216056,0
ENSG00000216058,0
ENSG00000216060,0
ENSG00000216064,0
ENSG00000216067,0
ENSG00000216069,0
ENSG00000216070,0
ENSG00000216072,0
ENSG00000216073,0
ENSG00000216075,0
ENSG00000216077,1
ENSG00000216081,0
ENSG00000216083,0
ENSG00000216084,0
ENSG00000216085,0
ENSG00000216088,0
ENSG00000216090,0
ENSG00000216097,0
ENSG00000216098,0
ENSG00000216099,0
ENSG00000216100,0
ENSG00000216101,0
ENSG00000216102,0
ENSG00000216105,0
ENSG00000216109,1
ENSG00000216114,0
ENSG00000216116,0
ENSG00000216123,0
ENSG00000216125,0
ENSG00000216131,0
ENSG00000216133,0
ENSG00000216135,0
ENSG00000216136,1
ENSG00000216141,0
ENSG00000216154,0
ENSG00000216157,0
ENSG00000216162,0
ENSG00000216166,0
ENSG00000216168,1
ENSG00000216169,0
ENSG00000216171,0
ENSG00000216179,0
ENSG00000216181,0
ENSG00000216182,2
ENSG00000216184,0
ENSG00000216191,0
ENSG00000216192,0
ENSG00000216195,0
ENSG00000216205,0
ENSG00000216206,0
ENSG00000216265,0
ENSG00000216285,6
ENSG00000216306,0
ENSG00000216307,0
ENSG00000216316,2
ENSG00000216324,0
ENSG00000216331,33
ENSG00000216347,1
ENSG00000216352,0
ENSG00000216359,0
ENSG00000216360,0
ENSG00000216364,0
ENSG00000216365,0
ENSG00000216368,1
ENSG00000216378,0
ENSG00000216412,1
ENSG00000216425,0
ENSG00000216436,0
ENSG00000216439,0
ENSG00000216444,0
ENSG00000216471,0
ENSG00000216475,0
ENSG00000216480,1
ENSG00000216490,42
ENSG00000216516,0
ENSG00000216518,0
ENSG00000216519,0
ENSG00000216523,0
ENSG00000216548,0
ENSG00000216560,0
ENSG00000216588,1
ENSG00000216613,0
ENSG00000216616,0
ENSG00000216621,1
ENSG00000216624,1
ENSG00000216629,0
ENSG00000216636,0
ENSG00000216639,0
ENSG00000216642,0
ENSG00000216649,0
ENSG00000216657,3
ENSG00000216663,0
ENSG00000216671,0
ENSG00000216676,0
ENSG00000216687,0
ENSG00000216708,0
ENSG00000216710,0
ENSG00000216713,0
ENSG00000216718,0
ENSG00000216721,0
ENSG00000216723,0
ENSG00000216740,0
ENSG00000216753,0
ENSG00000216754,0
ENSG00000216762,0
ENSG00000216775,191
ENSG00000216777,0
ENSG00000216781,0
ENSG00000216802,0
ENSG00000216809,0
ENSG00000216811,0
ENSG00000216813,0
ENSG00000216817,0
ENSG00000216819,1
ENSG00000216824,0
ENSG00000216829,0
ENSG00000216835,0
ENSG00000216844,0
ENSG00000216853,0
ENSG00000216854,0
ENSG00000216859,0
ENSG00000216863,2
ENSG00000216866,13
ENSG00000216867,1
ENSG00000216895,114
ENSG00000216901,0
ENSG00000216902,0
ENSG00000216904,0
ENSG00000216906,20
ENSG00000216913,0
ENSG00000216915,4
ENSG00000216917,0
ENSG00000216921,1125
ENSG00000216937,44
ENSG00000216938,0
ENSG00000216966,0
ENSG00000216977,6
ENSG00000216990,4
ENSG00000216998,0
ENSG00000217004,0
ENSG00000217026,1
ENSG00000217027,2
ENSG00000217030,1
ENSG00000217041,0
ENSG00000217044,0
ENSG00000217060,0
ENSG00000217067,0
ENSG00000217078,7
ENSG00000217083,2
ENSG00000217085,0
ENSG00000217089,0
ENSG00000217094,4
ENSG00000217120,0
ENSG00000217128,1566
ENSG00000217130,2
ENSG00000217135,0
ENSG00000217139,0
ENSG00000217159,0
ENSG00000217160,0
ENSG00000217165,207
ENSG00000217169,0
ENSG00000217178,0
ENSG00000217179,0
ENSG00000217181,0
ENSG00000217195,0
ENSG00000217227,0
ENSG00000217228,0
ENSG00000217231,0
ENSG00000217236,2
ENSG00000217239,1
ENSG00000217241,1
ENSG00000217258,4
ENSG00000217261,2
ENSG00000217268,0
ENSG00000217272,0
ENSG00000217275,113
ENSG00000217289,7
ENSG00000217314,0
ENSG00000217315,0
ENSG00000217325,37
ENSG00000217327,0
ENSG00000217330,0
ENSG00000217331,0
ENSG00000217334,0
ENSG00000217372,0
ENSG00000217377,0
ENSG00000217379,0
ENSG00000217385,0
ENSG00000217404,0
ENSG00000217408,0
ENSG00000217414,2
ENSG00000217416,2
ENSG00000217442,42
ENSG00000217447,0
ENSG00000217455,1
ENSG00000217477,0
ENSG00000217482,1
ENSG00000217483,0
ENSG00000217488,0
ENSG00000217495,0
ENSG00000217512,1
ENSG00000217514,0
ENSG00000217527,0
ENSG00000217539,1
ENSG00000217555,1825
ENSG00000217557,1
ENSG00000217566,0
ENSG00000217576,0
ENSG00000217585,0
ENSG00000217612,0
ENSG00000217624,37
ENSG00000217631,0
ENSG00000217643,4
ENSG00000217644,1
ENSG00000217646,3
ENSG00000217648,262
ENSG00000217653,0
ENSG00000217680,0
ENSG00000217684,0
ENSG00000217686,0
ENSG00000217702,701
ENSG00000217707,0
ENSG00000217716,27
ENSG00000217718,0
ENSG00000217733,2
ENSG00000217746,0
ENSG00000217767,1
ENSG00000217769,0
ENSG00000217770,0
ENSG00000217776,1
ENSG00000217783,0
ENSG00000217786,1
ENSG00000217791,1
ENSG00000217801,239
ENSG00000217805,0
ENSG00000217809,0
ENSG00000217811,0
ENSG00000217824,1
ENSG00000217825,2
ENSG00000217835,4
ENSG00000217862,4
ENSG00000217874,0
ENSG00000217878,0
ENSG00000217889,1
ENSG00000217896,0
ENSG00000217897,0
ENSG00000217929,0
ENSG00000217930,241
ENSG00000217950,2
ENSG00000218014,17
ENSG00000218016,0
ENSG00000218018,30
ENSG00000218020,0
ENSG00000218027,3
ENSG00000218029,0
ENSG00000218048,45
ENSG00000218049,0
ENSG00000218052,7
ENSG00000218069,0
ENSG00000218073,8
ENSG00000218089,0
ENSG00000218107,0
ENSG00000218109,0
ENSG00000218125,0
ENSG00000218143,0
ENSG00000218153,0
ENSG00000218173,0
ENSG00000218175,119
ENSG00000218180,0
ENSG00000218186,0
ENSG00000218187,0
ENSG00000218189,0
ENSG00000218194,0
ENSG00000218198,0
ENSG00000218208,5
ENSG00000218213,0
ENSG00000218226,41
ENSG00000218227,204
ENSG00000218233,2
ENSG00000218261,0
ENSG00000218265,2
ENSG00000218274,1
ENSG00000218281,5
ENSG00000218283,271
ENSG00000218300,0
ENSG00000218305,1
ENSG00000218313,0
ENSG00000218336,107
ENSG00000218337,0
ENSG00000218347,1
ENSG00000218350,0
ENSG00000218351,0
ENSG00000218357,0
ENSG00000218358,38
ENSG00000218359,1
ENSG00000218363,0
ENSG00000218410,0
ENSG00000218416,574
ENSG00000218418,26
ENSG00000218424,0
ENSG00000218426,86
ENSG00000218428,0
ENSG00000218454,0
ENSG00000218459,0
ENSG00000218472,0
ENSG00000218475,0
ENSG00000218476,0
ENSG00000218483,0
ENSG00000218490,0
ENSG00000218499,0
ENSG00000218502,3
ENSG00000218510,1266
ENSG00000218512,0
ENSG00000218520,0
ENSG00000218521,0
ENSG00000218536,0
ENSG00000218537,35
ENSG00000218549,0
ENSG00000218561,0
ENSG00000218565,13
ENSG00000218574,0
ENSG00000218577,0
ENSG00000218582,5
ENSG00000218586,11
ENSG00000218596,0
ENSG00000218617,6
ENSG00000218631,2
ENSG00000218632,6
ENSG00000218643,0
ENSG00000218672,2
ENSG00000218676,2
ENSG00000218682,2
ENSG00000218689,0
ENSG00000218690,4
ENSG00000218698,0
ENSG00000218713,11
ENSG00000218716,0
ENSG00000218725,0
ENSG00000218728,0
ENSG00000218730,0
ENSG00000218732,0
ENSG00000218739,2022
ENSG00000218748,1
ENSG00000218749,0
ENSG00000218754,0
ENSG00000218757,0
ENSG00000218766,0
ENSG00000218772,0
ENSG00000218776,0
ENSG00000218792,0
ENSG00000218793,0
ENSG00000218803,0
ENSG00000218806,0
ENSG00000218809,0
ENSG00000218813,0
ENSG00000218819,0
ENSG00000218823,0
ENSG00000218834,0
ENSG00000218839,0
ENSG00000218857,0
ENSG00000218868,0
ENSG00000218870,0
ENSG00000218872,0
ENSG00000218890,2
ENSG00000218891,482
ENSG00000218893,0
ENSG00000218896,0
ENSG00000218902,2
ENSG00000218965,1
ENSG00000218976,3
ENSG00000218980,16
ENSG00000218986,0
ENSG00000218991,0
ENSG00000218996,0
ENSG00000219023,6
ENSG00000219027,5
ENSG00000219039,0
ENSG00000219061,0
ENSG00000219073,0
ENSG00000219074,0
ENSG00000219085,3
ENSG00000219087,0
ENSG00000219088,1
ENSG00000219095,0
ENSG00000219102,17
ENSG00000219133,4
ENSG00000219135,7
ENSG00000219139,0
ENSG00000219146,7
ENSG00000219149,1
ENSG00000219150,3
ENSG00000219159,2
ENSG00000219163,4
ENSG00000219186,0
ENSG00000219188,0
ENSG00000219190,0
ENSG00000219200,216
ENSG00000219201,22
ENSG00000219222,2
ENSG00000219240,0
ENSG00000219249,0
ENSG00000219253,0
ENSG00000219257,1
ENSG00000219262,0
ENSG00000219273,0
ENSG00000219274,0
ENSG00000219280,0
ENSG00000219284,0
ENSG00000219294,0
ENSG00000219297,0
ENSG00000219298,0
ENSG00000219302,0
ENSG00000219314,0
ENSG00000219329,2
ENSG00000219355,2
ENSG00000219361,0
ENSG00000219368,0
ENSG00000219375,0
ENSG00000219384,1
ENSG00000219387,0
ENSG00000219391,0
ENSG00000219392,0
ENSG00000219395,5
ENSG00000219404,1
ENSG00000219409,1
ENSG00000219410,10
ENSG00000219430,0
ENSG00000219433,4
ENSG00000219435,3
ENSG00000219438,146
ENSG00000219445,0
ENSG00000219448,2
ENSG00000219451,31
ENSG00000219453,0
ENSG00000219463,1
ENSG00000219470,37
ENSG00000219481,1531
ENSG00000219487,1
ENSG00000219491,0
ENSG00000219492,0
ENSG00000219500,0
ENSG00000219507,106
ENSG00000219529,12
ENSG00000219532,0
ENSG00000219545,1252
ENSG00000219547,0
ENSG00000219549,0
ENSG00000219553,1
ENSG00000219559,0
ENSG00000219565,1
ENSG00000219575,0
ENSG00000219582,0
ENSG00000219592,0
ENSG00000219604,0
ENSG00000219607,48
ENSG00000219608,0
ENSG00000219619,0
ENSG00000219622,0
ENSG00000219626,137
ENSG00000219627,0
ENSG00000219642,6
ENSG00000219653,0
ENSG00000219665,137
ENSG00000219666,0
ENSG00000219669,0
ENSG00000219681,0
ENSG00000219682,6
ENSG00000219693,1
ENSG00000219699,1
ENSG00000219700,0
ENSG00000219702,0
ENSG00000219703,0
ENSG00000219712,0
ENSG00000219722,0
ENSG00000219736,0
ENSG00000219738,0
ENSG00000219747,2
ENSG00000219755,43
ENSG00000219757,0
ENSG00000219758,0
ENSG00000219770,0
ENSG00000219773,0
ENSG00000219776,1
ENSG00000219784,0
ENSG00000219790,1
ENSG00000219797,27
ENSG00000219806,0
ENSG00000219807,0
ENSG00000219814,0
ENSG00000219863,0
ENSG00000219867,0
ENSG00000219870,0
ENSG00000219881,0
ENSG00000219891,65
ENSG00000219902,1
ENSG00000219926,0
ENSG00000219928,32
ENSG00000219930,0
ENSG00000219932,6
ENSG00000219940,0
ENSG00000219941,0
ENSG00000219951,0
ENSG00000219986,1
ENSG00000219992,1
ENSG00000219993,0
ENSG00000220008,6
ENSG00000220030,0
ENSG00000220069,0
ENSG00000220076,0
ENSG00000220091,0
ENSG00000220105,0
ENSG00000220110,0
ENSG00000220113,0
ENSG00000220125,0
ENSG00000220130,0
ENSG00000220131,0
ENSG00000220132,0
ENSG00000220139,0
ENSG00000220154,0
ENSG00000220157,12
ENSG00000220161,3
ENSG00000220181,0
ENSG00000220184,0
ENSG00000220201,44
ENSG00000220204,0
ENSG00000220205,1835
ENSG00000220212,0
ENSG00000220237,2
ENSG00000220240,0
ENSG00000220248,0
ENSG00000220256,2
ENSG00000220267,1
ENSG00000220291,0
ENSG00000220305,3
ENSG00000220311,0
ENSG00000220323,15
ENSG00000220326,0
ENSG00000220340,0
ENSG00000220343,0
ENSG00000220347,0
ENSG00000220349,0
ENSG00000220370,2
ENSG00000220377,1
ENSG00000220378,0
ENSG00000220392,0
ENSG00000220412,1
ENSG00000220418,0
ENSG00000220446,0
ENSG00000220447,0
ENSG00000220472,9
ENSG00000220483,1
ENSG00000220494,1
ENSG00000220505,0
ENSG00000220506,0
ENSG00000220514,0
ENSG00000220515,0
ENSG00000220517,29
ENSG00000220522,0
ENSG00000220537,0
ENSG00000220540,0
ENSG00000220541,3
ENSG00000220548,1
ENSG00000220553,0
ENSG00000220556,0
ENSG00000220557,1
ENSG00000220563,19
ENSG00000220575,0
ENSG00000220581,1
ENSG00000220583,11
ENSG00000220585,0
ENSG00000220586,1
ENSG00000220598,0
ENSG00000220600,0
ENSG00000220614,0
ENSG00000220635,0
ENSG00000220643,0
ENSG00000220660,1
ENSG00000220666,0
ENSG00000220685,8
ENSG00000220694,0
ENSG00000220695,0
ENSG00000220702,0
ENSG00000220721,0
ENSG00000220725,0
ENSG00000220730,0
ENSG00000220733,0
ENSG00000220734,0
ENSG00000220739,0
ENSG00000220744,3
ENSG00000220745,0
ENSG00000220748,0
ENSG00000220749,56
ENSG00000220758,0
ENSG00000220771,5
ENSG00000220773,0
ENSG00000220785,109
ENSG00000220793,6
ENSG00000220804,178
ENSG00000220831,0
ENSG00000220842,34
ENSG00000220848,128
ENSG00000220867,1
ENSG00000220868,0
ENSG00000220871,0
ENSG00000220875,19
ENSG00000220884,5
ENSG00000220891,1
ENSG00000220908,0
ENSG00000220913,0
ENSG00000220918,0
ENSG00000220920,0
ENSG00000220924,0
ENSG00000220925,2
ENSG00000220937,0
ENSG00000220948,0
ENSG00000220949,0
ENSG00000220960,1
ENSG00000220981,0
ENSG00000220982,0
ENSG00000220984,0
ENSG00000220986,0
ENSG00000220987,0
ENSG00000220988,0
ENSG00000220989,0
ENSG00000220990,0
ENSG00000220992,0
ENSG00000220993,0
ENSG00000220996,0
ENSG00000220997,0
ENSG00000220999,0
ENSG00000221000,0
ENSG00000221002,0
ENSG00000221003,0
ENSG00000221005,0
ENSG00000221007,0
ENSG00000221008,0
ENSG00000221010,0
ENSG00000221015,0
ENSG00000221016,0
ENSG00000221017,0
ENSG00000221018,0
ENSG00000221019,0
ENSG00000221020,0
ENSG00000221021,0
ENSG00000221023,0
ENSG00000221025,0
ENSG00000221026,0
ENSG00000221028,0
ENSG00000221029,0
ENSG00000221030,0
ENSG00000221031,0
ENSG00000221032,0
ENSG00000221033,0
ENSG00000221036,0
ENSG00000221038,0
ENSG00000221039,0
ENSG00000221040,0
ENSG00000221041,0
ENSG00000221042,0
ENSG00000221043,0
ENSG00000221044,0
ENSG00000221046,1
ENSG00000221048,0
ENSG00000221050,0
ENSG00000221051,2
ENSG00000221052,0
ENSG00000221053,0
ENSG00000221055,1
ENSG00000221058,1
ENSG00000221059,0
ENSG00000221060,0
ENSG00000221062,0
ENSG00000221063,0
ENSG00000221065,0
ENSG00000221066,1
ENSG00000221069,1
ENSG00000221070,0
ENSG00000221072,0
ENSG00000221073,0
ENSG00000221074,0
ENSG00000221075,0
ENSG00000221077,0
ENSG00000221079,0
ENSG00000221081,0
ENSG00000221082,0
ENSG00000221083,0
ENSG00000221084,0
ENSG00000221085,0
ENSG00000221087,0
ENSG00000221091,1
ENSG00000221093,0
ENSG00000221094,0
ENSG00000221095,0
ENSG00000221100,0
ENSG00000221102,2
ENSG00000221104,0
ENSG00000221105,0
ENSG00000221108,0
ENSG00000221110,0
ENSG00000221111,0
ENSG00000221112,0
ENSG00000221113,0
ENSG00000221114,0
ENSG00000221116,0
ENSG00000221118,0
ENSG00000221120,0
ENSG00000221121,0
ENSG00000221123,0
ENSG00000221125,0
ENSG00000221126,0
ENSG00000221128,0
ENSG00000221130,0
ENSG00000221131,0
ENSG00000221132,0
ENSG00000221134,0
ENSG00000221135,0
ENSG00000221137,0
ENSG00000221139,0
ENSG00000221141,0
ENSG00000221142,0
ENSG00000221148,0
ENSG00000221156,0
ENSG00000221157,0
ENSG00000221160,0
ENSG00000221163,0
ENSG00000221164,5
ENSG00000221165,0
ENSG00000221169,0
ENSG00000221170,0
ENSG00000221172,0
ENSG00000221173,0
ENSG00000221174,2
ENSG00000221175,0
ENSG00000221176,0
ENSG00000221178,0
ENSG00000221179,0
ENSG00000221183,0
ENSG00000221184,1
ENSG00000221185,0
ENSG00000221186,0
ENSG00000221187,0
ENSG00000221189,0
ENSG00000221190,0
ENSG00000221192,0
ENSG00000221198,0
ENSG00000221199,0
ENSG00000221200,0
ENSG00000221201,0
ENSG00000221203,0
ENSG00000221204,0
ENSG00000221206,0
ENSG00000221210,0
ENSG00000221211,1
ENSG00000221214,0
ENSG00000221216,2
ENSG00000221217,0
ENSG00000221220,0
ENSG00000221221,0
ENSG00000221222,0
ENSG00000221225,0
ENSG00000221227,0
ENSG00000221230,0
ENSG00000221232,0
ENSG00000221233,0
ENSG00000221234,0
ENSG00000221235,0
ENSG00000221236,0
ENSG00000221237,0
ENSG00000221238,0
ENSG00000221240,0
ENSG00000221241,1
ENSG00000221245,0
ENSG00000221246,1
ENSG00000221247,0
ENSG00000221249,0
ENSG00000221250,0
ENSG00000221251,0
ENSG00000221254,0
ENSG00000221255,0
ENSG00000221257,0
ENSG00000221258,0
ENSG00000221259,0
ENSG00000221260,0
ENSG00000221261,0
ENSG00000221262,0
ENSG00000221263,0
ENSG00000221264,0
ENSG00000221265,0
ENSG00000221266,0
ENSG00000221267,0
ENSG00000221269,0
ENSG00000221272,0
ENSG00000221273,0
ENSG00000221275,0
ENSG00000221278,0
ENSG00000221280,0
ENSG00000221286,0
ENSG00000221287,0
ENSG00000221288,0
ENSG00000221289,0
ENSG00000221290,0
ENSG00000221291,0
ENSG00000221293,0
ENSG00000221294,0
ENSG00000221296,0
ENSG00000221297,0
ENSG00000221299,0
ENSG00000221300,0
ENSG00000221301,0
ENSG00000221302,0
ENSG00000221303,0
ENSG00000221304,0
ENSG00000221305,0
ENSG00000221309,0
ENSG00000221310,0
ENSG00000221312,0
ENSG00000221313,0
ENSG00000221314,0
ENSG00000221316,0
ENSG00000221317,0
ENSG00000221318,0
ENSG00000221319,0
ENSG00000221320,0
ENSG00000221321,0
ENSG00000221322,0
ENSG00000221323,0
ENSG00000221324,0
ENSG00000221325,0
ENSG00000221326,0
ENSG00000221328,0
ENSG00000221330,0
ENSG00000221331,0
ENSG00000221332,0
ENSG00000221333,0
ENSG00000221334,0
ENSG00000221335,0
ENSG00000221336,0
ENSG00000221337,0
ENSG00000221338,5
ENSG00000221340,3
ENSG00000221344,0
ENSG00000221345,0
ENSG00000221346,0
ENSG00000221347,0
ENSG00000221348,0
ENSG00000221351,0
ENSG00000221352,0
ENSG00000221354,0
ENSG00000221355,0
ENSG00000221356,0
ENSG00000221357,0
ENSG00000221358,0
ENSG00000221359,0
ENSG00000221362,0
ENSG00000221363,0
ENSG00000221365,0
ENSG00000221366,0
ENSG00000221369,0
ENSG00000221371,0
ENSG00000221372,0
ENSG00000221373,0
ENSG00000221374,0
ENSG00000221375,0
ENSG00000221376,0
ENSG00000221377,0
ENSG00000221378,0
ENSG00000221379,0
ENSG00000221380,0
ENSG00000221381,0
ENSG00000221382,0
ENSG00000221383,0
ENSG00000221384,0
ENSG00000221385,33
ENSG00000221386,0
ENSG00000221387,0
ENSG00000221388,0
ENSG00000221389,0
ENSG00000221390,0
ENSG00000221392,0
ENSG00000221393,0
ENSG00000221394,0
ENSG00000221395,0
ENSG00000221398,0
ENSG00000221400,0
ENSG00000221401,0
ENSG00000221402,0
ENSG00000221403,0
ENSG00000221405,0
ENSG00000221406,12
ENSG00000221407,0
ENSG00000221409,0
ENSG00000221410,0
ENSG00000221411,0
ENSG00000221412,0
ENSG00000221413,3
ENSG00000221415,0
ENSG00000221416,0
ENSG00000221417,0
ENSG00000221418,0
ENSG00000221419,0
ENSG00000221420,0
ENSG00000221421,0
ENSG00000221424,1
ENSG00000221425,0
ENSG00000221427,0
ENSG00000221428,0
ENSG00000221429,0
ENSG00000221430,0
ENSG00000221431,0
ENSG00000221432,0
ENSG00000221436,0
ENSG00000221437,0
ENSG00000221438,0
ENSG00000221439,2
ENSG00000221440,0
ENSG00000221442,0
ENSG00000221443,0
ENSG00000221444,0
ENSG00000221445,0
ENSG00000221446,0
ENSG00000221447,0
ENSG00000221448,0
ENSG00000221449,0
ENSG00000221450,0
ENSG00000221451,0
ENSG00000221454,0
ENSG00000221455,2
ENSG00000221456,0
ENSG00000221457,0
ENSG00000221458,0
ENSG00000221459,0
ENSG00000221461,0
ENSG00000221463,0
ENSG00000221464,0
ENSG00000221466,0
ENSG00000221467,0
ENSG00000221468,0
ENSG00000221469,0
ENSG00000221470,0
ENSG00000221471,0
ENSG00000221473,0
ENSG00000221474,0
ENSG00000221475,0
ENSG00000221476,0
ENSG00000221477,0
ENSG00000221479,0
ENSG00000221486,0
ENSG00000221487,1
ENSG00000221488,0
ENSG00000221489,0
ENSG00000221491,1
ENSG00000221492,0
ENSG00000221493,0
ENSG00000221494,0
ENSG00000221495,0
ENSG00000221496,0
ENSG00000221497,0
ENSG00000221498,0
ENSG00000221499,0
ENSG00000221500,9
ENSG00000221502,0
ENSG00000221504,0
ENSG00000221505,0
ENSG00000221506,0
ENSG00000221507,0
ENSG00000221510,0
ENSG00000221511,0
ENSG00000221514,0
ENSG00000221515,0
ENSG00000221516,0
ENSG00000221518,3
ENSG00000221519,0
ENSG00000221520,1
ENSG00000221521,0
ENSG00000221523,0
ENSG00000221524,0
ENSG00000221525,0
ENSG00000221526,0
ENSG00000221527,0
ENSG00000221528,0
ENSG00000221530,0
ENSG00000221531,0
ENSG00000221533,0
ENSG00000221534,0
ENSG00000221535,0
ENSG00000221536,0
ENSG00000221537,0
ENSG00000221539,23
ENSG00000221540,0
ENSG00000221541,0
ENSG00000221542,0
ENSG00000221545,0
ENSG00000221547,0
ENSG00000221548,0
ENSG00000221550,0
ENSG00000221551,0
ENSG00000221552,0
ENSG00000221553,1
ENSG00000221555,1
ENSG00000221556,0
ENSG00000221558,0
ENSG00000221559,0
ENSG00000221560,0
ENSG00000221562,0
ENSG00000221563,0
ENSG00000221564,0
ENSG00000221565,0
ENSG00000221566,0
ENSG00000221567,0
ENSG00000221568,0
ENSG00000221571,8
ENSG00000221573,0
ENSG00000221574,0
ENSG00000221576,0
ENSG00000221578,0
ENSG00000221579,0
ENSG00000221581,0
ENSG00000221583,0
ENSG00000221585,0
ENSG00000221586,0
ENSG00000221589,0
ENSG00000221590,0
ENSG00000221591,0
ENSG00000221593,0
ENSG00000221594,0
ENSG00000221595,0
ENSG00000221598,0
ENSG00000221599,0
ENSG00000221601,0
ENSG00000221602,0
ENSG00000221603,0
ENSG00000221604,0
ENSG00000221606,0
ENSG00000221607,1
ENSG00000221608,0
ENSG00000221610,0
ENSG00000221611,2
ENSG00000221612,0
ENSG00000221613,0
ENSG00000221614,0
ENSG00000221615,0
ENSG00000221616,0
ENSG00000221617,0
ENSG00000221618,0
ENSG00000221619,0
ENSG00000221621,0
ENSG00000221623,0
ENSG00000221628,0
ENSG00000221629,1
ENSG00000221630,0
ENSG00000221631,0
ENSG00000221633,0
ENSG00000221634,0
ENSG00000221635,0
ENSG00000221637,0
ENSG00000221638,0
ENSG00000221639,0
ENSG00000221641,0
ENSG00000221643,0
ENSG00000221644,0
ENSG00000221649,0
ENSG00000221650,0
ENSG00000221653,0
ENSG00000221654,0
ENSG00000221655,0
ENSG00000221656,0
ENSG00000221657,0
ENSG00000221659,0
ENSG00000221662,0
ENSG00000221664,0
ENSG00000221665,0
ENSG00000221667,0
ENSG00000221669,0
ENSG00000221670,0
ENSG00000221673,0
ENSG00000221676,1
ENSG00000221677,0
ENSG00000221679,0
ENSG00000221680,0
ENSG00000221683,0
ENSG00000221685,0
ENSG00000221686,0
ENSG00000221690,0
ENSG00000221691,0
ENSG00000221693,0
ENSG00000221695,0
ENSG00000221696,0
ENSG00000221697,0
ENSG00000221698,0
ENSG00000221699,0
ENSG00000221701,0
ENSG00000221702,0
ENSG00000221703,0
ENSG00000221704,0
ENSG00000221705,0
ENSG00000221706,0
ENSG00000221707,0
ENSG00000221708,0
ENSG00000221710,0
ENSG00000221711,0
ENSG00000221716,19
ENSG00000221717,0
ENSG00000221719,0
ENSG00000221720,0
ENSG00000221721,0
ENSG00000221723,0
ENSG00000221724,0
ENSG00000221725,0
ENSG00000221726,0
ENSG00000221729,0
ENSG00000221730,0
ENSG00000221731,0
ENSG00000221732,0
ENSG00000221733,0
ENSG00000221736,0
ENSG00000221737,0
ENSG00000221739,0
ENSG00000221740,2
ENSG00000221741,0
ENSG00000221745,0
ENSG00000221746,0
ENSG00000221747,0
ENSG00000221749,0
ENSG00000221750,0
ENSG00000221751,0
ENSG00000221753,0
ENSG00000221754,0
ENSG00000221756,0
ENSG00000221760,0
ENSG00000221762,0
ENSG00000221763,0
ENSG00000221764,0
ENSG00000221766,0
ENSG00000221767,0
ENSG00000221768,0
ENSG00000221770,0
ENSG00000221771,0
ENSG00000221772,0
ENSG00000221774,0
ENSG00000221777,0
ENSG00000221778,0
ENSG00000221781,0
ENSG00000221782,0
ENSG00000221783,0
ENSG00000221785,0
ENSG00000221786,0
ENSG00000221788,0
ENSG00000221789,0
ENSG00000221790,0
ENSG00000221792,0
ENSG00000221793,0
ENSG00000221795,2
ENSG00000221796,0
ENSG00000221798,0
ENSG00000221799,0
ENSG00000221801,0
ENSG00000221803,0
ENSG00000221804,0
ENSG00000221806,0
ENSG00000221807,0
ENSG00000221808,0
ENSG00000221809,0
ENSG00000221813,0
ENSG00000221817,159
ENSG00000221818,68
ENSG00000221819,2
ENSG00000221821,395
ENSG00000221823,4219
ENSG00000221826,0
ENSG00000221829,2845
ENSG00000221836,0
ENSG00000221837,0
ENSG00000221838,2023
ENSG00000221840,0
ENSG00000221843,83
ENSG00000221844,0
ENSG00000221845,0
ENSG00000221849,0
ENSG00000221852,0
ENSG00000221855,0
ENSG00000221857,0
ENSG00000221858,0
ENSG00000221859,0
ENSG00000221864,0
ENSG00000221866,475
ENSG00000221867,2534
ENSG00000221869,473
ENSG00000221870,0
ENSG00000221874,2
ENSG00000221878,0
ENSG00000221879,0
ENSG00000221880,0
ENSG00000221882,0
ENSG00000221883,51
ENSG00000221886,315
ENSG00000221887,16
ENSG00000221888,1
ENSG00000221890,5198
ENSG00000221891,0
ENSG00000221900,0
ENSG00000221909,573
ENSG00000221910,0
ENSG00000221914,1670
ENSG00000221916,127
ENSG00000221923,815
ENSG00000221926,2968
ENSG00000221930,5
ENSG00000221931,0
ENSG00000221932,0
ENSG00000221933,0
ENSG00000221937,0
ENSG00000221938,1
ENSG00000221944,399
ENSG00000221946,7
ENSG00000221947,4
ENSG00000221949,16
ENSG00000221953,15
ENSG00000221954,0
ENSG00000221955,981
ENSG00000221957,3
ENSG00000221961,0
ENSG00000221962,1
ENSG00000221963,2854
ENSG00000221968,1662
ENSG00000221970,0
ENSG00000221971,0
ENSG00000221972,16
ENSG00000221977,0
ENSG00000221978,2695
ENSG00000221983,20099
ENSG00000221986,3
ENSG00000221988,180
ENSG00000221989,0
ENSG00000221990,549
ENSG00000221994,195
ENSG00000221995,136
ENSG00000221996,0
ENSG00000222000,0
ENSG00000222001,0
ENSG00000222004,1
ENSG00000222005,4
ENSG00000222007,0
ENSG00000222009,91
ENSG00000222011,297
ENSG00000222012,3
ENSG00000222014,68
ENSG00000222017,4
ENSG00000222018,0
ENSG00000222019,40
ENSG00000222020,21
ENSG00000222022,2
ENSG00000222024,0
ENSG00000222028,1
ENSG00000222030,17
ENSG00000222031,0
ENSG00000222032,6
ENSG00000222033,15
ENSG00000222035,6
ENSG00000222036,3
ENSG00000222037,17
ENSG00000222038,2
ENSG00000222041,714
ENSG00000222042,0
ENSG00000222043,24
ENSG00000222044,0
ENSG00000222046,11
ENSG00000222047,17
ENSG00000222051,0
ENSG00000222054,0
ENSG00000222055,1
ENSG00000222057,2
ENSG00000222064,0
ENSG00000222066,0
ENSG00000222067,0
ENSG00000222068,0
ENSG00000222069,1
ENSG00000222070,0
ENSG00000222071,0
ENSG00000222072,0
ENSG00000222076,1
ENSG00000222078,1
ENSG00000222080,0
ENSG00000222084,0
ENSG00000222085,0
ENSG00000222086,0
ENSG00000222087,0
ENSG00000222092,0
ENSG00000222094,0
ENSG00000222095,0
ENSG00000222096,0
ENSG00000222099,0
ENSG00000222101,0
ENSG00000222102,0
ENSG00000222107,0
ENSG00000222108,0
ENSG00000222109,0
ENSG00000222111,0
ENSG00000222112,9
ENSG00000222114,0
ENSG00000222117,0
ENSG00000222118,0
ENSG00000222120,0
ENSG00000222121,0
ENSG00000222122,0
ENSG00000222123,0
ENSG00000222126,0
ENSG00000222129,0
ENSG00000222133,0
ENSG00000222139,0
ENSG00000222145,0
ENSG00000222146,0
ENSG00000222148,0
ENSG00000222150,0
ENSG00000222154,0
ENSG00000222158,0
ENSG00000222160,0
ENSG00000222161,0
ENSG00000222162,0
ENSG00000222164,0
ENSG00000222169,0
ENSG00000222170,0
ENSG00000222174,0
ENSG00000222177,0
ENSG00000222178,0
ENSG00000222179,1
ENSG00000222182,0
ENSG00000222185,0
ENSG00000222196,0
ENSG00000222197,1
ENSG00000222202,0
ENSG00000222205,0
ENSG00000222206,0
ENSG00000222207,0
ENSG00000222208,1
ENSG00000222209,0
ENSG00000222210,0
ENSG00000222213,0
ENSG00000222219,0
ENSG00000222220,0
ENSG00000222222,1
ENSG00000222224,0
ENSG00000222225,0
ENSG00000222226,0
ENSG00000222230,0
ENSG00000222231,0
ENSG00000222232,0
ENSG00000222235,0
ENSG00000222236,0
ENSG00000222238,0
ENSG00000222240,0
ENSG00000222244,0
ENSG00000222246,0
ENSG00000222248,1
ENSG00000222249,0
ENSG00000222251,0
ENSG00000222255,1
ENSG00000222257,0
ENSG00000222259,0
ENSG00000222262,0
ENSG00000222266,0
ENSG00000222267,0
ENSG00000222268,4
ENSG00000222274,0
ENSG00000222276,3
ENSG00000222281,0
ENSG00000222282,0
ENSG00000222285,0
ENSG00000222287,0
ENSG00000222293,0
ENSG00000222297,1
ENSG00000222298,0
ENSG00000222299,0
ENSG00000222300,0
ENSG00000222302,0
ENSG00000222303,0
ENSG00000222305,0
ENSG00000222308,0
ENSG00000222309,0
ENSG00000222311,0
ENSG00000222312,0
ENSG00000222313,0
ENSG00000222314,0
ENSG00000222316,0
ENSG00000222317,0
ENSG00000222320,0
ENSG00000222321,0
ENSG00000222326,0
ENSG00000222327,0
ENSG00000222328,0
ENSG00000222329,0
ENSG00000222331,0
ENSG00000222333,0
ENSG00000222334,0
ENSG00000222335,0
ENSG00000222337,0
ENSG00000222338,0
ENSG00000222339,1
ENSG00000222343,0
ENSG00000222344,0
ENSG00000222345,16
ENSG00000222346,0
ENSG00000222351,0
ENSG00000222352,0
ENSG00000222355,2
ENSG00000222356,0
ENSG00000222357,0
ENSG00000222359,0
ENSG00000222361,0
ENSG00000222363,0
ENSG00000222364,3
ENSG00000222365,30
ENSG00000222370,0
ENSG00000222371,0
ENSG00000222374,0
ENSG00000222375,0
ENSG00000222376,0
ENSG00000222378,0
ENSG00000222383,1
ENSG00000222385,0
ENSG00000222386,0
ENSG00000222389,0
ENSG00000222391,0
ENSG00000222394,0
ENSG00000222395,0
ENSG00000222397,0
ENSG00000222398,0
ENSG00000222399,0
ENSG00000222404,0
ENSG00000222405,0
ENSG00000222407,0
ENSG00000222408,0
ENSG00000222409,1
ENSG00000222412,0
ENSG00000222413,0
ENSG00000222414,0
ENSG00000222416,0
ENSG00000222418,0
ENSG00000222419,0
ENSG00000222421,0
ENSG00000222426,0
ENSG00000222427,0
ENSG00000222428,0
ENSG00000222429,0
ENSG00000222430,0
ENSG00000222431,0
ENSG00000222432,0
ENSG00000222436,0
ENSG00000222437,0
ENSG00000222438,0
ENSG00000222439,0
ENSG00000222440,0
ENSG00000222445,0
ENSG00000222448,2
ENSG00000222449,1
ENSG00000222451,0
ENSG00000222452,0
ENSG00000222455,0
ENSG00000222457,0
ENSG00000222459,0
ENSG00000222460,1
ENSG00000222463,0
ENSG00000222465,0
ENSG00000222467,0
ENSG00000222468,0
ENSG00000222472,0
ENSG00000222477,0
ENSG00000222481,0
ENSG00000222482,0
ENSG00000222486,0
ENSG00000222488,0
ENSG00000222489,1
ENSG00000222490,0
ENSG00000222494,0
ENSG00000222496,0
ENSG00000222499,0
ENSG00000222500,0
ENSG00000222501,1
ENSG00000222503,0
ENSG00000222506,0
ENSG00000222509,0
ENSG00000222511,0
ENSG00000222512,0
ENSG00000222514,0
ENSG00000222515,1
ENSG00000222518,0
ENSG00000222520,0
ENSG00000222521,0
ENSG00000222522,0
ENSG00000222524,0
ENSG00000222526,0
ENSG00000222529,0
ENSG00000222532,0
ENSG00000222533,0
ENSG00000222536,0
ENSG00000222543,0
ENSG00000222544,0
ENSG00000222545,0
ENSG00000222546,0
ENSG00000222548,2
ENSG00000222552,0
ENSG00000222558,0
ENSG00000222560,0
ENSG00000222561,0
ENSG00000222570,0
ENSG00000222574,0
ENSG00000222578,0
ENSG00000222579,0
ENSG00000222581,0
ENSG00000222582,0
ENSG00000222583,0
ENSG00000222585,0
ENSG00000222586,0
ENSG00000222588,1
ENSG00000222589,0
ENSG00000222592,0
ENSG00000222594,0
ENSG00000222598,0
ENSG00000222601,0
ENSG00000222602,0
ENSG00000222604,0
ENSG00000222607,0
ENSG00000222608,0
ENSG00000222609,0
ENSG00000222610,0
ENSG00000222611,0
ENSG00000222612,0
ENSG00000222613,0
ENSG00000222614,0
ENSG00000222615,0
ENSG00000222616,0
ENSG00000222617,0
ENSG00000222623,0
ENSG00000222624,0
ENSG00000222626,0
ENSG00000222627,0
ENSG00000222629,0
ENSG00000222630,0
ENSG00000222631,0
ENSG00000222635,0
ENSG00000222636,0
ENSG00000222640,1
ENSG00000222643,0
ENSG00000222644,0
ENSG00000222647,0
ENSG00000222649,0
ENSG00000222650,1
ENSG00000222651,0
ENSG00000222652,0
ENSG00000222658,1
ENSG00000222659,0
ENSG00000222663,0
ENSG00000222664,0
ENSG00000222666,1
ENSG00000222667,0
ENSG00000222675,0
ENSG00000222677,0
ENSG00000222678,0
ENSG00000222679,0
ENSG00000222682,0
ENSG00000222683,0
ENSG00000222685,0
ENSG00000222686,0
ENSG00000222691,0
ENSG00000222692,0
ENSG00000222693,0
ENSG00000222698,0
ENSG00000222701,0
ENSG00000222704,0
ENSG00000222705,0
ENSG00000222706,0
ENSG00000222713,0
ENSG00000222714,0
ENSG00000222715,0
ENSG00000222719,0
ENSG00000222720,0
ENSG00000222721,0
ENSG00000222722,0
ENSG00000222724,0
ENSG00000222726,1
ENSG00000222727,0
ENSG00000222732,0
ENSG00000222733,0
ENSG00000222736,0
ENSG00000222740,0
ENSG00000222741,0
ENSG00000222743,0
ENSG00000222744,0
ENSG00000222747,0
ENSG00000222749,0
ENSG00000222750,0
ENSG00000222755,0
ENSG00000222760,0
ENSG00000222761,0
ENSG00000222764,3
ENSG00000222765,0
ENSG00000222767,1
ENSG00000222770,0
ENSG00000222774,0
ENSG00000222776,0
ENSG00000222777,0
ENSG00000222778,0
ENSG00000222783,0
ENSG00000222784,0
ENSG00000222787,0
ENSG00000222788,0
ENSG00000222790,0
ENSG00000222791,0
ENSG00000222792,0
ENSG00000222795,0
ENSG00000222796,0
ENSG00000222800,0
ENSG00000222805,0
ENSG00000222806,0
ENSG00000222808,17
ENSG00000222810,0
ENSG00000222821,0
ENSG00000222826,0
ENSG00000222831,0
ENSG00000222832,0
ENSG00000222833,0
ENSG00000222834,0
ENSG00000222835,0
ENSG00000222838,0
ENSG00000222842,0
ENSG00000222844,0
ENSG00000222845,0
ENSG00000222849,0
ENSG00000222852,0
ENSG00000222854,0
ENSG00000222858,0
ENSG00000222859,0
ENSG00000222862,0
ENSG00000222864,0
ENSG00000222869,0
ENSG00000222870,0
ENSG00000222872,1
ENSG00000222874,0
ENSG00000222880,0
ENSG00000222881,2
ENSG00000222883,0
ENSG00000222884,0
ENSG00000222889,0
ENSG00000222890,0
ENSG00000222894,3
ENSG00000222895,0
ENSG00000222898,2
ENSG00000222899,0
ENSG00000222909,0
ENSG00000222915,1
ENSG00000222920,0
ENSG00000222921,0
ENSG00000222922,0
ENSG00000222923,0
ENSG00000222924,0
ENSG00000222931,0
ENSG00000222932,0
ENSG00000222934,0
ENSG00000222937,3
ENSG00000222939,0
ENSG00000222940,0
ENSG00000222941,0
ENSG00000222942,0
ENSG00000222945,0
ENSG00000222950,0
ENSG00000222952,0
ENSG00000222954,1
ENSG00000222955,0
ENSG00000222958,0
ENSG00000222960,0
ENSG00000222961,0
ENSG00000222966,0
ENSG00000222969,0
ENSG00000222971,0
ENSG00000222972,0
ENSG00000222973,0
ENSG00000222974,0
ENSG00000222976,0
ENSG00000222979,0
ENSG00000222982,0
ENSG00000222983,0
ENSG00000222985,0
ENSG00000222986,0
ENSG00000222987,0
ENSG00000222990,0
ENSG00000222994,0
ENSG00000222997,0
ENSG00000222998,0
ENSG00000222999,0
ENSG00000223001,0
ENSG00000223003,0
ENSG00000223004,0
ENSG00000223006,0
ENSG00000223007,0
ENSG00000223009,0
ENSG00000223012,0
ENSG00000223013,0
ENSG00000223015,0
ENSG00000223018,0
ENSG00000223019,0
ENSG00000223023,1
ENSG00000223024,0
ENSG00000223026,0
ENSG00000223027,0
ENSG00000223029,0
ENSG00000223030,0
ENSG00000223036,0
ENSG00000223037,0
ENSG00000223039,0
ENSG00000223040,0
ENSG00000223042,0
ENSG00000223044,1
ENSG00000223046,0
ENSG00000223047,0
ENSG00000223052,0
ENSG00000223053,0
ENSG00000223056,0
ENSG00000223059,0
ENSG00000223060,0
ENSG00000223062,0
ENSG00000223063,0
ENSG00000223064,0
ENSG00000223070,0
ENSG00000223075,0
ENSG00000223076,0
ENSG00000223078,0
ENSG00000223080,0
ENSG00000223082,0
ENSG00000223086,0
ENSG00000223087,0
ENSG00000223088,0
ENSG00000223091,0
ENSG00000223092,0
ENSG00000223096,0
ENSG00000223099,0
ENSG00000223101,0
ENSG00000223107,0
ENSG00000223109,0
ENSG00000223111,0
ENSG00000223113,0
ENSG00000223116,0
ENSG00000223117,3
ENSG00000223118,0
ENSG00000223119,0
ENSG00000223120,0
ENSG00000223123,0
ENSG00000223125,0
ENSG00000223126,0
ENSG00000223128,0
ENSG00000223131,0
ENSG00000223134,0
ENSG00000223136,0
ENSG00000223138,0
ENSG00000223142,0
ENSG00000223145,0
ENSG00000223149,0
ENSG00000223152,0
ENSG00000223156,0
ENSG00000223158,0
ENSG00000223162,0
ENSG00000223164,0
ENSG00000223168,0
ENSG00000223169,1
ENSG00000223174,0
ENSG00000223175,0
ENSG00000223177,0
ENSG00000223179,0
ENSG00000223180,0
ENSG00000223181,0
ENSG00000223188,1
ENSG00000223189,0
ENSG00000223190,0
ENSG00000223191,0
ENSG00000223197,0
ENSG00000223198,4
ENSG00000223200,0
ENSG00000223201,0
ENSG00000223202,0
ENSG00000223203,0
ENSG00000223208,0
ENSG00000223212,1
ENSG00000223214,0
ENSG00000223215,0
ENSG00000223217,0
ENSG00000223220,0
ENSG00000223223,0
ENSG00000223224,0
ENSG00000223225,0
ENSG00000223229,0
ENSG00000223238,0
ENSG00000223243,0
ENSG00000223244,0
ENSG00000223245,0
ENSG00000223247,0
ENSG00000223249,0
ENSG00000223253,0
ENSG00000223254,3
ENSG00000223256,0
ENSG00000223258,0
ENSG00000223259,0
ENSG00000223260,0
ENSG00000223262,0
ENSG00000223263,2
ENSG00000223265,0
ENSG00000223269,0
ENSG00000223271,0
ENSG00000223273,0
ENSG00000223274,2
ENSG00000223275,0
ENSG00000223280,0
ENSG00000223281,0
ENSG00000223282,0
ENSG00000223284,0
ENSG00000223286,0
ENSG00000223287,0
ENSG00000223290,0
ENSG00000223291,0
ENSG00000223293,0
ENSG00000223294,0
ENSG00000223297,0
ENSG00000223298,1
ENSG00000223299,0
ENSG00000223300,1
ENSG00000223302,0
ENSG00000223305,0
ENSG00000223306,0
ENSG00000223307,0
ENSG00000223308,0
ENSG00000223309,10
ENSG00000223313,12
ENSG00000223315,0
ENSG00000223316,0
ENSG00000223318,0
ENSG00000223321,0
ENSG00000223322,0
ENSG00000223324,0
ENSG00000223327,0
ENSG00000223330,0
ENSG00000223335,0
ENSG00000223336,0
ENSG00000223341,0
ENSG00000223342,0
ENSG00000223343,4
ENSG00000223344,0
ENSG00000223345,0
ENSG00000223349,0
ENSG00000223350,11
ENSG00000223351,0
ENSG00000223353,0
ENSG00000223356,4
ENSG00000223358,1
ENSG00000223360,0
ENSG00000223361,19
ENSG00000223362,0
ENSG00000223368,0
ENSG00000223373,1
ENSG00000223374,27
ENSG00000223375,0
ENSG00000223377,0
ENSG00000223379,0
ENSG00000223381,0
ENSG00000223382,87
ENSG00000223383,0
ENSG00000223387,194
ENSG00000223389,0
ENSG00000223390,0
ENSG00000223391,0
ENSG00000223392,0
ENSG00000223393,16
ENSG00000223394,0
ENSG00000223395,0
ENSG00000223396,69
ENSG00000223398,0
ENSG00000223400,0
ENSG00000223401,4
ENSG00000223402,0
ENSG00000223403,3
ENSG00000223404,0
ENSG00000223406,0
ENSG00000223407,0
ENSG00000223409,1
ENSG00000223410,0
ENSG00000223414,155
ENSG00000223416,7
ENSG00000223417,0
ENSG00000223418,0
ENSG00000223419,0
ENSG00000223421,0
ENSG00000223422,0
ENSG00000223427,1
ENSG00000223428,0
ENSG00000223429,0
ENSG00000223430,0
ENSG00000223431,1
ENSG00000223432,0
ENSG00000223433,0
ENSG00000223436,0
ENSG00000223437,0
ENSG00000223438,0
ENSG00000223440,0
ENSG00000223442,0
ENSG00000223443,0
ENSG00000223445,0
ENSG00000223446,0
ENSG00000223450,0
ENSG00000223452,2
ENSG00000223455,0
ENSG00000223457,0
ENSG00000223458,0
ENSG00000223459,130
ENSG00000223460,3
ENSG00000223461,13
ENSG00000223462,0
ENSG00000223466,1
ENSG00000223467,0
ENSG00000223469,0
ENSG00000223470,0
ENSG00000223473,20
ENSG00000223475,1
ENSG00000223476,14
ENSG00000223478,443
ENSG00000223479,0
ENSG00000223482,308
ENSG00000223484,0
ENSG00000223485,4
ENSG00000223486,13
ENSG00000223487,0
ENSG00000223488,0
ENSG00000223489,0
ENSG00000223490,0
ENSG00000223492,1
ENSG00000223495,0
ENSG00000223496,3533
ENSG00000223497,0
ENSG00000223498,0
ENSG00000223500,0
ENSG00000223501,3425
ENSG00000223502,0
ENSG00000223503,0
ENSG00000223504,0
ENSG00000223505,0
ENSG00000223506,0
ENSG00000223508,39
ENSG00000223509,34
ENSG00000223510,1
ENSG00000223511,6
ENSG00000223513,2
ENSG00000223514,0
ENSG00000223516,0
ENSG00000223517,0
ENSG00000223518,3
ENSG00000223519,9
ENSG00000223522,7
ENSG00000223523,0
ENSG00000223525,1
ENSG00000223528,7
ENSG00000223529,10
ENSG00000223530,0
ENSG00000223534,23
ENSG00000223535,0
ENSG00000223536,0
ENSG00000223537,5
ENSG00000223538,0
ENSG00000223539,0
ENSG00000223540,0
ENSG00000223542,0
ENSG00000223543,0
ENSG00000223544,0
ENSG00000223546,116
ENSG00000223547,764
ENSG00000223548,0
ENSG00000223549,2
ENSG00000223550,0
ENSG00000223551,17
ENSG00000223552,15
ENSG00000223553,1
ENSG00000223554,0
ENSG00000223555,0
ENSG00000223558,20
ENSG00000223559,40
ENSG00000223561,0
ENSG00000223562,0
ENSG00000223563,0
ENSG00000223564,1
ENSG00000223565,0
ENSG00000223566,2
ENSG00000223568,0
ENSG00000223569,0
ENSG00000223570,1
ENSG00000223571,3
ENSG00000223572,41
ENSG00000223573,2566
ENSG00000223574,0
ENSG00000223575,0
ENSG00000223576,0
ENSG00000223581,0
ENSG00000223583,4
ENSG00000223584,3
ENSG00000223586,0
ENSG00000223587,0
ENSG00000223589,1
ENSG00000223591,0
ENSG00000223592,1
ENSG00000223593,0
ENSG00000223595,0
ENSG00000223597,0
ENSG00000223598,0
ENSG00000223599,5
ENSG00000223600,0
ENSG00000223601,0
ENSG00000223602,0
ENSG00000223603,0
ENSG00000223604,0
ENSG00000223605,0
ENSG00000223608,0
ENSG00000223609,2
ENSG00000223611,3
ENSG00000223612,158
ENSG00000223614,0
ENSG00000223615,0
ENSG00000223617,0
ENSG00000223619,0
ENSG00000223620,0
ENSG00000223621,17
ENSG00000223622,0
ENSG00000223623,0
ENSG00000223624,1
ENSG00000223625,0
ENSG00000223626,0
ENSG00000223628,0
ENSG00000223629,0
ENSG00000223631,1
ENSG00000223633,1
ENSG00000223634,0
ENSG00000223635,4
ENSG00000223636,0
ENSG00000223637,0
ENSG00000223638,0
ENSG00000223640,0
ENSG00000223641,0
ENSG00000223642,2
ENSG00000223643,0
ENSG00000223646,0
ENSG00000223647,0
ENSG00000223648,26
ENSG00000223649,0
ENSG00000223650,0
ENSG00000223651,0
ENSG00000223652,153
ENSG00000223653,11
ENSG00000223655,0
ENSG00000223656,3
ENSG00000223657,1
ENSG00000223658,89
ENSG00000223659,0
ENSG00000223660,0
ENSG00000223662,1
ENSG00000223663,2
ENSG00000223665,1
ENSG00000223668,15
ENSG00000223669,0
ENSG00000223671,0
ENSG00000223672,0
ENSG00000223675,0
ENSG00000223676,0
ENSG00000223677,0
ENSG00000223678,0
ENSG00000223679,0
ENSG00000223683,1
ENSG00000223684,0
ENSG00000223685,37
ENSG00000223688,0
ENSG00000223691,0
ENSG00000223692,2
ENSG00000223694,0
ENSG00000223695,7
ENSG00000223697,13
ENSG00000223698,0
ENSG00000223700,0
ENSG00000223701,12
ENSG00000223702,0
ENSG00000223703,1
ENSG00000223704,9
ENSG00000223705,288
ENSG00000223707,0
ENSG00000223709,0
ENSG00000223710,3
ENSG00000223711,25
ENSG00000223714,9
ENSG00000223715,1422
ENSG00000223716,0
ENSG00000223717,0
ENSG00000223718,4
ENSG00000223719,0
ENSG00000223720,0
ENSG00000223721,0
ENSG00000223722,46
ENSG00000223723,3
ENSG00000223724,0
ENSG00000223725,11
ENSG00000223726,0
ENSG00000223727,0
ENSG00000223728,0
ENSG00000223729,0
ENSG00000223730,0
ENSG00000223731,0
ENSG00000223732,0
ENSG00000223733,0
ENSG00000223734,1
ENSG00000223735,0
ENSG00000223738,0
ENSG00000223739,0
ENSG00000223740,0
ENSG00000223741,0
ENSG00000223742,0
ENSG00000223744,0
ENSG00000223745,313
ENSG00000223746,0
ENSG00000223749,117
ENSG00000223750,0
ENSG00000223751,53
ENSG00000223753,0
ENSG00000223754,0
ENSG00000223756,27
ENSG00000223760,1
ENSG00000223761,0
ENSG00000223764,238
ENSG00000223765,0
ENSG00000223768,404
ENSG00000223770,0
ENSG00000223772,0
ENSG00000223773,174
ENSG00000223774,2
ENSG00000223776,65
ENSG00000223777,0
ENSG00000223779,0
ENSG00000223782,0
ENSG00000223783,3
ENSG00000223784,0
ENSG00000223786,2
ENSG00000223787,2
ENSG00000223788,0
ENSG00000223791,0
ENSG00000223794,0
ENSG00000223795,0
ENSG00000223797,134
ENSG00000223799,37
ENSG00000223800,0
ENSG00000223802,15
ENSG00000223803,6
ENSG00000223804,83
ENSG00000223806,1
ENSG00000223807,0
ENSG00000223808,595
ENSG00000223809,0
ENSG00000223810,0
ENSG00000223811,0
ENSG00000223812,0
ENSG00000223813,151
ENSG00000223814,0
ENSG00000223815,0
ENSG00000223816,0
ENSG00000223817,0
ENSG00000223819,0
ENSG00000223820,25
ENSG00000223821,6
ENSG00000223822,9
ENSG00000223823,0
ENSG00000223824,0
ENSG00000223825,50
ENSG00000223826,0
ENSG00000223828,0
ENSG00000223829,0
ENSG00000223831,0
ENSG00000223834,0
ENSG00000223836,0
ENSG00000223837,0
ENSG00000223838,0
ENSG00000223839,0
ENSG00000223841,0
ENSG00000223842,1
ENSG00000223843,1
ENSG00000223845,0
ENSG00000223847,0
ENSG00000223849,2
ENSG00000223850,1
ENSG00000223855,9
ENSG00000223856,0
ENSG00000223859,0
ENSG00000223861,6
ENSG00000223863,11
ENSG00000223864,1
ENSG00000223865,8297
ENSG00000223866,0
ENSG00000223867,0
ENSG00000223869,0
ENSG00000223870,0
ENSG00000223872,4
ENSG00000223873,0
ENSG00000223874,0
ENSG00000223875,1
ENSG00000223876,0
ENSG00000223877,0
ENSG00000223878,16
ENSG00000223880,0
ENSG00000223881,0
ENSG00000223882,1
ENSG00000223883,0
ENSG00000223884,2
ENSG00000223885,0
ENSG00000223886,1
ENSG00000223889,0
ENSG00000223890,1
ENSG00000223891,1422
ENSG00000223893,0
ENSG00000223896,0
ENSG00000223897,0
ENSG00000223899,3
ENSG00000223901,1
ENSG00000223903,0
ENSG00000223904,0
ENSG00000223905,0
ENSG00000223906,0
ENSG00000223907,17
ENSG00000223908,0
ENSG00000223910,0
ENSG00000223911,0
ENSG00000223912,1
ENSG00000223914,1
ENSG00000223915,0
ENSG00000223916,1
ENSG00000223917,0
ENSG00000223918,0
ENSG00000223920,0
ENSG00000223921,0
ENSG00000223922,3
ENSG00000223923,2
ENSG00000223928,0
ENSG00000223929,1
ENSG00000223930,4
ENSG00000223931,9
ENSG00000223935,2
ENSG00000223940,4
ENSG00000223941,0
ENSG00000223942,0
ENSG00000223944,0
ENSG00000223945,3
ENSG00000223946,0
ENSG00000223947,7
ENSG00000223948,0
ENSG00000223949,12
ENSG00000223951,0
ENSG00000223953,0
ENSG00000223955,0
ENSG00000223956,5
ENSG00000223958,0
ENSG00000223959,1000
ENSG00000223960,313
ENSG00000223962,0
ENSG00000223963,1
ENSG00000223965,2
ENSG00000223966,0
ENSG00000223967,0
ENSG00000223968,0
ENSG00000223969,10
ENSG00000223970,0
ENSG00000223972,0
ENSG00000223973,0
ENSG00000223974,1
ENSG00000223975,0
ENSG00000223976,0
ENSG00000223977,0
ENSG00000223978,0
ENSG00000223979,7
ENSG00000223982,0
ENSG00000223984,2
ENSG00000223985,3
ENSG00000223986,0
ENSG00000223987,0
ENSG00000223989,0
ENSG00000223991,7
ENSG00000223993,0
ENSG00000223995,0
ENSG00000223997,0
ENSG00000223999,0
ENSG00000224000,0
ENSG00000224001,0
ENSG00000224003,13
ENSG00000224004,0
ENSG00000224007,0
ENSG00000224008,0
ENSG00000224011,0
ENSG00000224012,0
ENSG00000224014,16
ENSG00000224015,0
ENSG00000224016,5
ENSG00000224017,0
ENSG00000224018,0
ENSG00000224019,1
ENSG00000224020,1
ENSG00000224023,51
ENSG00000224025,0
ENSG00000224027,0
ENSG00000224028,0
ENSG00000224029,0
ENSG00000224031,1
ENSG00000224032,344
ENSG00000224033,0
ENSG00000224034,0
ENSG00000224035,0
ENSG00000224038,0
ENSG00000224039,0
ENSG00000224040,14
ENSG00000224041,314
ENSG00000224042,0
ENSG00000224043,83
ENSG00000224045,0
ENSG00000224046,29
ENSG00000224048,0
ENSG00000224049,0
ENSG00000224050,5
ENSG00000224051,1609
ENSG00000224054,0
ENSG00000224055,0
ENSG00000224057,2
ENSG00000224058,0
ENSG00000224059,0
ENSG00000224060,0
ENSG00000224061,0
ENSG00000224062,0
ENSG00000224063,6
ENSG00000224064,2
ENSG00000224065,0
ENSG00000224066,4
ENSG00000224067,10
ENSG00000224069,0
ENSG00000224070,0
ENSG00000224071,0
ENSG00000224072,1
ENSG00000224074,0
ENSG00000224075,0
ENSG00000224076,0
ENSG00000224077,1
ENSG00000224078,203
ENSG00000224079,0
ENSG00000224080,23
ENSG00000224081,15
ENSG00000224082,0
ENSG00000224083,0
ENSG00000224085,1
ENSG00000224086,99
ENSG00000224087,0
ENSG00000224089,0
ENSG00000224090,10
ENSG00000224091,0
ENSG00000224092,0
ENSG00000224093,35
ENSG00000224094,20
ENSG00000224095,0
ENSG00000224097,4
ENSG00000224099,0
ENSG00000224100,2
ENSG00000224101,0
ENSG00000224104,0
ENSG00000224106,0
ENSG00000224107,0
ENSG00000224109,0
ENSG00000224110,1
ENSG00000224114,11
ENSG00000224116,3
ENSG00000224117,1
ENSG00000224121,2
ENSG00000224122,0
ENSG00000224124,0
ENSG00000224126,5
ENSG00000224127,0
ENSG00000224128,3
ENSG00000224129,0
ENSG00000224132,6
ENSG00000224134,0
ENSG00000224136,0
ENSG00000224137,14
ENSG00000224138,36
ENSG00000224141,0
ENSG00000224142,0
ENSG00000224144,0
ENSG00000224149,0
ENSG00000224151,0
ENSG00000224152,222
ENSG00000224153,0
ENSG00000224155,1
ENSG00000224157,7
ENSG00000224159,0
ENSG00000224160,1
ENSG00000224161,0
ENSG00000224162,0
ENSG00000224163,1
ENSG00000224164,1
ENSG00000224165,149
ENSG00000224166,0
ENSG00000224167,0
ENSG00000224169,0
ENSG00000224172,12
ENSG00000224173,1
ENSG00000224174,6
ENSG00000224177,0
ENSG00000224183,0
ENSG00000224184,1
ENSG00000224185,0
ENSG00000224186,42
ENSG00000224187,1
ENSG00000224188,0
ENSG00000224189,530
ENSG00000224190,0
ENSG00000224192,0
ENSG00000224194,1
ENSG00000224195,8
ENSG00000224196,0
ENSG00000224198,1
ENSG00000224203,0
ENSG00000224204,0
ENSG00000224205,0
ENSG00000224207,1
ENSG00000224208,6
ENSG00000224209,0
ENSG00000224210,0
ENSG00000224215,0
ENSG00000224216,0
ENSG00000224217,0
ENSG00000224218,0
ENSG00000224219,1
ENSG00000224220,5
ENSG00000224221,3
ENSG00000224222,0
ENSG00000224223,0
ENSG00000224224,1
ENSG00000224227,3
ENSG00000224228,0
ENSG00000224231,0
ENSG00000224232,6
ENSG00000224233,0
ENSG00000224235,0
ENSG00000224236,1
ENSG00000224237,0
ENSG00000224238,4
ENSG00000224239,0
ENSG00000224240,0
ENSG00000224243,71
ENSG00000224244,0
ENSG00000224245,2
ENSG00000224247,0
ENSG00000224250,0
ENSG00000224251,1
ENSG00000224252,0
ENSG00000224254,0
ENSG00000224255,2
ENSG00000224256,0
ENSG00000224257,0
ENSG00000224259,277
ENSG00000224260,0
ENSG00000224261,6
ENSG00000224263,0
ENSG00000224265,0
ENSG00000224267,0
ENSG00000224269,1
ENSG00000224271,39
ENSG00000224272,1230
ENSG00000224273,3
ENSG00000224274,0
ENSG00000224276,0
ENSG00000224277,0
ENSG00000224278,0
ENSG00000224279,0
ENSG00000224280,1
ENSG00000224281,43
ENSG00000224282,2
ENSG00000224286,1
ENSG00000224287,85
ENSG00000224288,0
ENSG00000224289,0
ENSG00000224291,1
ENSG00000224292,2
ENSG00000224294,1
ENSG00000224295,0
ENSG00000224296,0
ENSG00000224297,0
ENSG00000224299,0
ENSG00000224300,0
ENSG00000224301,0
ENSG00000224302,2
ENSG00000224307,8
ENSG00000224308,0
ENSG00000224309,0
ENSG00000224310,0
ENSG00000224311,0
ENSG00000224312,2
ENSG00000224314,0
ENSG00000224315,0
ENSG00000224316,3
ENSG00000224318,1
ENSG00000224321,7
ENSG00000224322,0
ENSG00000224323,0
ENSG00000224324,2
ENSG00000224326,5
ENSG00000224328,1
ENSG00000224329,0
ENSG00000224330,0
ENSG00000224331,3
ENSG00000224333,1
ENSG00000224334,6
ENSG00000224335,0
ENSG00000224336,0
ENSG00000224337,0
ENSG00000224338,0
ENSG00000224339,0
ENSG00000224340,0
ENSG00000224341,0
ENSG00000224342,1
ENSG00000224344,0
ENSG00000224346,2
ENSG00000224347,0
ENSG00000224348,0
ENSG00000224349,1
ENSG00000224351,0
ENSG00000224352,0
ENSG00000224353,0
ENSG00000224354,0
ENSG00000224356,12
ENSG00000224357,0
ENSG00000224358,29
ENSG00000224359,0
ENSG00000224361,1
ENSG00000224363,0
ENSG00000224365,0
ENSG00000224366,0
ENSG00000224367,16
ENSG00000224368,0
ENSG00000224370,0
ENSG00000224371,0
ENSG00000224372,1
ENSG00000224373,1697
ENSG00000224374,0
ENSG00000224375,0
ENSG00000224376,52
ENSG00000224382,0
ENSG00000224383,293
ENSG00000224384,0
ENSG00000224387,1
ENSG00000224388,0
ENSG00000224389,395
ENSG00000224391,0
ENSG00000224394,0
ENSG00000224396,0
ENSG00000224397,158
ENSG00000224400,0
ENSG00000224401,3
ENSG00000224402,0
ENSG00000224403,0
ENSG00000224404,0
ENSG00000224405,4
ENSG00000224406,0
ENSG00000224407,0
ENSG00000224408,0
ENSG00000224409,0
ENSG00000224410,1
ENSG00000224411,48
ENSG00000224412,0
ENSG00000224413,2
ENSG00000224414,0
ENSG00000224415,20
ENSG00000224416,0
ENSG00000224417,0
ENSG00000224418,31
ENSG00000224419,0
ENSG00000224420,26
ENSG00000224421,0
ENSG00000224424,177
ENSG00000224425,3
ENSG00000224426,2
ENSG00000224427,1
ENSG00000224429,21
ENSG00000224430,3
ENSG00000224431,4
ENSG00000224435,37
ENSG00000224436,0
ENSG00000224437,0
ENSG00000224438,0
ENSG00000224439,1
ENSG00000224440,0
ENSG00000224441,3
ENSG00000224442,1
ENSG00000224443,1
ENSG00000224445,0
ENSG00000224447,0
ENSG00000224448,1
ENSG00000224451,0
ENSG00000224452,14
ENSG00000224458,6
ENSG00000224459,1
ENSG00000224460,3
ENSG00000224462,0
ENSG00000224463,0
ENSG00000224464,1
ENSG00000224465,0
ENSG00000224466,0
ENSG00000224467,0
ENSG00000224468,2
ENSG00000224469,0
ENSG00000224470,3039
ENSG00000224471,0
ENSG00000224473,0
ENSG00000224475,0
ENSG00000224476,0
ENSG00000224477,0
ENSG00000224478,0
ENSG00000224479,8
ENSG00000224481,2
ENSG00000224482,0
ENSG00000224484,1
ENSG00000224485,0
ENSG00000224486,0
ENSG00000224488,0
ENSG00000224490,2
ENSG00000224493,0
ENSG00000224494,0
ENSG00000224497,0
ENSG00000224498,0
ENSG00000224500,0
ENSG00000224504,0
ENSG00000224505,2
ENSG00000224506,0
ENSG00000224509,0
ENSG00000224510,0
ENSG00000224511,56
ENSG00000224513,0
ENSG00000224514,0
ENSG00000224515,0
ENSG00000224516,0
ENSG00000224517,0
ENSG00000224518,0
ENSG00000224519,0
ENSG00000224520,14
ENSG00000224521,0
ENSG00000224523,0
ENSG00000224524,0
ENSG00000224525,2
ENSG00000224529,0
ENSG00000224530,0
ENSG00000224531,632
ENSG00000224532,0
ENSG00000224533,0
ENSG00000224535,0
ENSG00000224536,12
ENSG00000224537,0
ENSG00000224539,0
ENSG00000224540,0
ENSG00000224541,2
ENSG00000224543,15
ENSG00000224545,2
ENSG00000224546,23
ENSG00000224547,0
ENSG00000224548,0
ENSG00000224549,0
ENSG00000224550,5
ENSG00000224551,0
ENSG00000224553,1
ENSG00000224555,0
ENSG00000224556,0
ENSG00000224557,66
ENSG00000224559,2
ENSG00000224560,0
ENSG00000224563,0
ENSG00000224565,2
ENSG00000224566,3
ENSG00000224567,0
ENSG00000224568,1
ENSG00000224569,1
ENSG00000224570,2
ENSG00000224571,0
ENSG00000224573,0
ENSG00000224574,0
ENSG00000224577,4
ENSG00000224578,146
ENSG00000224579,0
ENSG00000224582,0
ENSG00000224583,0
ENSG00000224584,0
ENSG00000224585,2
ENSG00000224586,0
ENSG00000224589,0
ENSG00000224590,0
ENSG00000224592,31
ENSG00000224593,0
ENSG00000224594,3
ENSG00000224595,0
ENSG00000224596,28
ENSG00000224597,876
ENSG00000224598,4
ENSG00000224599,0
ENSG00000224600,0
ENSG00000224602,0
ENSG00000224603,0
ENSG00000224604,0
ENSG00000224605,0
ENSG00000224606,0
ENSG00000224607,1
ENSG00000224609,0
ENSG00000224610,0
ENSG00000224611,5
ENSG00000224612,0
ENSG00000224613,0
ENSG00000224614,11
ENSG00000224616,12
ENSG00000224617,0
ENSG00000224618,2
ENSG00000224620,0
ENSG00000224621,1
ENSG00000224622,0
ENSG00000224625,0
ENSG00000224626,0
ENSG00000224627,0
ENSG00000224628,0
ENSG00000224629,0
ENSG00000224630,0
ENSG00000224631,65
ENSG00000224632,0
ENSG00000224634,0
ENSG00000224635,21
ENSG00000224637,0
ENSG00000224638,0
ENSG00000224640,0
ENSG00000224643,0
ENSG00000224644,0
ENSG00000224645,0
ENSG00000224646,0
ENSG00000224647,0
ENSG00000224648,0
ENSG00000224649,1
ENSG00000224650,1102
ENSG00000224652,711
ENSG00000224653,0
ENSG00000224655,0
ENSG00000224656,0
ENSG00000224657,0
ENSG00000224658,0
ENSG00000224659,0
ENSG00000224660,449
ENSG00000224661,0
ENSG00000224662,1
ENSG00000224664,0
ENSG00000224666,4
ENSG00000224667,0
ENSG00000224668,4
ENSG00000224669,6
ENSG00000224670,0
ENSG00000224671,0
ENSG00000224672,0
ENSG00000224674,0
ENSG00000224675,0
ENSG00000224677,1
ENSG00000224678,0
ENSG00000224679,0
ENSG00000224680,34
ENSG00000224681,0
ENSG00000224682,2
ENSG00000224683,4
ENSG00000224685,0
ENSG00000224686,0
ENSG00000224687,45
ENSG00000224688,0
ENSG00000224689,8
ENSG00000224690,0
ENSG00000224691,0
ENSG00000224692,0
ENSG00000224695,0
ENSG00000224697,0
ENSG00000224698,0
ENSG00000224699,75
ENSG00000224700,0
ENSG00000224701,0
ENSG00000224702,0
ENSG00000224706,0
ENSG00000224707,0
ENSG00000224709,0
ENSG00000224710,0
ENSG00000224711,0
ENSG00000224712,1
ENSG00000224713,4
ENSG00000224714,0
ENSG00000224715,1
ENSG00000224717,0
ENSG00000224718,0
ENSG00000224719,0
ENSG00000224721,1
ENSG00000224722,4
ENSG00000224723,1
ENSG00000224725,3
ENSG00000224727,3
ENSG00000224728,3
ENSG00000224729,14
ENSG00000224730,0
ENSG00000224731,0
ENSG00000224732,1
ENSG00000224733,1
ENSG00000224735,0
ENSG00000224738,213
ENSG00000224739,2
ENSG00000224743,8
ENSG00000224745,5
ENSG00000224746,24
ENSG00000224747,1
ENSG00000224750,2
ENSG00000224751,1
ENSG00000224752,0
ENSG00000224755,0
ENSG00000224758,0
ENSG00000224760,0
ENSG00000224761,0
ENSG00000224762,0
ENSG00000224763,5
ENSG00000224764,0
ENSG00000224765,0
ENSG00000224769,11
ENSG00000224771,0
ENSG00000224773,0
ENSG00000224775,0
ENSG00000224776,0
ENSG00000224777,0
ENSG00000224778,10
ENSG00000224781,2
ENSG00000224783,0
ENSG00000224784,0
ENSG00000224785,0
ENSG00000224786,1
ENSG00000224788,0
ENSG00000224789,0
ENSG00000224790,19
ENSG00000224791,1
ENSG00000224792,0
ENSG00000224794,0
ENSG00000224795,0
ENSG00000224796,1
ENSG00000224797,4
ENSG00000224799,9
ENSG00000224800,3
ENSG00000224802,5
ENSG00000224805,89
ENSG00000224806,1
ENSG00000224807,0
ENSG00000224808,0
ENSG00000224809,2
ENSG00000224810,5
ENSG00000224812,5
ENSG00000224813,0
ENSG00000224814,14
ENSG00000224815,0
ENSG00000224816,0
ENSG00000224817,0
ENSG00000224818,0
ENSG00000224819,0
ENSG00000224820,1
ENSG00000224821,0
ENSG00000224822,16
ENSG00000224825,0
ENSG00000224826,0
ENSG00000224827,0
ENSG00000224829,0
ENSG00000224830,0
ENSG00000224831,11
ENSG00000224832,0
ENSG00000224834,1
ENSG00000224836,0
ENSG00000224837,7
ENSG00000224839,0
ENSG00000224842,89
ENSG00000224843,38
ENSG00000224844,1
ENSG00000224846,3
ENSG00000224848,90
ENSG00000224849,26
ENSG00000224850,0
ENSG00000224851,0
ENSG00000224852,0
ENSG00000224853,0
ENSG00000224854,0
ENSG00000224855,2
ENSG00000224856,1
ENSG00000224857,2
ENSG00000224858,8
ENSG00000224860,0
ENSG00000224861,40
ENSG00000224863,1
ENSG00000224864,0
ENSG00000224865,0
ENSG00000224866,0
ENSG00000224869,0
ENSG00000224870,721
ENSG00000224871,0
ENSG00000224873,0
ENSG00000224875,7
ENSG00000224876,0
ENSG00000224877,672
ENSG00000224879,0
ENSG00000224880,0
ENSG00000224881,1
ENSG00000224883,0
ENSG00000224884,0
ENSG00000224885,31
ENSG00000224886,0
ENSG00000224887,0
ENSG00000224888,14
ENSG00000224891,0
ENSG00000224892,8
ENSG00000224893,0
ENSG00000224895,0
ENSG00000224896,0
ENSG00000224897,16
ENSG00000224899,2
ENSG00000224901,0
ENSG00000224902,0
ENSG00000224903,12
ENSG00000224904,0
ENSG00000224905,103
ENSG00000224906,3
ENSG00000224907,0
ENSG00000224908,1
ENSG00000224910,0
ENSG00000224911,0
ENSG00000224914,127
ENSG00000224916,3
ENSG00000224917,0
ENSG00000224918,0
ENSG00000224919,0
ENSG00000224920,0
ENSG00000224922,0
ENSG00000224924,0
ENSG00000224927,0
ENSG00000224928,5
ENSG00000224931,0
ENSG00000224932,0
ENSG00000224933,0
ENSG00000224934,26
ENSG00000224935,0
ENSG00000224936,0
ENSG00000224939,4
ENSG00000224940,58
ENSG00000224942,0
ENSG00000224943,0
ENSG00000224944,0
ENSG00000224945,60
ENSG00000224946,0
ENSG00000224947,0
ENSG00000224948,0
ENSG00000224949,0
ENSG00000224950,8
ENSG00000224953,0
ENSG00000224955,0
ENSG00000224956,12
ENSG00000224957,0
ENSG00000224958,5
ENSG00000224959,1
ENSG00000224960,0
ENSG00000224961,1
ENSG00000224962,1
ENSG00000224963,0
ENSG00000224964,0
ENSG00000224965,1
ENSG00000224966,0
ENSG00000224967,0
ENSG00000224968,0
ENSG00000224969,33
ENSG00000224970,0
ENSG00000224971,0
ENSG00000224972,1
ENSG00000224973,4
ENSG00000224975,51
ENSG00000224976,1
ENSG00000224977,4
ENSG00000224978,0
ENSG00000224980,0
ENSG00000224981,0
ENSG00000224982,12
ENSG00000224984,2
ENSG00000224985,1
ENSG00000224986,4
ENSG00000224987,1
ENSG00000224988,4
ENSG00000224989,0
ENSG00000224992,5
ENSG00000224993,3
ENSG00000224995,0
ENSG00000224999,0
ENSG00000225000,0
ENSG00000225002,0
ENSG00000225003,0
ENSG00000225005,0
ENSG00000225006,0
ENSG00000225007,0
ENSG00000225008,0
ENSG00000225011,0
ENSG00000225012,0
ENSG00000225014,0
ENSG00000225016,0
ENSG00000225017,2
ENSG00000225018,0
ENSG00000225022,5
ENSG00000225024,0
ENSG00000225025,0
ENSG00000225026,7
ENSG00000225027,0
ENSG00000225028,5
ENSG00000225030,6
ENSG00000225031,111
ENSG00000225032,92
ENSG00000225036,0
ENSG00000225037,0
ENSG00000225039,1
ENSG00000225043,0
ENSG00000225044,0
ENSG00000225045,0
ENSG00000225046,0
ENSG00000225050,0
ENSG00000225051,26
ENSG00000225053,0
ENSG00000225055,0
ENSG00000225056,0
ENSG00000225057,5
ENSG00000225058,0
ENSG00000225062,8
ENSG00000225063,0
ENSG00000225064,1
ENSG00000225066,0
ENSG00000225067,79
ENSG00000225069,0
ENSG00000225071,3
ENSG00000225072,0
ENSG00000225075,1
ENSG00000225076,0
ENSG00000225077,48
ENSG00000225078,1
ENSG00000225079,14
ENSG00000225080,1
ENSG00000225082,2
ENSG00000225083,5
ENSG00000225084,0
ENSG00000225085,0
ENSG00000225087,1
ENSG00000225091,3
ENSG00000225092,0
ENSG00000225093,17
ENSG00000225094,9
ENSG00000225096,1
ENSG00000225098,1
ENSG00000225099,1
ENSG00000225100,0
ENSG00000225101,7
ENSG00000225102,0
ENSG00000225105,0
ENSG00000225106,0
ENSG00000225107,0
ENSG00000225108,2
ENSG00000225110,0
ENSG00000225111,1
ENSG00000225112,1
ENSG00000225113,0
ENSG00000225116,0
ENSG00000225117,3
ENSG00000225118,0
ENSG00000225121,0
ENSG00000225122,0
ENSG00000225123,0
ENSG00000225124,0
ENSG00000225125,17
ENSG00000225126,0
ENSG00000225127,0
ENSG00000225128,0
ENSG00000225129,0
ENSG00000225131,114
ENSG00000225133,0
ENSG00000225136,0
ENSG00000225137,26
ENSG00000225138,775
ENSG00000225140,1
ENSG00000225142,0
ENSG00000225144,1
ENSG00000225146,2
ENSG00000225147,0
ENSG00000225148,0
ENSG00000225151,52
ENSG00000225152,0
ENSG00000225154,2
ENSG00000225155,0
ENSG00000225156,4
ENSG00000225158,0
ENSG00000225159,7
ENSG00000225163,4
ENSG00000225165,0
ENSG00000225166,3
ENSG00000225167,0
ENSG00000225169,4
ENSG00000225170,0
ENSG00000225171,23
ENSG00000225172,0
ENSG00000225173,16
ENSG00000225174,208
ENSG00000225175,0
ENSG00000225176,0
ENSG00000225177,91
ENSG00000225178,3
ENSG00000225179,0
ENSG00000225180,0
ENSG00000225181,0
ENSG00000225182,0
ENSG00000225183,0
ENSG00000225185,1
ENSG00000225187,0
ENSG00000225189,0
ENSG00000225190,921
ENSG00000225191,0
ENSG00000225192,3
ENSG00000225193,6
ENSG00000225194,2
ENSG00000225195,1
ENSG00000225196,0
ENSG00000225198,0
ENSG00000225200,141
ENSG00000225203,2
ENSG00000225205,37
ENSG00000225206,0
ENSG00000225208,0
ENSG00000225209,0
ENSG00000225210,194
ENSG00000225212,0
ENSG00000225213,0
ENSG00000225214,0
ENSG00000225215,0
ENSG00000225216,0
ENSG00000225217,73
ENSG00000225218,2
ENSG00000225221,0
ENSG00000225222,0
ENSG00000225224,3
ENSG00000225225,0
ENSG00000225226,1
ENSG00000225230,2
ENSG00000225231,0
ENSG00000225233,0
ENSG00000225234,29
ENSG00000225235,1
ENSG00000225236,0
ENSG00000225238,0
ENSG00000225239,0
ENSG00000225240,1
ENSG00000225242,0
ENSG00000225243,3
ENSG00000225244,0
ENSG00000225246,0
ENSG00000225249,0
ENSG00000225251,1
ENSG00000225253,0
ENSG00000225254,0
ENSG00000225255,81
ENSG00000225256,0
ENSG00000225258,0
ENSG00000225259,11
ENSG00000225261,1
ENSG00000225263,0
ENSG00000225264,9
ENSG00000225265,364
ENSG00000225267,0
ENSG00000225269,0
ENSG00000225270,0
ENSG00000225271,0
ENSG00000225272,0
ENSG00000225275,0
ENSG00000225276,0
ENSG00000225279,3
ENSG00000225280,0
ENSG00000225282,4
ENSG00000225284,0
ENSG00000225285,78
ENSG00000225286,0
ENSG00000225287,0
ENSG00000225289,0
ENSG00000225292,0
ENSG00000225293,0
ENSG00000225294,3
ENSG00000225295,0
ENSG00000225297,0
ENSG00000225298,1
ENSG00000225299,0
ENSG00000225300,31
ENSG00000225302,383
ENSG00000225303,0
ENSG00000225304,0
ENSG00000225308,3
ENSG00000225310,0
ENSG00000225311,0
ENSG00000225313,89
ENSG00000225314,2
ENSG00000225315,0
ENSG00000225316,0
ENSG00000225321,0
ENSG00000225323,0
ENSG00000225325,0
ENSG00000225326,0
ENSG00000225327,0
ENSG00000225328,0
ENSG00000225329,3
ENSG00000225330,0
ENSG00000225331,3
ENSG00000225333,0
ENSG00000225334,0
ENSG00000225335,66
ENSG00000225336,0
ENSG00000225337,0
ENSG00000225338,11
ENSG00000225339,12
ENSG00000225341,0
ENSG00000225342,19
ENSG00000225343,0
ENSG00000225344,0
ENSG00000225345,0
ENSG00000225347,0
ENSG00000225349,1
ENSG00000225350,0
ENSG00000225352,0
ENSG00000225354,0
ENSG00000225355,1
ENSG00000225356,5
ENSG00000225357,2
ENSG00000225358,0
ENSG00000225359,0
ENSG00000225360,0
ENSG00000225361,219
ENSG00000225362,279
ENSG00000225364,0
ENSG00000225365,1
ENSG00000225366,0
ENSG00000225369,0
ENSG00000225370,2
ENSG00000225371,0
ENSG00000225376,0
ENSG00000225377,83
ENSG00000225378,0
ENSG00000225380,0
ENSG00000225381,1
ENSG00000225383,11
ENSG00000225384,0
ENSG00000225385,0
ENSG00000225386,0
ENSG00000225387,0
ENSG00000225391,0
ENSG00000225392,1
ENSG00000225393,0
ENSG00000225394,0
ENSG00000225396,1
ENSG00000225397,0
ENSG00000225398,1
ENSG00000225399,7
ENSG00000225400,10
ENSG00000225401,5
ENSG00000225402,0
ENSG00000225404,0
ENSG00000225405,1
ENSG00000225406,0
ENSG00000225407,0
ENSG00000225408,13
ENSG00000225411,7
ENSG00000225413,0
ENSG00000225415,1
ENSG00000225416,3
ENSG00000225417,0
ENSG00000225418,0
ENSG00000225419,1
ENSG00000225420,0
ENSG00000225421,0
ENSG00000225422,11
ENSG00000225423,1
ENSG00000225424,0
ENSG00000225427,0
ENSG00000225428,0
ENSG00000225431,36
ENSG00000225433,0
ENSG00000225434,11
ENSG00000225437,0
ENSG00000225438,0
ENSG00000225439,41
ENSG00000225442,4
ENSG00000225443,0
ENSG00000225444,0
ENSG00000225446,0
ENSG00000225447,15
ENSG00000225448,0
ENSG00000225449,161
ENSG00000225450,4
ENSG00000225451,0
ENSG00000225455,0
ENSG00000225457,0
ENSG00000225458,0
ENSG00000225460,3
ENSG00000225462,3
ENSG00000225463,0
ENSG00000225465,9
ENSG00000225466,0
ENSG00000225469,0
ENSG00000225470,855
ENSG00000225471,9
ENSG00000225472,9
ENSG00000225473,0
ENSG00000225475,0
ENSG00000225476,0
ENSG00000225477,0
ENSG00000225478,0
ENSG00000225479,0
ENSG00000225480,0
ENSG00000225482,0
ENSG00000225483,0
ENSG00000225484,397
ENSG00000225486,0
ENSG00000225487,0
ENSG00000225488,0
ENSG00000225489,360
ENSG00000225490,5
ENSG00000225491,0
ENSG00000225492,120
ENSG00000225493,3
ENSG00000225496,0
ENSG00000225497,0
ENSG00000225498,4
ENSG00000225499,0
ENSG00000225501,0
ENSG00000225502,0
ENSG00000225505,0
ENSG00000225506,7
ENSG00000225507,42
ENSG00000225508,0
ENSG00000225509,0
ENSG00000225510,0
ENSG00000225511,2
ENSG00000225513,7
ENSG00000225514,0
ENSG00000225516,0
ENSG00000225518,22
ENSG00000225519,0
ENSG00000225520,0
ENSG00000225521,3
ENSG00000225522,0
ENSG00000225523,15
ENSG00000225526,53
ENSG00000225527,0
ENSG00000225528,5
ENSG00000225530,0
ENSG00000225531,2
ENSG00000225532,3
ENSG00000225533,0
ENSG00000225535,4
ENSG00000225536,2
ENSG00000225537,2
ENSG00000225538,0
ENSG00000225539,0
ENSG00000225541,5
ENSG00000225542,0
ENSG00000225544,0
ENSG00000225545,0
ENSG00000225546,0
ENSG00000225548,14
ENSG00000225549,0
ENSG00000225551,0
ENSG00000225552,0
ENSG00000225554,0
ENSG00000225555,4
ENSG00000225556,56
ENSG00000225557,0
ENSG00000225558,3
ENSG00000225559,1
ENSG00000225560,0
ENSG00000225561,0
ENSG00000225563,0
ENSG00000225564,0
ENSG00000225568,0
ENSG00000225569,0
ENSG00000225570,0
ENSG00000225572,1
ENSG00000225573,65
ENSG00000225574,1
ENSG00000225578,6
ENSG00000225579,0
ENSG00000225580,0
ENSG00000225581,0
ENSG00000225582,0
ENSG00000225583,0
ENSG00000225585,0
ENSG00000225588,0
ENSG00000225591,1
ENSG00000225594,0
ENSG00000225595,32
ENSG00000225598,0
ENSG00000225602,0
ENSG00000225603,0
ENSG00000225605,0
ENSG00000225606,0
ENSG00000225609,0
ENSG00000225610,0
ENSG00000225611,0
ENSG00000225612,0
ENSG00000225613,0
ENSG00000225614,393
ENSG00000225615,0
ENSG00000225616,16
ENSG00000225619,0
ENSG00000225620,0
ENSG00000225622,0
ENSG00000225623,0
ENSG00000225624,0
ENSG00000225625,0
ENSG00000225626,1
ENSG00000225630,2753
ENSG00000225632,0
ENSG00000225636,1
ENSG00000225637,0
ENSG00000225638,0
ENSG00000225639,0
ENSG00000225640,0
ENSG00000225642,0
ENSG00000225643,4
ENSG00000225644,0
ENSG00000225647,0
ENSG00000225648,1094
ENSG00000225649,0
ENSG00000225650,0
ENSG00000225652,3
ENSG00000225653,0
ENSG00000225655,1
ENSG00000225656,14
ENSG00000225657,1
ENSG00000225658,0
ENSG00000225660,0
ENSG00000225661,0
ENSG00000225662,2
ENSG00000225663,2982
ENSG00000225664,0
ENSG00000225665,0
ENSG00000225667,0
ENSG00000225669,0
ENSG00000225670,24
ENSG00000225671,0
ENSG00000225672,0
ENSG00000225673,0
ENSG00000225674,1
ENSG00000225675,2
ENSG00000225676,0
ENSG00000225678,1
ENSG00000225680,0
ENSG00000225681,0
ENSG00000225683,0
ENSG00000225684,18
ENSG00000225685,0
ENSG00000225689,0
ENSG00000225690,0
ENSG00000225693,3
ENSG00000225695,7
ENSG00000225697,1468
ENSG00000225698,177
ENSG00000225701,1
ENSG00000225703,1
ENSG00000225704,6
ENSG00000225705,0
ENSG00000225706,1
ENSG00000225708,180
ENSG00000225710,0
ENSG00000225711,0
ENSG00000225712,0
ENSG00000225713,0
ENSG00000225715,0
ENSG00000225716,0
ENSG00000225718,2
ENSG00000225719,0
ENSG00000225720,2
ENSG00000225721,8
ENSG00000225722,0
ENSG00000225723,0
ENSG00000225724,7
ENSG00000225725,0
ENSG00000225726,4
ENSG00000225727,0
ENSG00000225728,0
ENSG00000225730,0
ENSG00000225731,8
ENSG00000225733,5636
ENSG00000225735,0
ENSG00000225738,0
ENSG00000225739,0
ENSG00000225740,0
ENSG00000225741,0
ENSG00000225742,24
ENSG00000225744,0
ENSG00000225745,0
ENSG00000225746,1
ENSG00000225750,0
ENSG00000225751,2
ENSG00000225752,0
ENSG00000225755,0
ENSG00000225756,22
ENSG00000225758,0
ENSG00000225759,0
ENSG00000225760,0
ENSG00000225761,0
ENSG00000225762,73
ENSG00000225764,0
ENSG00000225765,0
ENSG00000225766,37
ENSG00000225767,0
ENSG00000225768,0
ENSG00000225769,0
ENSG00000225770,0
ENSG00000225774,2
ENSG00000225775,0
ENSG00000225777,0
ENSG00000225778,8
ENSG00000225779,0
ENSG00000225781,0
ENSG00000225783,153
ENSG00000225785,1
ENSG00000225787,0
ENSG00000225790,14
ENSG00000225791,262
ENSG00000225792,5
ENSG00000225793,10
ENSG00000225794,0
ENSG00000225795,0
ENSG00000225796,0
ENSG00000225797,0
ENSG00000225798,0
ENSG00000225801,0
ENSG00000225802,4
ENSG00000225803,0
ENSG00000225805,0
ENSG00000225806,38
ENSG00000225807,0
ENSG00000225808,9
ENSG00000225809,0
ENSG00000225811,0
ENSG00000225813,3
ENSG00000225814,0
ENSG00000225815,0
ENSG00000225816,0
ENSG00000225818,0
ENSG00000225819,0
ENSG00000225822,1
ENSG00000225823,0
ENSG00000225825,0
ENSG00000225826,0
ENSG00000225827,0
ENSG00000225828,48
ENSG00000225830,833
ENSG00000225831,0
ENSG00000225832,0
ENSG00000225833,0
ENSG00000225836,0
ENSG00000225839,0
ENSG00000225840,8
ENSG00000225842,0
ENSG00000225843,0
ENSG00000225846,0
ENSG00000225849,14
ENSG00000225850,3
ENSG00000225851,1
ENSG00000225854,1
ENSG00000225855,132
ENSG00000225856,0
ENSG00000225857,3
ENSG00000225858,0
ENSG00000225860,0
ENSG00000225864,4
ENSG00000225867,0
ENSG00000225868,13
ENSG00000225869,2
ENSG00000225870,1
ENSG00000225871,9
ENSG00000225872,0
ENSG00000225873,2
ENSG00000225876,0
ENSG00000225877,0
ENSG00000225878,0
ENSG00000225879,0
ENSG00000225880,22
ENSG00000225881,0
ENSG00000225882,82
ENSG00000225883,0
ENSG00000225884,0
ENSG00000225885,3
ENSG00000225886,4
ENSG00000225889,13
ENSG00000225891,7
ENSG00000225892,285
ENSG00000225893,0
ENSG00000225895,0
ENSG00000225896,0
ENSG00000225898,1
ENSG00000225899,0
ENSG00000225900,0
ENSG00000225901,1
ENSG00000225903,0
ENSG00000225904,0
ENSG00000225905,13
ENSG00000225906,0
ENSG00000225907,6
ENSG00000225911,0
ENSG00000225912,0
ENSG00000225913,10
ENSG00000225914,0
ENSG00000225916,3
ENSG00000225918,0
ENSG00000225919,0
ENSG00000225920,11
ENSG00000225921,2319
ENSG00000225922,0
ENSG00000225923,0
ENSG00000225924,0
ENSG00000225925,0
ENSG00000225928,0
ENSG00000225929,1
ENSG00000225930,0
ENSG00000225931,2
ENSG00000225932,4
ENSG00000225933,0
ENSG00000225934,1
ENSG00000225935,0
ENSG00000225936,0
ENSG00000225937,0
ENSG00000225938,8
ENSG00000225940,2
ENSG00000225942,14
ENSG00000225943,0
ENSG00000225944,0
ENSG00000225945,3
ENSG00000225947,0
ENSG00000225948,1
ENSG00000225949,0
ENSG00000225950,16
ENSG00000225951,7
ENSG00000225952,0
ENSG00000225953,0
ENSG00000225956,2
ENSG00000225957,0
ENSG00000225959,0
ENSG00000225960,0
ENSG00000225962,0
ENSG00000225963,70
ENSG00000225964,3
ENSG00000225965,0
ENSG00000225968,78
ENSG00000225969,70
ENSG00000225970,0
ENSG00000225971,0
ENSG00000225972,5
ENSG00000225973,325
ENSG00000225974,0
ENSG00000225975,38
ENSG00000225976,2
ENSG00000225978,41
ENSG00000225979,0
ENSG00000225980,0
ENSG00000225981,2
ENSG00000225982,2
ENSG00000225984,1
ENSG00000225986,47
ENSG00000225988,3
ENSG00000225990,0
ENSG00000225991,0
ENSG00000225992,1
ENSG00000225997,0
ENSG00000225999,0
ENSG00000226002,22
ENSG00000226003,0
ENSG00000226004,3
ENSG00000226005,2
ENSG00000226007,4
ENSG00000226008,0
ENSG00000226009,5
ENSG00000226010,0
ENSG00000226011,0
ENSG00000226012,2
ENSG00000226013,0
ENSG00000226014,0
ENSG00000226015,33
ENSG00000226016,0
ENSG00000226017,3
ENSG00000226020,0
ENSG00000226022,0
ENSG00000226023,0
ENSG00000226024,0
ENSG00000226025,29
ENSG00000226026,4
ENSG00000226028,0
ENSG00000226029,78
ENSG00000226030,1
ENSG00000226031,9
ENSG00000226032,0
ENSG00000226034,0
ENSG00000226036,0
ENSG00000226037,0
ENSG00000226038,16
ENSG00000226040,4
ENSG00000226041,0
ENSG00000226042,0
ENSG00000226043,1
ENSG00000226045,2
ENSG00000226046,0
ENSG00000226047,0
ENSG00000226048,0
ENSG00000226049,74
ENSG00000226051,46
ENSG00000226053,0
ENSG00000226054,93
ENSG00000226055,31
ENSG00000226056,0
ENSG00000226057,182
ENSG00000226058,0
ENSG00000226059,1
ENSG00000226061,0
ENSG00000226063,0
ENSG00000226064,0
ENSG00000226065,1
ENSG00000226066,0
ENSG00000226067,76
ENSG00000226068,1
ENSG00000226070,1
ENSG00000226072,0
ENSG00000226074,3
ENSG00000226075,0
ENSG00000226078,0
ENSG00000226079,0
ENSG00000226080,1
ENSG00000226081,0
ENSG00000226082,0
ENSG00000226083,0
ENSG00000226084,741
ENSG00000226085,0
ENSG00000226086,2
ENSG00000226087,6
ENSG00000226088,1
ENSG00000226089,0
ENSG00000226091,10
ENSG00000226092,0
ENSG00000226093,0
ENSG00000226094,0
ENSG00000226096,0
ENSG00000226097,0
ENSG00000226098,1
ENSG00000226101,0
ENSG00000226102,0
ENSG00000226107,0
ENSG00000226108,0
ENSG00000226110,0
ENSG00000226112,0
ENSG00000226113,0
ENSG00000226114,0
ENSG00000226115,0
ENSG00000226116,0
ENSG00000226117,0
ENSG00000226118,0
ENSG00000226119,0
ENSG00000226121,10
ENSG00000226122,0
ENSG00000226124,17
ENSG00000226125,8
ENSG00000226126,0
ENSG00000226128,0
ENSG00000226130,0
ENSG00000226131,0
ENSG00000226132,0
ENSG00000226133,0
ENSG00000226134,0
ENSG00000226137,391
ENSG00000226138,0
ENSG00000226140,0
ENSG00000226141,0
ENSG00000226142,0
ENSG00000226143,0
ENSG00000226144,2
ENSG00000226145,4
ENSG00000226147,1
ENSG00000226148,0
ENSG00000226149,0
ENSG00000226153,0
ENSG00000226155,5
ENSG00000226156,0
ENSG00000226157,0
ENSG00000226158,2
ENSG00000226159,0
ENSG00000226160,0
ENSG00000226161,0
ENSG00000226163,0
ENSG00000226164,0
ENSG00000226166,0
ENSG00000226167,10
ENSG00000226168,0
ENSG00000226169,0
ENSG00000226172,0
ENSG00000226174,18
ENSG00000226179,29
ENSG00000226180,119
ENSG00000226181,0
ENSG00000226183,0
ENSG00000226185,2
ENSG00000226186,2
ENSG00000226188,0
ENSG00000226191,1
ENSG00000226193,0
ENSG00000226194,12
ENSG00000226196,0
ENSG00000226197,7
ENSG00000226199,0
ENSG00000226200,181
ENSG00000226202,0
ENSG00000226203,0
ENSG00000226204,0
ENSG00000226205,0
ENSG00000226206,1
ENSG00000226207,40
ENSG00000226208,0
ENSG00000226209,1
ENSG00000226210,781
ENSG00000226211,0
ENSG00000226212,0
ENSG00000226213,0
ENSG00000226216,0
ENSG00000226217,0
ENSG00000226218,0
ENSG00000226220,0
ENSG00000226221,21
ENSG00000226222,0
ENSG00000226223,0
ENSG00000226226,0
ENSG00000226229,0
ENSG00000226230,0
ENSG00000226232,22
ENSG00000226233,0
ENSG00000226234,0
ENSG00000226235,3
ENSG00000226237,13
ENSG00000226238,0
ENSG00000226239,10
ENSG00000226240,0
ENSG00000226241,0
ENSG00000226242,0
ENSG00000226243,17
ENSG00000226245,11
ENSG00000226246,0
ENSG00000226247,0
ENSG00000226249,0
ENSG00000226250,0
ENSG00000226251,0
ENSG00000226252,1
ENSG00000226253,1
ENSG00000226254,0
ENSG00000226255,0
ENSG00000226258,0
ENSG00000226259,1
ENSG00000226261,1
ENSG00000226262,0
ENSG00000226263,1
ENSG00000226266,56
ENSG00000226268,70
ENSG00000226270,0
ENSG00000226272,0
ENSG00000226273,0
ENSG00000226276,16
ENSG00000226277,0
ENSG00000226278,0
ENSG00000226279,2
ENSG00000226280,0
ENSG00000226281,1
ENSG00000226284,13
ENSG00000226285,0
ENSG00000226286,1
ENSG00000226287,135
ENSG00000226288,0
ENSG00000226289,0
ENSG00000226291,1
ENSG00000226292,0
ENSG00000226296,0
ENSG00000226297,0
ENSG00000226298,0
ENSG00000226299,0
ENSG00000226301,0
ENSG00000226302,0
ENSG00000226304,0
ENSG00000226306,1
ENSG00000226307,0
ENSG00000226308,0
ENSG00000226309,0
ENSG00000226310,1
ENSG00000226312,3
ENSG00000226313,0
ENSG00000226314,5
ENSG00000226317,0
ENSG00000226318,0
ENSG00000226320,0
ENSG00000226321,354
ENSG00000226323,1
ENSG00000226324,0
ENSG00000226327,3
ENSG00000226328,208
ENSG00000226329,22
ENSG00000226330,17
ENSG00000226331,0
ENSG00000226332,74
ENSG00000226334,11
ENSG00000226336,0
ENSG00000226337,0
ENSG00000226338,0
ENSG00000226339,0
ENSG00000226340,0
ENSG00000226341,0
ENSG00000226342,12
ENSG00000226344,0
ENSG00000226345,2
ENSG00000226348,0
ENSG00000226349,1
ENSG00000226352,8
ENSG00000226353,0
ENSG00000226355,0
ENSG00000226356,0
ENSG00000226358,1
ENSG00000226359,4
ENSG00000226360,22
ENSG00000226361,1
ENSG00000226362,0
ENSG00000226363,4
ENSG00000226364,0
ENSG00000226366,0
ENSG00000226367,1
ENSG00000226369,0
ENSG00000226370,0
ENSG00000226372,0
ENSG00000226374,0
ENSG00000226375,0
ENSG00000226376,0
ENSG00000226377,37
ENSG00000226380,30
ENSG00000226383,119
ENSG00000226386,16
ENSG00000226387,0
ENSG00000226388,0
ENSG00000226389,0
ENSG00000226390,1
ENSG00000226392,0
ENSG00000226393,1
ENSG00000226394,0
ENSG00000226395,0
ENSG00000226396,28
ENSG00000226397,2
ENSG00000226398,0
ENSG00000226400,4
ENSG00000226401,0
ENSG00000226403,0
ENSG00000226405,0
ENSG00000226406,0
ENSG00000226407,0
ENSG00000226409,0
ENSG00000226410,0
ENSG00000226411,0
ENSG00000226412,0
ENSG00000226413,0
ENSG00000226414,0
ENSG00000226415,85
ENSG00000226416,21
ENSG00000226419,52
ENSG00000226420,0
ENSG00000226421,57
ENSG00000226423,1
ENSG00000226425,0
ENSG00000226426,0
ENSG00000226427,0
ENSG00000226428,0
ENSG00000226429,0
ENSG00000226430,0
ENSG00000226431,0
ENSG00000226432,1
ENSG00000226433,0
ENSG00000226434,1
ENSG00000226435,1
ENSG00000226436,6
ENSG00000226438,1
ENSG00000226439,2
ENSG00000226440,1
ENSG00000226441,0
ENSG00000226442,0
ENSG00000226443,0
ENSG00000226444,0
ENSG00000226445,28
ENSG00000226446,0
ENSG00000226447,0
ENSG00000226448,0
ENSG00000226449,0
ENSG00000226450,3
ENSG00000226453,0
ENSG00000226454,0
ENSG00000226455,3
ENSG00000226457,9
ENSG00000226461,0
ENSG00000226465,52
ENSG00000226466,0
ENSG00000226468,2
ENSG00000226469,21
ENSG00000226470,0
ENSG00000226471,77
ENSG00000226472,3
ENSG00000226473,0
ENSG00000226474,0
ENSG00000226476,0
ENSG00000226477,0
ENSG00000226478,5
ENSG00000226479,2953
ENSG00000226480,0
ENSG00000226481,0
ENSG00000226482,1
ENSG00000226483,0
ENSG00000226484,0
ENSG00000226485,0
ENSG00000226486,0
ENSG00000226487,0
ENSG00000226488,0
ENSG00000226489,0
ENSG00000226490,0
ENSG00000226491,25
ENSG00000226493,1
ENSG00000226496,8
ENSG00000226497,0
ENSG00000226498,0
ENSG00000226499,5
ENSG00000226500,0
ENSG00000226501,0
ENSG00000226502,0
ENSG00000226504,0
ENSG00000226506,0
ENSG00000226507,0
ENSG00000226508,5
ENSG00000226509,0
ENSG00000226510,5
ENSG00000226515,0
ENSG00000226516,0
ENSG00000226519,0
ENSG00000226520,0
ENSG00000226521,4
ENSG00000226522,0
ENSG00000226523,0
ENSG00000226525,76
ENSG00000226526,3
ENSG00000226527,0
ENSG00000226529,0
ENSG00000226530,1
ENSG00000226532,0
ENSG00000226533,0
ENSG00000226534,0
ENSG00000226535,0
ENSG00000226536,0
ENSG00000226537,0
ENSG00000226539,1
ENSG00000226540,1
ENSG00000226541,0
ENSG00000226542,1
ENSG00000226543,0
ENSG00000226544,0
ENSG00000226545,0
ENSG00000226547,0
ENSG00000226548,1
ENSG00000226549,1
ENSG00000226552,0
ENSG00000226553,0
ENSG00000226554,0
ENSG00000226555,0
ENSG00000226556,0
ENSG00000226557,0
ENSG00000226558,0
ENSG00000226562,0
ENSG00000226564,191
ENSG00000226565,0
ENSG00000226566,0
ENSG00000226567,0
ENSG00000226570,0
ENSG00000226571,0
ENSG00000226572,0
ENSG00000226573,0
ENSG00000226576,0
ENSG00000226577,1
ENSG00000226578,11
ENSG00000226579,0
ENSG00000226580,2
ENSG00000226581,8
ENSG00000226582,0
ENSG00000226587,0
ENSG00000226590,0
ENSG00000226592,1
ENSG00000226594,0
ENSG00000226595,0
ENSG00000226597,0
ENSG00000226598,1
ENSG00000226599,1
ENSG00000226600,0
ENSG00000226601,0
ENSG00000226604,2
ENSG00000226605,0
ENSG00000226608,56
ENSG00000226609,5
ENSG00000226611,0
ENSG00000226616,0
ENSG00000226617,1
ENSG00000226619,1
ENSG00000226620,0
ENSG00000226621,0
ENSG00000226622,1
ENSG00000226624,22
ENSG00000226625,0
ENSG00000226626,2
ENSG00000226627,0
ENSG00000226629,2
ENSG00000226631,0
ENSG00000226632,2
ENSG00000226633,0
ENSG00000226636,0
ENSG00000226640,0
ENSG00000226641,0
ENSG00000226642,0
ENSG00000226643,0
ENSG00000226644,20
ENSG00000226645,0
ENSG00000226646,0
ENSG00000226647,1
ENSG00000226648,4
ENSG00000226649,0
ENSG00000226650,5
ENSG00000226652,3
ENSG00000226653,0
ENSG00000226655,0
ENSG00000226658,0
ENSG00000226659,21
ENSG00000226660,14
ENSG00000226661,2
ENSG00000226662,1
ENSG00000226663,0
ENSG00000226664,0
ENSG00000226665,0
ENSG00000226666,1
ENSG00000226668,0
ENSG00000226669,3
ENSG00000226670,0
ENSG00000226671,0
ENSG00000226673,0
ENSG00000226674,9
ENSG00000226676,1
ENSG00000226677,1
ENSG00000226679,0
ENSG00000226680,0
ENSG00000226681,0
ENSG00000226683,0
ENSG00000226684,0
ENSG00000226685,0
ENSG00000226686,257
ENSG00000226688,76
ENSG00000226690,10
ENSG00000226693,0
ENSG00000226694,0
ENSG00000226695,0
ENSG00000226696,65
ENSG00000226698,0
ENSG00000226699,3
ENSG00000226700,0
ENSG00000226701,1
ENSG00000226702,0
ENSG00000226703,0
ENSG00000226705,0
ENSG00000226706,10
ENSG00000226707,0
ENSG00000226708,0
ENSG00000226709,4
ENSG00000226711,24
ENSG00000226715,0
ENSG00000226716,0
ENSG00000226717,0
ENSG00000226718,0
ENSG00000226721,0
ENSG00000226722,0
ENSG00000226723,4
ENSG00000226724,0
ENSG00000226725,0
ENSG00000226726,0
ENSG00000226729,0
ENSG00000226733,0
ENSG00000226734,0
ENSG00000226738,54
ENSG00000226739,0
ENSG00000226741,3
ENSG00000226742,425
ENSG00000226744,0
ENSG00000226745,0
ENSG00000226746,0
ENSG00000226747,36
ENSG00000226750,0
ENSG00000226751,2
ENSG00000226752,1383
ENSG00000226753,0
ENSG00000226754,418
ENSG00000226755,0
ENSG00000226756,20
ENSG00000226757,0
ENSG00000226758,0
ENSG00000226759,0
ENSG00000226761,0
ENSG00000226762,0
ENSG00000226763,38
ENSG00000226764,0
ENSG00000226765,0
ENSG00000226766,0
ENSG00000226767,0
ENSG00000226769,1
ENSG00000226770,4
ENSG00000226771,0
ENSG00000226772,0
ENSG00000226773,0
ENSG00000226774,0
ENSG00000226776,0
ENSG00000226777,111
ENSG00000226779,3
ENSG00000226780,0
ENSG00000226781,74
ENSG00000226782,0
ENSG00000226783,0
ENSG00000226784,7
ENSG00000226785,0
ENSG00000226786,2
ENSG00000226789,1
ENSG00000226790,3
ENSG00000226791,112
ENSG00000226792,1
ENSG00000226794,0
ENSG00000226797,7
ENSG00000226798,11
ENSG00000226800,3
ENSG00000226801,0
ENSG00000226802,0
ENSG00000226803,18
ENSG00000226804,0
ENSG00000226806,6
ENSG00000226807,8
ENSG00000226808,12
ENSG00000226810,0
ENSG00000226812,0
ENSG00000226813,0
ENSG00000226814,0
ENSG00000226816,2
ENSG00000226818,0
ENSG00000226819,1
ENSG00000226820,0
ENSG00000226822,0
ENSG00000226823,1
ENSG00000226824,131
ENSG00000226825,4
ENSG00000226827,0
ENSG00000226828,1
ENSG00000226829,0
ENSG00000226831,0
ENSG00000226833,33
ENSG00000226835,2
ENSG00000226836,0
ENSG00000226837,0
ENSG00000226838,0
ENSG00000226839,0
ENSG00000226840,0
ENSG00000226842,0
ENSG00000226843,0
ENSG00000226845,0
ENSG00000226846,0
ENSG00000226847,0
ENSG00000226849,4
ENSG00000226851,5
ENSG00000226853,72
ENSG00000226854,0
ENSG00000226855,4
ENSG00000226856,93
ENSG00000226857,0
ENSG00000226859,1
ENSG00000226860,0
ENSG00000226861,0
ENSG00000226862,3
ENSG00000226863,0
ENSG00000226864,19
ENSG00000226867,0
ENSG00000226868,0
ENSG00000226869,0
ENSG00000226870,0
ENSG00000226871,1
ENSG00000226872,0
ENSG00000226873,0
ENSG00000226874,1
ENSG00000226875,0
ENSG00000226876,1
ENSG00000226877,1
ENSG00000226878,3
ENSG00000226880,0
ENSG00000226881,4
ENSG00000226883,3
ENSG00000226884,1
ENSG00000226885,0
ENSG00000226886,0
ENSG00000226887,60
ENSG00000226888,0
ENSG00000226889,4
ENSG00000226890,0
ENSG00000226891,8
ENSG00000226899,0
ENSG00000226900,0
ENSG00000226902,0
ENSG00000226903,10
ENSG00000226904,0
ENSG00000226905,0
ENSG00000226906,0
ENSG00000226908,0
ENSG00000226912,4
ENSG00000226913,5
ENSG00000226915,2
ENSG00000226917,0
ENSG00000226918,0
ENSG00000226919,1
ENSG00000226920,0
ENSG00000226921,0
ENSG00000226925,0
ENSG00000226926,0
ENSG00000226927,0
ENSG00000226928,3
ENSG00000226929,0
ENSG00000226930,0
ENSG00000226933,0
ENSG00000226935,0
ENSG00000226937,3
ENSG00000226938,0
ENSG00000226939,0
ENSG00000226941,0
ENSG00000226942,1
ENSG00000226943,1
ENSG00000226944,1
ENSG00000226945,16
ENSG00000226946,0
ENSG00000226947,0
ENSG00000226948,3
ENSG00000226949,0
ENSG00000226950,1736
ENSG00000226952,3
ENSG00000226953,4
ENSG00000226954,58
ENSG00000226955,0
ENSG00000226956,0
ENSG00000226957,11
ENSG00000226958,12
ENSG00000226960,0
ENSG00000226961,1
ENSG00000226962,0
ENSG00000226963,0
ENSG00000226964,3
ENSG00000226965,2
ENSG00000226967,0
ENSG00000226968,0
ENSG00000226969,2
ENSG00000226970,2
ENSG00000226971,0
ENSG00000226972,0
ENSG00000226973,0
ENSG00000226975,0
ENSG00000226976,59
ENSG00000226977,0
ENSG00000226978,0
ENSG00000226979,62
ENSG00000226981,0
ENSG00000226982,10
ENSG00000226983,0
ENSG00000226984,0
ENSG00000226985,0
ENSG00000226986,24
ENSG00000226987,0
ENSG00000226989,0
ENSG00000226990,0
ENSG00000226991,1
ENSG00000226992,0
ENSG00000226994,0
ENSG00000226995,0
ENSG00000226996,1
ENSG00000226998,0
ENSG00000226999,0
ENSG00000227000,0
ENSG00000227001,47
ENSG00000227002,0
ENSG00000227004,0
ENSG00000227006,3
ENSG00000227007,0
ENSG00000227008,18
ENSG00000227009,0
ENSG00000227011,0
ENSG00000227012,0
ENSG00000227013,0
ENSG00000227014,22
ENSG00000227015,1
ENSG00000227016,0
ENSG00000227017,6
ENSG00000227018,0
ENSG00000227019,0
ENSG00000227021,0
ENSG00000227023,0
ENSG00000227028,4
ENSG00000227029,0
ENSG00000227032,0
ENSG00000227033,0
ENSG00000227034,3
ENSG00000227035,0
ENSG00000227036,192
ENSG00000227038,76
ENSG00000227039,63
ENSG00000227040,0
ENSG00000227042,0
ENSG00000227043,0
ENSG00000227045,3
ENSG00000227047,0
ENSG00000227048,0
ENSG00000227050,2
ENSG00000227051,416
ENSG00000227053,8
ENSG00000227054,0
ENSG00000227055,0
ENSG00000227056,0
ENSG00000227057,2390
ENSG00000227058,0
ENSG00000227059,0
ENSG00000227060,2
ENSG00000227061,0
ENSG00000227062,0
ENSG00000227063,1097
ENSG00000227064,0
ENSG00000227066,3
ENSG00000227067,0
ENSG00000227068,1
ENSG00000227069,0
ENSG00000227070,6
ENSG00000227071,0
ENSG00000227072,1
ENSG00000227073,1
ENSG00000227075,0
ENSG00000227076,1
ENSG00000227077,15
ENSG00000227078,0
ENSG00000227080,1
ENSG00000227081,90
ENSG00000227082,2
ENSG00000227083,0
ENSG00000227087,0
ENSG00000227088,0
ENSG00000227089,0
ENSG00000227090,0
ENSG00000227091,0
ENSG00000227094,1
ENSG00000227096,0
ENSG00000227097,5685
ENSG00000227098,1
ENSG00000227101,0
ENSG00000227102,0
ENSG00000227104,0
ENSG00000227105,3
ENSG00000227107,34
ENSG00000227108,0
ENSG00000227109,0
ENSG00000227110,19
ENSG00000227113,0
ENSG00000227115,0
ENSG00000227116,0
ENSG00000227117,5
ENSG00000227118,0
ENSG00000227120,0
ENSG00000227121,37
ENSG00000227123,0
ENSG00000227124,490
ENSG00000227125,0
ENSG00000227128,0
ENSG00000227131,0
ENSG00000227133,3
ENSG00000227134,0
ENSG00000227135,1
ENSG00000227136,1
ENSG00000227138,0
ENSG00000227139,0
ENSG00000227140,0
ENSG00000227141,22
ENSG00000227143,0
ENSG00000227145,12
ENSG00000227148,0
ENSG00000227149,0
ENSG00000227150,0
ENSG00000227151,0
ENSG00000227152,0
ENSG00000227154,0
ENSG00000227155,7
ENSG00000227157,0
ENSG00000227158,1
ENSG00000227159,1
ENSG00000227160,0
ENSG00000227161,0
ENSG00000227163,0
ENSG00000227165,0
ENSG00000227166,0
ENSG00000227167,0
ENSG00000227169,0
ENSG00000227170,2
ENSG00000227172,1
ENSG00000227173,0
ENSG00000227175,0
ENSG00000227176,8
ENSG00000227177,0
ENSG00000227179,0
ENSG00000227180,0
ENSG00000227181,0
ENSG00000227182,2
ENSG00000227183,2
ENSG00000227186,0
ENSG00000227187,0
ENSG00000227188,0
ENSG00000227189,0
ENSG00000227191,32
ENSG00000227192,15
ENSG00000227193,3
ENSG00000227195,171
ENSG00000227196,3
ENSG00000227197,2
ENSG00000227198,0
ENSG00000227199,231
ENSG00000227200,3
ENSG00000227201,5
ENSG00000227203,0
ENSG00000227204,0
ENSG00000227205,0
ENSG00000227206,0
ENSG00000227207,0
ENSG00000227209,0
ENSG00000227210,5
ENSG00000227211,0
ENSG00000227212,6
ENSG00000227213,2
ENSG00000227214,38
ENSG00000227215,0
ENSG00000227217,0
ENSG00000227218,40
ENSG00000227220,0
ENSG00000227224,0
ENSG00000227225,0
ENSG00000227227,0
ENSG00000227230,4
ENSG00000227232,24
ENSG00000227233,0
ENSG00000227234,0
ENSG00000227236,3
ENSG00000227237,3
ENSG00000227238,0
ENSG00000227240,0
ENSG00000227241,0
ENSG00000227242,9
ENSG00000227243,0
ENSG00000227244,0
ENSG00000227245,0
ENSG00000227247,0
ENSG00000227248,0
ENSG00000227249,0
ENSG00000227251,0
ENSG00000227252,65
ENSG00000227253,9
ENSG00000227254,0
ENSG00000227255,17
ENSG00000227256,16
ENSG00000227257,0
ENSG00000227258,46
ENSG00000227259,0
ENSG00000227260,4
ENSG00000227261,2
ENSG00000227262,5
ENSG00000227264,0
ENSG00000227265,0
ENSG00000227267,1
ENSG00000227268,68
ENSG00000227269,0
ENSG00000227270,0
ENSG00000227271,0
ENSG00000227274,0
ENSG00000227275,0
ENSG00000227278,0
ENSG00000227279,0
ENSG00000227282,0
ENSG00000227283,0
ENSG00000227284,0
ENSG00000227288,9
ENSG00000227289,0
ENSG00000227290,0
ENSG00000227291,0
ENSG00000227292,1
ENSG00000227293,0
ENSG00000227294,0
ENSG00000227295,10
ENSG00000227297,0
ENSG00000227298,0
ENSG00000227300,0
ENSG00000227301,0
ENSG00000227302,0
ENSG00000227303,0
ENSG00000227304,3
ENSG00000227305,0
ENSG00000227306,0
ENSG00000227307,0
ENSG00000227308,1
ENSG00000227309,0
ENSG00000227311,3
ENSG00000227312,0
ENSG00000227313,0
ENSG00000227321,1
ENSG00000227329,7
ENSG00000227330,0
ENSG00000227331,1
ENSG00000227332,0
ENSG00000227335,0
ENSG00000227336,0
ENSG00000227337,8
ENSG00000227338,0
ENSG00000227339,0
ENSG00000227342,0
ENSG00000227343,0
ENSG00000227344,1
ENSG00000227345,1400
ENSG00000227347,23
ENSG00000227348,0
ENSG00000227349,0
ENSG00000227350,0
ENSG00000227351,1
ENSG00000227352,0
ENSG00000227353,0
ENSG00000227354,60
ENSG00000227355,0
ENSG00000227356,1
ENSG00000227358,0
ENSG00000227359,79
ENSG00000227360,0
ENSG00000227361,4
ENSG00000227363,1
ENSG00000227364,0
ENSG00000227365,0
ENSG00000227367,0
ENSG00000227368,1
ENSG00000227370,1
ENSG00000227371,0
ENSG00000227372,673
ENSG00000227373,3
ENSG00000227374,2
ENSG00000227375,30
ENSG00000227376,112
ENSG00000227379,2
ENSG00000227382,1
ENSG00000227383,0
ENSG00000227386,0
ENSG00000227388,5
ENSG00000227391,0
ENSG00000227392,0
ENSG00000227393,0
ENSG00000227394,3
ENSG00000227395,0
ENSG00000227397,0
ENSG00000227398,41
ENSG00000227399,0
ENSG00000227400,0
ENSG00000227401,0
ENSG00000227403,96
ENSG00000227404,3
ENSG00000227406,0
ENSG00000227407,0
ENSG00000227408,0
ENSG00000227409,0
ENSG00000227411,0
ENSG00000227412,0
ENSG00000227413,0
ENSG00000227416,0
ENSG00000227417,0
ENSG00000227418,0
ENSG00000227421,1
ENSG00000227423,0
ENSG00000227425,4
ENSG00000227426,0
ENSG00000227427,1
ENSG00000227430,0
ENSG00000227431,9
ENSG00000227432,1
ENSG00000227433,0
ENSG00000227434,0
ENSG00000227436,1
ENSG00000227437,0
ENSG00000227438,2
ENSG00000227439,0
ENSG00000227440,86
ENSG00000227443,0
ENSG00000227444,0
ENSG00000227445,0
ENSG00000227447,0
ENSG00000227449,2
ENSG00000227453,1
ENSG00000227454,0
ENSG00000227455,0
ENSG00000227456,36
ENSG00000227459,0
ENSG00000227462,1
ENSG00000227463,0
ENSG00000227465,0
ENSG00000227466,0
ENSG00000227467,14
ENSG00000227468,0
ENSG00000227470,5
ENSG00000227471,966
ENSG00000227473,4
ENSG00000227474,1
ENSG00000227475,0
ENSG00000227477,51
ENSG00000227479,0
ENSG00000227480,2
ENSG00000227481,0
ENSG00000227482,1
ENSG00000227484,0
ENSG00000227485,0
ENSG00000227486,50
ENSG00000227487,0
ENSG00000227488,0
ENSG00000227489,0
ENSG00000227491,0
ENSG00000227492,9
ENSG00000227493,0
ENSG00000227494,0
ENSG00000227495,8
ENSG00000227496,12
ENSG00000227497,0
ENSG00000227498,0
ENSG00000227499,0
ENSG00000227500,7732
ENSG00000227502,2
ENSG00000227505,0
ENSG00000227507,602
ENSG00000227508,9
ENSG00000227509,1
ENSG00000227510,0
ENSG00000227511,0
ENSG00000227512,1
ENSG00000227513,0
ENSG00000227514,0
ENSG00000227515,0
ENSG00000227516,1
ENSG00000227517,1
ENSG00000227518,0
ENSG00000227519,0
ENSG00000227521,0
ENSG00000227523,0
ENSG00000227525,4
ENSG00000227527,31
ENSG00000227528,0
ENSG00000227531,0
ENSG00000227532,0
ENSG00000227533,23
ENSG00000227534,0
ENSG00000227535,0
ENSG00000227536,9
ENSG00000227537,0
ENSG00000227538,0
ENSG00000227540,73
ENSG00000227541,0
ENSG00000227542,42
ENSG00000227543,136
ENSG00000227544,7
ENSG00000227545,0
ENSG00000227547,0
ENSG00000227549,0
ENSG00000227550,0
ENSG00000227551,0
ENSG00000227554,0
ENSG00000227555,0
ENSG00000227556,0
ENSG00000227557,0
ENSG00000227560,3
ENSG00000227562,0
ENSG00000227563,0
ENSG00000227564,0
ENSG00000227568,0
ENSG00000227573,0
ENSG00000227574,0
ENSG00000227578,0
ENSG00000227579,1
ENSG00000227581,0
ENSG00000227582,6
ENSG00000227583,1
ENSG00000227584,0
ENSG00000227585,0
ENSG00000227586,1
ENSG00000227588,0
ENSG00000227589,0
ENSG00000227590,0
ENSG00000227591,18
ENSG00000227592,0
ENSG00000227593,0
ENSG00000227597,0
ENSG00000227598,5
ENSG00000227599,0
ENSG00000227602,0
ENSG00000227603,72
ENSG00000227604,0
ENSG00000227606,0
ENSG00000227607,0
ENSG00000227609,1
ENSG00000227610,0
ENSG00000227611,0
ENSG00000227613,0
ENSG00000227615,495
ENSG00000227616,0
ENSG00000227617,5
ENSG00000227619,16
ENSG00000227620,15
ENSG00000227621,2
ENSG00000227623,0
ENSG00000227624,0
ENSG00000227625,1
ENSG00000227627,3
ENSG00000227629,0
ENSG00000227630,598
ENSG00000227632,6
ENSG00000227633,0
ENSG00000227634,29
ENSG00000227635,0
ENSG00000227638,2
ENSG00000227640,0
ENSG00000227644,0
ENSG00000227645,0
ENSG00000227646,1
ENSG00000227649,0
ENSG00000227653,0
ENSG00000227657,0
ENSG00000227658,0
ENSG00000227659,0
ENSG00000227660,1
ENSG00000227661,0
ENSG00000227663,0
ENSG00000227666,1
ENSG00000227667,0
ENSG00000227671,691
ENSG00000227673,0
ENSG00000227674,0
ENSG00000227676,0
ENSG00000227678,1
ENSG00000227679,0
ENSG00000227680,0
ENSG00000227681,0
ENSG00000227682,1
ENSG00000227683,1
ENSG00000227684,0
ENSG00000227685,0
ENSG00000227687,0
ENSG00000227688,2
ENSG00000227689,1
ENSG00000227692,3
ENSG00000227693,0
ENSG00000227694,16
ENSG00000227695,46
ENSG00000227698,1
ENSG00000227700,0
ENSG00000227702,0
ENSG00000227704,0
ENSG00000227705,0
ENSG00000227706,0
ENSG00000227707,0
ENSG00000227708,0
ENSG00000227709,0
ENSG00000227710,0
ENSG00000227711,1
ENSG00000227712,0
ENSG00000227713,0
ENSG00000227714,0
ENSG00000227716,0
ENSG00000227717,0
ENSG00000227718,0
ENSG00000227719,78
ENSG00000227721,0
ENSG00000227722,0
ENSG00000227723,0
ENSG00000227725,2
ENSG00000227726,14
ENSG00000227728,0
ENSG00000227729,0
ENSG00000227730,0
ENSG00000227733,33
ENSG00000227734,0
ENSG00000227735,0
ENSG00000227736,0
ENSG00000227737,0
ENSG00000227738,0
ENSG00000227740,12
ENSG00000227741,11
ENSG00000227742,8
ENSG00000227743,0
ENSG00000227744,2
ENSG00000227745,1
ENSG00000227747,0
ENSG00000227748,0
ENSG00000227751,0
ENSG00000227753,0
ENSG00000227755,25
ENSG00000227757,0
ENSG00000227758,0
ENSG00000227759,2
ENSG00000227760,0
ENSG00000227762,0
ENSG00000227764,0
ENSG00000227765,13
ENSG00000227766,156
ENSG00000227769,3
ENSG00000227770,0
ENSG00000227773,2
ENSG00000227775,225
ENSG00000227776,2
ENSG00000227777,0
ENSG00000227779,0
ENSG00000227782,59
ENSG00000227784,0
ENSG00000227785,0
ENSG00000227788,1
ENSG00000227789,0
ENSG00000227790,0
ENSG00000227791,29
ENSG00000227795,0
ENSG00000227799,48
ENSG00000227800,2
ENSG00000227802,8
ENSG00000227803,2
ENSG00000227805,0
ENSG00000227806,0
ENSG00000227809,0
ENSG00000227811,4
ENSG00000227813,1
ENSG00000227814,0
ENSG00000227815,0
ENSG00000227817,0
ENSG00000227818,0
ENSG00000227824,0
ENSG00000227825,17
ENSG00000227827,0
ENSG00000227830,0
ENSG00000227832,0
ENSG00000227834,4
ENSG00000227835,0
ENSG00000227836,0
ENSG00000227837,0
ENSG00000227838,0
ENSG00000227840,0
ENSG00000227841,0
ENSG00000227842,0
ENSG00000227845,0
ENSG00000227846,0
ENSG00000227847,0
ENSG00000227848,45
ENSG00000227850,0
ENSG00000227851,0
ENSG00000227852,10
ENSG00000227854,2
ENSG00000227855,51
ENSG00000227857,169
ENSG00000227860,0
ENSG00000227862,0
ENSG00000227863,0
ENSG00000227864,0
ENSG00000227867,0
ENSG00000227868,1
ENSG00000227869,0
ENSG00000227871,0
ENSG00000227873,0
ENSG00000227874,0
ENSG00000227875,1
ENSG00000227877,0
ENSG00000227878,0
ENSG00000227879,3
ENSG00000227880,0
ENSG00000227881,3
ENSG00000227882,0
ENSG00000227883,0
ENSG00000227885,9
ENSG00000227887,1
ENSG00000227888,2
ENSG00000227890,0
ENSG00000227892,0
ENSG00000227893,0
ENSG00000227895,0
ENSG00000227896,6
ENSG00000227902,0
ENSG00000227905,0
ENSG00000227906,2
ENSG00000227907,0
ENSG00000227908,4
ENSG00000227910,45
ENSG00000227911,2
ENSG00000227912,0
ENSG00000227913,0
ENSG00000227914,0
ENSG00000227915,0
ENSG00000227917,0
ENSG00000227919,0
ENSG00000227920,0
ENSG00000227922,0
ENSG00000227923,0
ENSG00000227924,0
ENSG00000227925,7
ENSG00000227927,0
ENSG00000227929,0
ENSG00000227930,0
ENSG00000227932,0
ENSG00000227933,1
ENSG00000227934,1
ENSG00000227935,0
ENSG00000227937,0
ENSG00000227938,1
ENSG00000227939,15
ENSG00000227940,0
ENSG00000227941,0
ENSG00000227942,0
ENSG00000227945,16
ENSG00000227946,86
ENSG00000227947,0
ENSG00000227948,0
ENSG00000227949,0
ENSG00000227950,0
ENSG00000227952,0
ENSG00000227953,39
ENSG00000227954,0
ENSG00000227958,0
ENSG00000227959,2
ENSG00000227960,1
ENSG00000227962,3
ENSG00000227963,14
ENSG00000227964,5
ENSG00000227965,0
ENSG00000227968,0
ENSG00000227969,0
ENSG00000227970,0
ENSG00000227971,2
ENSG00000227972,42
ENSG00000227973,9
ENSG00000227979,0
ENSG00000227981,0
ENSG00000227982,0
ENSG00000227983,0
ENSG00000227986,186
ENSG00000227987,0
ENSG00000227988,0
ENSG00000227989,0
ENSG00000227992,2
ENSG00000227994,0
ENSG00000227995,0
ENSG00000227999,3
ENSG00000228000,0
ENSG00000228002,8
ENSG00000228004,0
ENSG00000228005,0
ENSG00000228007,3
ENSG00000228008,1
ENSG00000228010,6
ENSG00000228012,0
ENSG00000228013,16
ENSG00000228014,29
ENSG00000228015,0
ENSG00000228016,0
ENSG00000228019,0
ENSG00000228020,0
ENSG00000228021,11
ENSG00000228022,2
ENSG00000228024,0
ENSG00000228027,0
ENSG00000228028,1
ENSG00000228030,1
ENSG00000228031,0
ENSG00000228033,0
ENSG00000228034,0
ENSG00000228035,7
ENSG00000228036,1
ENSG00000228037,7
ENSG00000228038,0
ENSG00000228039,0
ENSG00000228040,0
ENSG00000228041,0
ENSG00000228042,0
ENSG00000228043,28
ENSG00000228044,517
ENSG00000228045,0
ENSG00000228046,0
ENSG00000228048,0
ENSG00000228049,0
ENSG00000228050,0
ENSG00000228051,0
ENSG00000228053,4
ENSG00000228054,0
ENSG00000228055,0
ENSG00000228056,2
ENSG00000228057,240
ENSG00000228058,2
ENSG00000228060,5
ENSG00000228061,0
ENSG00000228063,2
ENSG00000228064,0
ENSG00000228065,85
ENSG00000228067,0
ENSG00000228069,0
ENSG00000228071,3
ENSG00000228072,0
ENSG00000228073,0
ENSG00000228074,0
ENSG00000228075,0
ENSG00000228076,0
ENSG00000228078,0
ENSG00000228079,8
ENSG00000228081,1
ENSG00000228082,0
ENSG00000228083,0
ENSG00000228084,29
ENSG00000228085,0
ENSG00000228086,1
ENSG00000228089,0
ENSG00000228092,0
ENSG00000228095,0
ENSG00000228097,0
ENSG00000228098,0
ENSG00000228100,0
ENSG00000228105,0
ENSG00000228106,471
ENSG00000228107,9
ENSG00000228108,0
ENSG00000228109,62
ENSG00000228110,5
ENSG00000228111,0
ENSG00000228112,0
ENSG00000228113,4
ENSG00000228115,1
ENSG00000228118,1
ENSG00000228120,0
ENSG00000228121,1
ENSG00000228122,0
ENSG00000228123,0
ENSG00000228124,3
ENSG00000228125,0
ENSG00000228126,7
ENSG00000228127,1
ENSG00000228131,0
ENSG00000228132,0
ENSG00000228133,1
ENSG00000228134,0
ENSG00000228135,0
ENSG00000228136,0
ENSG00000228137,1
ENSG00000228139,4
ENSG00000228140,13
ENSG00000228141,0
ENSG00000228142,1
ENSG00000228143,0
ENSG00000228144,1
ENSG00000228146,2
ENSG00000228149,5
ENSG00000228150,11
ENSG00000228151,2
ENSG00000228153,0
ENSG00000228154,0
ENSG00000228156,0
ENSG00000228157,0
ENSG00000228158,34
ENSG00000228159,0
ENSG00000228160,0
ENSG00000228161,0
ENSG00000228162,4
ENSG00000228165,0
ENSG00000228166,0
ENSG00000228167,0
ENSG00000228168,99
ENSG00000228169,3
ENSG00000228170,0
ENSG00000228171,6
ENSG00000228172,27
ENSG00000228173,0
ENSG00000228174,0
ENSG00000228175,91
ENSG00000228176,2
ENSG00000228181,0
ENSG00000228182,0
ENSG00000228184,0
ENSG00000228187,0
ENSG00000228189,0
ENSG00000228190,0
ENSG00000228191,0
ENSG00000228192,27
ENSG00000228193,0
ENSG00000228194,0
ENSG00000228195,0
ENSG00000228196,0
ENSG00000228198,0
ENSG00000228201,4
ENSG00000228203,54
ENSG00000228204,11
ENSG00000228205,23
ENSG00000228206,0
ENSG00000228207,0
ENSG00000228208,2
ENSG00000228209,0
ENSG00000228210,0
ENSG00000228211,0
ENSG00000228212,1
ENSG00000228213,0
ENSG00000228214,1
ENSG00000228215,0
ENSG00000228216,0
ENSG00000228217,17
ENSG00000228218,4
ENSG00000228219,0
ENSG00000228221,27
ENSG00000228222,0
ENSG00000228223,327
ENSG00000228224,11
ENSG00000228225,0
ENSG00000228226,0
ENSG00000228229,0
ENSG00000228231,0
ENSG00000228232,51
ENSG00000228234,0
ENSG00000228235,0
ENSG00000228236,3
ENSG00000228237,1
ENSG00000228238,0
ENSG00000228239,0
ENSG00000228240,0
ENSG00000228241,0
ENSG00000228242,45
ENSG00000228247,1
ENSG00000228248,0
ENSG00000228251,9
ENSG00000228252,6
ENSG00000228253,13986
ENSG00000228255,0
ENSG00000228257,0
ENSG00000228259,1
ENSG00000228261,2
ENSG00000228262,0
ENSG00000228264,0
ENSG00000228265,173
ENSG00000228271,2
ENSG00000228272,0
ENSG00000228274,85
ENSG00000228275,0
ENSG00000228277,0
ENSG00000228278,3
ENSG00000228280,0
ENSG00000228283,1
ENSG00000228285,4
ENSG00000228286,0
ENSG00000228288,276
ENSG00000228289,0
ENSG00000228290,0
ENSG00000228291,0
ENSG00000228292,0
ENSG00000228293,2
ENSG00000228294,1
ENSG00000228295,0
ENSG00000228296,0
ENSG00000228300,1664
ENSG00000228301,0
ENSG00000228302,44
ENSG00000228303,0
ENSG00000228304,0
ENSG00000228305,13
ENSG00000228307,0
ENSG00000228308,0
ENSG00000228309,0
ENSG00000228312,0
ENSG00000228314,6
ENSG00000228315,17
ENSG00000228316,0
ENSG00000228317,0
ENSG00000228318,3
ENSG00000228319,0
ENSG00000228322,1
ENSG00000228323,53
ENSG00000228325,1
ENSG00000228327,10
ENSG00000228328,6
ENSG00000228329,1
ENSG00000228330,4
ENSG00000228331,64
ENSG00000228334,0
ENSG00000228335,14
ENSG00000228336,0
ENSG00000228337,0
ENSG00000228338,0
ENSG00000228339,2
ENSG00000228340,3
ENSG00000228341,3
ENSG00000228343,215
ENSG00000228345,0
ENSG00000228347,2
ENSG00000228348,1
ENSG00000228349,0
ENSG00000228350,11
ENSG00000228351,0
ENSG00000228352,7
ENSG00000228353,0
ENSG00000228354,0
ENSG00000228355,0
ENSG00000228358,0
ENSG00000228360,2
ENSG00000228361,2
ENSG00000228363,17
ENSG00000228364,0
ENSG00000228365,0
ENSG00000228366,1
ENSG00000228367,1
ENSG00000228368,1
ENSG00000228369,1
ENSG00000228372,0
ENSG00000228373,0
ENSG00000228374,2
ENSG00000228375,0
ENSG00000228376,0
ENSG00000228379,0
ENSG00000228380,0
ENSG00000228382,2
ENSG00000228383,0
ENSG00000228384,0
ENSG00000228386,1
ENSG00000228389,10
ENSG00000228391,0
ENSG00000228392,0
ENSG00000228393,54
ENSG00000228395,34
ENSG00000228397,9
ENSG00000228398,0
ENSG00000228399,0
ENSG00000228400,0
ENSG00000228401,8
ENSG00000228403,1
ENSG00000228404,0
ENSG00000228407,12
ENSG00000228408,0
ENSG00000228409,353
ENSG00000228410,0
ENSG00000228411,0
ENSG00000228412,21
ENSG00000228413,1
ENSG00000228414,2
ENSG00000228415,5
ENSG00000228417,0
ENSG00000228420,0
ENSG00000228421,41
ENSG00000228422,0
ENSG00000228423,2
ENSG00000228426,0
ENSG00000228427,20
ENSG00000228429,0
ENSG00000228430,0
ENSG00000228431,0
ENSG00000228432,0
ENSG00000228433,0
ENSG00000228434,18
ENSG00000228436,138
ENSG00000228437,0
ENSG00000228438,0
ENSG00000228439,189
ENSG00000228440,2
ENSG00000228444,4
ENSG00000228445,32
ENSG00000228446,4
ENSG00000228450,0
ENSG00000228451,73
ENSG00000228452,27
ENSG00000228453,0
ENSG00000228459,0
ENSG00000228460,0
ENSG00000228462,1
ENSG00000228463,9
ENSG00000228464,0
ENSG00000228465,0
ENSG00000228466,0
ENSG00000228467,0
ENSG00000228470,13
ENSG00000228471,0
ENSG00000228473,0
ENSG00000228474,7520
ENSG00000228476,0
ENSG00000228477,30
ENSG00000228478,0
ENSG00000228480,0
ENSG00000228481,4
ENSG00000228482,0
ENSG00000228484,7
ENSG00000228485,1
ENSG00000228486,112
ENSG00000228487,13
ENSG00000228488,0
ENSG00000228489,0
ENSG00000228492,31
ENSG00000228495,6
ENSG00000228496,0
ENSG00000228499,6
ENSG00000228501,0
ENSG00000228502,79
ENSG00000228503,0
ENSG00000228504,0
ENSG00000228505,0
ENSG00000228506,126
ENSG00000228507,0
ENSG00000228509,4
ENSG00000228510,24
ENSG00000228512,1
ENSG00000228513,2
ENSG00000228517,0
ENSG00000228518,0
ENSG00000228519,18
ENSG00000228521,1
ENSG00000228522,0
ENSG00000228523,0
ENSG00000228525,0
ENSG00000228526,1
ENSG00000228527,0
ENSG00000228528,1
ENSG00000228530,0
ENSG00000228532,4
ENSG00000228536,4
ENSG00000228538,0
ENSG00000228539,0
ENSG00000228540,0
ENSG00000228541,2
ENSG00000228543,6
ENSG00000228544,66
ENSG00000228546,1
ENSG00000228547,0
ENSG00000228548,0
ENSG00000228549,27
ENSG00000228550,0
ENSG00000228551,2
ENSG00000228553,0
ENSG00000228554,13
ENSG00000228557,0
ENSG00000228559,0
ENSG00000228560,0
ENSG00000228561,10
ENSG00000228563,0
ENSG00000228564,1
ENSG00000228566,0
ENSG00000228567,0
ENSG00000228568,0
ENSG00000228569,0
ENSG00000228570,0
ENSG00000228571,0
ENSG00000228572,2
ENSG00000228573,0
ENSG00000228577,0
ENSG00000228578,0
ENSG00000228585,0
ENSG00000228586,0
ENSG00000228587,0
ENSG00000228589,36
ENSG00000228590,1
ENSG00000228592,0
ENSG00000228593,0
ENSG00000228594,50
ENSG00000228595,0
ENSG00000228596,0
ENSG00000228597,0
ENSG00000228598,0
ENSG00000228599,1
ENSG00000228600,1
ENSG00000228601,0
ENSG00000228604,0
ENSG00000228606,7
ENSG00000228607,0
ENSG00000228610,0
ENSG00000228611,0
ENSG00000228612,0
ENSG00000228613,144
ENSG00000228614,4
ENSG00000228615,0
ENSG00000228616,0
ENSG00000228618,0
ENSG00000228620,0
ENSG00000228622,0
ENSG00000228623,28
ENSG00000228624,22
ENSG00000228625,0
ENSG00000228626,1
ENSG00000228627,0
ENSG00000228629,0
ENSG00000228630,974
ENSG00000228634,1
ENSG00000228636,0
ENSG00000228638,366
ENSG00000228639,4
ENSG00000228643,1
ENSG00000228645,0
ENSG00000228646,0
ENSG00000228648,0
ENSG00000228649,20
ENSG00000228650,1
ENSG00000228651,1
ENSG00000228653,127
ENSG00000228655,3
ENSG00000228656,1
ENSG00000228657,0
ENSG00000228658,0
ENSG00000228659,0
ENSG00000228660,2
ENSG00000228661,20
ENSG00000228663,6
ENSG00000228664,0
ENSG00000228665,3
ENSG00000228666,2
ENSG00000228667,0
ENSG00000228668,4
ENSG00000228669,0
ENSG00000228670,1
ENSG00000228672,125
ENSG00000228674,0
ENSG00000228675,0
ENSG00000228677,4
ENSG00000228679,2
ENSG00000228680,0
ENSG00000228681,0
ENSG00000228683,0
ENSG00000228685,0
ENSG00000228686,2
ENSG00000228687,0
ENSG00000228688,2
ENSG00000228689,0
ENSG00000228692,0
ENSG00000228694,0
ENSG00000228695,9
ENSG00000228696,10
ENSG00000228697,0
ENSG00000228700,3
ENSG00000228701,52
ENSG00000228702,1
ENSG00000228703,0
ENSG00000228704,1
ENSG00000228705,4
ENSG00000228707,0
ENSG00000228708,0
ENSG00000228709,4
ENSG00000228711,0
ENSG00000228714,24
ENSG00000228716,1430
ENSG00000228717,0
ENSG00000228718,0
ENSG00000228719,17
ENSG00000228721,0
ENSG00000228723,0
ENSG00000228725,0
ENSG00000228727,9
ENSG00000228728,0
ENSG00000228729,0
ENSG00000228730,0
ENSG00000228734,2
ENSG00000228735,0
ENSG00000228737,2
ENSG00000228739,0
ENSG00000228740,0
ENSG00000228741,6
ENSG00000228742,0
ENSG00000228744,0
ENSG00000228748,19
ENSG00000228750,0
ENSG00000228751,3
ENSG00000228753,17
ENSG00000228754,1
ENSG00000228755,0
ENSG00000228757,0
ENSG00000228759,0
ENSG00000228763,6
ENSG00000228764,0
ENSG00000228766,2
ENSG00000228767,1
ENSG00000228768,0
ENSG00000228769,0
ENSG00000228770,0
ENSG00000228771,0
ENSG00000228772,1
ENSG00000228775,37
ENSG00000228776,0
ENSG00000228777,0
ENSG00000228778,0
ENSG00000228779,0
ENSG00000228780,0
ENSG00000228781,1
ENSG00000228782,35
ENSG00000228783,0
ENSG00000228784,9
ENSG00000228786,0
ENSG00000228787,0
ENSG00000228789,0
ENSG00000228790,0
ENSG00000228791,16
ENSG00000228792,3
ENSG00000228793,3
ENSG00000228794,811
ENSG00000228797,22
ENSG00000228798,19
ENSG00000228799,0
ENSG00000228800,0
ENSG00000228801,81
ENSG00000228802,3
ENSG00000228803,0
ENSG00000228804,3
ENSG00000228806,0
ENSG00000228807,0
ENSG00000228808,2
ENSG00000228809,1
ENSG00000228810,0
ENSG00000228812,1
ENSG00000228814,0
ENSG00000228815,0
ENSG00000228816,1
ENSG00000228817,14
ENSG00000228818,4
ENSG00000228819,0
ENSG00000228820,1
ENSG00000228823,1
ENSG00000228824,0
ENSG00000228825,0
ENSG00000228826,0
ENSG00000228827,0
ENSG00000228828,2
ENSG00000228829,0
ENSG00000228830,0
ENSG00000228833,0
ENSG00000228834,0
ENSG00000228835,0
ENSG00000228836,0
ENSG00000228837,0
ENSG00000228838,1
ENSG00000228839,18
ENSG00000228842,0
ENSG00000228843,0
ENSG00000228844,0
ENSG00000228847,1
ENSG00000228848,0
ENSG00000228850,0
ENSG00000228851,0
ENSG00000228852,4
ENSG00000228853,0
ENSG00000228855,0
ENSG00000228856,0
ENSG00000228857,5
ENSG00000228860,0
ENSG00000228861,0
ENSG00000228862,0
ENSG00000228863,9
ENSG00000228868,0
ENSG00000228869,2
ENSG00000228872,0
ENSG00000228873,0
ENSG00000228874,1
ENSG00000228876,0
ENSG00000228877,0
ENSG00000228878,52
ENSG00000228879,0
ENSG00000228882,2
ENSG00000228884,1
ENSG00000228886,1
ENSG00000228887,121
ENSG00000228888,0
ENSG00000228889,245
ENSG00000228890,0
ENSG00000228897,0
ENSG00000228898,0
ENSG00000228901,2
ENSG00000228902,0
ENSG00000228903,36
ENSG00000228906,11
ENSG00000228909,0
ENSG00000228914,1
ENSG00000228915,3
ENSG00000228917,3
ENSG00000228918,2
ENSG00000228919,0
ENSG00000228922,0
ENSG00000228923,0
ENSG00000228925,8
ENSG00000228927,0
ENSG00000228928,0
ENSG00000228929,19
ENSG00000228930,0
ENSG00000228933,0
ENSG00000228935,0
ENSG00000228937,0
ENSG00000228938,2
ENSG00000228939,0
ENSG00000228940,0
ENSG00000228941,0
ENSG00000228943,1
ENSG00000228944,0
ENSG00000228945,0
ENSG00000228948,0
ENSG00000228949,0
ENSG00000228950,2
ENSG00000228951,0
ENSG00000228952,0
ENSG00000228953,0
ENSG00000228955,0
ENSG00000228956,22
ENSG00000228957,0
ENSG00000228958,0
ENSG00000228959,0
ENSG00000228960,43
ENSG00000228961,0
ENSG00000228962,5
ENSG00000228963,0
ENSG00000228965,0
ENSG00000228966,1
ENSG00000228968,0
ENSG00000228970,0
ENSG00000228971,14
ENSG00000228973,2
ENSG00000228974,7
ENSG00000228976,0
ENSG00000228979,4
ENSG00000228980,17
ENSG00000228981,12
ENSG00000228982,0
ENSG00000228983,1
ENSG00000228984,0
ENSG00000228985,0
ENSG00000228986,2
ENSG00000228988,0
ENSG00000228989,141
ENSG00000228992,0
ENSG00000228995,0
ENSG00000228997,0
ENSG00000228998,0
ENSG00000228999,0
ENSG00000229000,0
ENSG00000229001,1
ENSG00000229002,0
ENSG00000229005,6
ENSG00000229007,35
ENSG00000229009,0
ENSG00000229010,0
ENSG00000229011,0
ENSG00000229012,0
ENSG00000229013,0
ENSG00000229014,0
ENSG00000229015,0
ENSG00000229016,0
ENSG00000229017,6
ENSG00000229018,3
ENSG00000229019,0
ENSG00000229020,1
ENSG00000229021,2
ENSG00000229022,5
ENSG00000229023,1
ENSG00000229025,0
ENSG00000229027,0
ENSG00000229028,0
ENSG00000229029,0
ENSG00000229030,0
ENSG00000229031,0
ENSG00000229032,0
ENSG00000229035,0
ENSG00000229036,87
ENSG00000229037,4
ENSG00000229042,1
ENSG00000229043,337
ENSG00000229044,2
ENSG00000229046,0
ENSG00000229047,0
ENSG00000229048,0
ENSG00000229051,0
ENSG00000229052,2
ENSG00000229054,0
ENSG00000229056,9
ENSG00000229057,0
ENSG00000229060,0
ENSG00000229063,0
ENSG00000229064,0
ENSG00000229065,3
ENSG00000229066,1
ENSG00000229067,0
ENSG00000229068,2
ENSG00000229072,3
ENSG00000229079,0
ENSG00000229080,0
ENSG00000229081,0
ENSG00000229082,0
ENSG00000229083,0
ENSG00000229086,0
ENSG00000229087,0
ENSG00000229088,0
ENSG00000229089,0
ENSG00000229090,0
ENSG00000229091,1
ENSG00000229092,6
ENSG00000229093,0
ENSG00000229097,15
ENSG00000229101,0
ENSG00000229102,0
ENSG00000229104,0
ENSG00000229105,1
ENSG00000229106,3
ENSG00000229107,0
ENSG00000229108,22
ENSG00000229109,3
ENSG00000229110,0
ENSG00000229111,4
ENSG00000229112,0
ENSG00000229115,0
ENSG00000229116,5
ENSG00000229117,9968
ENSG00000229118,0
ENSG00000229119,53
ENSG00000229120,0
ENSG00000229122,22
ENSG00000229124,38
ENSG00000229127,12
ENSG00000229129,0
ENSG00000229131,76
ENSG00000229132,21
ENSG00000229133,27
ENSG00000229138,0
ENSG00000229140,0
ENSG00000229142,0
ENSG00000229143,0
ENSG00000229145,0
ENSG00000229146,0
ENSG00000229147,2
ENSG00000229150,0
ENSG00000229151,0
ENSG00000229152,291
ENSG00000229153,23
ENSG00000229154,0
ENSG00000229155,0
ENSG00000229156,1
ENSG00000229159,0
ENSG00000229160,1
ENSG00000229161,2
ENSG00000229162,2
ENSG00000229163,0
ENSG00000229165,0
ENSG00000229167,1
ENSG00000229168,32
ENSG00000229169,0
ENSG00000229172,0
ENSG00000229173,0
ENSG00000229175,0
ENSG00000229177,0
ENSG00000229178,6
ENSG00000229180,322
ENSG00000229182,0
ENSG00000229183,0
ENSG00000229184,0
ENSG00000229186,0
ENSG00000229188,0
ENSG00000229190,1
ENSG00000229191,3
ENSG00000229192,0
ENSG00000229195,13
ENSG00000229196,2
ENSG00000229197,0
ENSG00000229201,0
ENSG00000229203,0
ENSG00000229204,40
ENSG00000229205,2
ENSG00000229206,0
ENSG00000229207,0
ENSG00000229208,0
ENSG00000229209,0
ENSG00000229211,0
ENSG00000229212,1
ENSG00000229213,0
ENSG00000229214,20
ENSG00000229217,1
ENSG00000229220,0
ENSG00000229221,3
ENSG00000229222,39
ENSG00000229224,0
ENSG00000229225,0
ENSG00000229226,0
ENSG00000229227,2
ENSG00000229228,13
ENSG00000229229,0
ENSG00000229230,0
ENSG00000229231,1
ENSG00000229232,0
ENSG00000229233,0
ENSG00000229234,0
ENSG00000229235,0
ENSG00000229236,0
ENSG00000229237,37
ENSG00000229238,0
ENSG00000229239,0
ENSG00000229240,1
ENSG00000229241,0
ENSG00000229242,0
ENSG00000229243,0
ENSG00000229245,0
ENSG00000229246,5
ENSG00000229247,0
ENSG00000229248,0
ENSG00000229249,0
ENSG00000229250,0
ENSG00000229251,11
ENSG00000229254,0
ENSG00000229255,0
ENSG00000229256,1
ENSG00000229257,1
ENSG00000229258,0
ENSG00000229259,0
ENSG00000229261,0
ENSG00000229262,1
ENSG00000229263,1
ENSG00000229266,0
ENSG00000229267,27
ENSG00000229268,1
ENSG00000229269,1
ENSG00000229271,0
ENSG00000229272,7
ENSG00000229273,5
ENSG00000229274,4
ENSG00000229275,0
ENSG00000229276,0
ENSG00000229278,8
ENSG00000229280,0
ENSG00000229281,0
ENSG00000229282,0
ENSG00000229283,0
ENSG00000229286,0
ENSG00000229287,0
ENSG00000229288,0
ENSG00000229289,0
ENSG00000229291,0
ENSG00000229292,0
ENSG00000229294,0
ENSG00000229297,0
ENSG00000229298,0
ENSG00000229299,0
ENSG00000229301,0
ENSG00000229302,0
ENSG00000229303,1
ENSG00000229305,0
ENSG00000229306,1
ENSG00000229307,0
ENSG00000229308,0
ENSG00000229309,0
ENSG00000229310,0
ENSG00000229311,0
ENSG00000229312,0
ENSG00000229313,0
ENSG00000229314,1
ENSG00000229315,0
ENSG00000229316,0
ENSG00000229320,532
ENSG00000229321,1
ENSG00000229322,0
ENSG00000229323,3
ENSG00000229324,2
ENSG00000229325,6
ENSG00000229326,1
ENSG00000229327,0
ENSG00000229330,0
ENSG00000229331,0
ENSG00000229332,0
ENSG00000229334,31
ENSG00000229335,0
ENSG00000229336,0
ENSG00000229337,1
ENSG00000229338,0
ENSG00000229339,0
ENSG00000229343,0
ENSG00000229344,67
ENSG00000229345,0
ENSG00000229347,0
ENSG00000229348,26
ENSG00000229349,5
ENSG00000229351,0
ENSG00000229352,2
ENSG00000229356,8
ENSG00000229357,0
ENSG00000229358,57
ENSG00000229359,0
ENSG00000229360,0
ENSG00000229361,0
ENSG00000229365,0
ENSG00000229367,1
ENSG00000229368,1
ENSG00000229369,1
ENSG00000229370,0
ENSG00000229372,0
ENSG00000229373,4
ENSG00000229375,16
ENSG00000229376,1
ENSG00000229379,0
ENSG00000229380,0
ENSG00000229382,0
ENSG00000229384,0
ENSG00000229385,0
ENSG00000229386,0
ENSG00000229388,40
ENSG00000229389,0
ENSG00000229390,0
ENSG00000229391,1112
ENSG00000229393,0
ENSG00000229395,0
ENSG00000229398,1
ENSG00000229399,2
ENSG00000229400,0
ENSG00000229401,0
ENSG00000229402,0
ENSG00000229403,0
ENSG00000229404,50
ENSG00000229405,0
ENSG00000229406,0
ENSG00000229407,0
ENSG00000229409,2
ENSG00000229413,32
ENSG00000229414,0
ENSG00000229415,0
ENSG00000229416,0
ENSG00000229417,31
ENSG00000229418,0
ENSG00000229419,247
ENSG00000229421,0
ENSG00000229422,6
ENSG00000229423,0
ENSG00000229424,0
ENSG00000229425,7
ENSG00000229427,0
ENSG00000229431,7
ENSG00000229433,0
ENSG00000229434,0
ENSG00000229435,0
ENSG00000229436,2
ENSG00000229437,0
ENSG00000229440,0
ENSG00000229442,0
ENSG00000229443,2
ENSG00000229444,0
ENSG00000229447,14
ENSG00000229452,0
ENSG00000229453,308
ENSG00000229454,0
ENSG00000229455,0
ENSG00000229456,0
ENSG00000229457,0
ENSG00000229458,0
ENSG00000229459,0
ENSG00000229462,0
ENSG00000229463,0
ENSG00000229465,1
ENSG00000229466,0
ENSG00000229468,1
ENSG00000229473,1
ENSG00000229474,77
ENSG00000229477,0
ENSG00000229478,0
ENSG00000229481,199
ENSG00000229483,0
ENSG00000229484,2
ENSG00000229485,0
ENSG00000229486,0
ENSG00000229487,2
ENSG00000229491,1
ENSG00000229492,6
ENSG00000229494,0
ENSG00000229495,0
ENSG00000229497,0
ENSG00000229498,0
ENSG00000229500,0
ENSG00000229502,0
ENSG00000229503,9
ENSG00000229505,0
ENSG00000229508,0
ENSG00000229509,0
ENSG00000229511,0
ENSG00000229512,5
ENSG00000229515,0
ENSG00000229518,0
ENSG00000229519,2
ENSG00000229520,30
ENSG00000229521,2
ENSG00000229522,0
ENSG00000229525,24
ENSG00000229526,0
ENSG00000229528,0
ENSG00000229530,0
ENSG00000229531,0
ENSG00000229532,0
ENSG00000229533,0
ENSG00000229534,1
ENSG00000229536,4
ENSG00000229537,0
ENSG00000229539,84
ENSG00000229541,0
ENSG00000229542,0
ENSG00000229543,0
ENSG00000229544,14
ENSG00000229546,0
ENSG00000229547,0
ENSG00000229549,0
ENSG00000229550,0
ENSG00000229551,0
ENSG00000229553,0
ENSG00000229554,0
ENSG00000229556,0
ENSG00000229557,0
ENSG00000229558,2
ENSG00000229559,0
ENSG00000229560,0
ENSG00000229562,0
ENSG00000229563,0
ENSG00000229565,0
ENSG00000229567,1
ENSG00000229568,0
ENSG00000229569,0
ENSG00000229570,0
ENSG00000229571,0
ENSG00000229572,0
ENSG00000229578,0
ENSG00000229579,0
ENSG00000229582,5
ENSG00000229585,0
ENSG00000229586,0
ENSG00000229587,2
ENSG00000229588,0
ENSG00000229589,119
ENSG00000229590,0
ENSG00000229591,8
ENSG00000229593,0
ENSG00000229594,0
ENSG00000229595,2
ENSG00000229596,0
ENSG00000229598,4
ENSG00000229599,0
ENSG00000229600,0
ENSG00000229601,0
ENSG00000229603,0
ENSG00000229604,3
ENSG00000229605,3
ENSG00000229606,0
ENSG00000229607,0
ENSG00000229608,0
ENSG00000229609,0
ENSG00000229611,2
ENSG00000229612,0
ENSG00000229613,3
ENSG00000229616,0
ENSG00000229618,10
ENSG00000229619,77
ENSG00000229621,0
ENSG00000229622,0
ENSG00000229623,1
ENSG00000229625,0
ENSG00000229626,0
ENSG00000229627,6
ENSG00000229628,0
ENSG00000229629,0
ENSG00000229630,2
ENSG00000229635,13
ENSG00000229636,1
ENSG00000229637,64
ENSG00000229638,99
ENSG00000229639,0
ENSG00000229641,0
ENSG00000229642,0
ENSG00000229643,0
ENSG00000229644,1009
ENSG00000229646,1
ENSG00000229647,13
ENSG00000229648,0
ENSG00000229649,0
ENSG00000229652,1
ENSG00000229654,7
ENSG00000229656,6
ENSG00000229657,1
ENSG00000229658,0
ENSG00000229659,8
ENSG00000229660,2
ENSG00000229661,0
ENSG00000229662,0
ENSG00000229663,0
ENSG00000229664,0
ENSG00000229665,0
ENSG00000229666,8
ENSG00000229667,0
ENSG00000229668,0
ENSG00000229670,0
ENSG00000229671,1
ENSG00000229672,1
ENSG00000229673,0
ENSG00000229674,0
ENSG00000229676,245
ENSG00000229677,2
ENSG00000229679,0
ENSG00000229682,0
ENSG00000229686,0
ENSG00000229687,0
ENSG00000229688,5
ENSG00000229689,188
ENSG00000229690,0
ENSG00000229692,101
ENSG00000229693,0
ENSG00000229694,1
ENSG00000229695,0
ENSG00000229696,0
ENSG00000229697,0
ENSG00000229699,0
ENSG00000229700,0
ENSG00000229701,0
ENSG00000229702,0
ENSG00000229703,0
ENSG00000229704,0
ENSG00000229707,0
ENSG00000229708,0
ENSG00000229709,0
ENSG00000229711,0
ENSG00000229713,0
ENSG00000229715,8
ENSG00000229716,0
ENSG00000229717,0
ENSG00000229719,0
ENSG00000229720,0
ENSG00000229721,1
ENSG00000229722,0
ENSG00000229723,1
ENSG00000229724,0
ENSG00000229725,0
ENSG00000229727,3
ENSG00000229728,11
ENSG00000229729,185
ENSG00000229730,0
ENSG00000229731,0
ENSG00000229732,0
ENSG00000229733,0
ENSG00000229735,0
ENSG00000229738,0
ENSG00000229739,7
ENSG00000229740,0
ENSG00000229742,0
ENSG00000229743,0
ENSG00000229744,0
ENSG00000229745,0
ENSG00000229747,0
ENSG00000229749,0
ENSG00000229750,1
ENSG00000229751,0
ENSG00000229752,0
ENSG00000229753,0
ENSG00000229754,51
ENSG00000229755,0
ENSG00000229756,0
ENSG00000229757,0
ENSG00000229758,0
ENSG00000229759,0
ENSG00000229760,0
ENSG00000229761,0
ENSG00000229762,0
ENSG00000229765,0
ENSG00000229766,1
ENSG00000229769,0
ENSG00000229770,0
ENSG00000229771,4
ENSG00000229774,2
ENSG00000229775,0
ENSG00000229776,0
ENSG00000229779,0
ENSG00000229780,3
ENSG00000229781,1
ENSG00000229782,1
ENSG00000229785,0
ENSG00000229786,1
ENSG00000229788,0
ENSG00000229791,0
ENSG00000229792,0
ENSG00000229794,0
ENSG00000229795,3
ENSG00000229797,0
ENSG00000229798,0
ENSG00000229800,1
ENSG00000229805,0
ENSG00000229806,7
ENSG00000229807,548
ENSG00000229808,6
ENSG00000229809,788
ENSG00000229814,0
ENSG00000229815,5
ENSG00000229816,4
ENSG00000229817,0
ENSG00000229818,0
ENSG00000229820,0
ENSG00000229821,0
ENSG00000229822,0
ENSG00000229824,0
ENSG00000229825,0
ENSG00000229826,0
ENSG00000229827,0
ENSG00000229828,1
ENSG00000229829,0
ENSG00000229830,0
ENSG00000229831,0
ENSG00000229832,2
ENSG00000229833,1080
ENSG00000229834,0
ENSG00000229835,0
ENSG00000229836,33
ENSG00000229839,4
ENSG00000229840,0
ENSG00000229842,0
ENSG00000229846,2
ENSG00000229847,39
ENSG00000229848,6
ENSG00000229849,0
ENSG00000229851,0
ENSG00000229852,84
ENSG00000229853,0
ENSG00000229854,0
ENSG00000229855,0
ENSG00000229857,0
ENSG00000229858,0
ENSG00000229859,0
ENSG00000229862,2
ENSG00000229863,5
ENSG00000229865,0
ENSG00000229867,5
ENSG00000229869,1
ENSG00000229870,4
ENSG00000229871,0
ENSG00000229873,7
ENSG00000229875,0
ENSG00000229876,0
ENSG00000229877,0
ENSG00000229878,0
ENSG00000229880,0
ENSG00000229881,0
ENSG00000229882,0
ENSG00000229885,0
ENSG00000229886,2
ENSG00000229887,1
ENSG00000229890,0
ENSG00000229891,87
ENSG00000229892,0
ENSG00000229893,2
ENSG00000229894,2
ENSG00000229896,9
ENSG00000229897,0
ENSG00000229899,0
ENSG00000229900,0
ENSG00000229901,42
ENSG00000229905,0
ENSG00000229906,0
ENSG00000229907,0
ENSG00000229909,0
ENSG00000229910,0
ENSG00000229911,0
ENSG00000229912,2
ENSG00000229913,0
ENSG00000229914,1
ENSG00000229915,3
ENSG00000229917,0
ENSG00000229918,0
ENSG00000229919,0
ENSG00000229920,2
ENSG00000229921,1
ENSG00000229922,0
ENSG00000229923,0
ENSG00000229924,0
ENSG00000229925,0
ENSG00000229926,0
ENSG00000229927,2
ENSG00000229928,0
ENSG00000229930,0
ENSG00000229931,22
ENSG00000229932,12
ENSG00000229935,0
ENSG00000229937,0
ENSG00000229938,0
ENSG00000229939,28
ENSG00000229940,0
ENSG00000229941,0
ENSG00000229943,0
ENSG00000229944,8
ENSG00000229946,1
ENSG00000229947,0
ENSG00000229948,1
ENSG00000229949,0
ENSG00000229950,70
ENSG00000229951,33
ENSG00000229953,5
ENSG00000229954,0
ENSG00000229955,1
ENSG00000229956,2
ENSG00000229957,0
ENSG00000229960,0
ENSG00000229961,2
ENSG00000229962,0
ENSG00000229964,1
ENSG00000229965,1
ENSG00000229967,1
ENSG00000229968,0
ENSG00000229969,0
ENSG00000229970,1
ENSG00000229971,0
ENSG00000229972,0
ENSG00000229975,0
ENSG00000229976,0
ENSG00000229977,0
ENSG00000229978,0
ENSG00000229979,1
ENSG00000229980,71
ENSG00000229981,7
ENSG00000229982,0
ENSG00000229983,0
ENSG00000229985,1
ENSG00000229986,0
ENSG00000229988,0
ENSG00000229989,1
ENSG00000229990,1
ENSG00000229991,0
ENSG00000229992,0
ENSG00000229994,20
ENSG00000229996,2
ENSG00000229999,1
ENSG00000230000,0
ENSG00000230001,0
ENSG00000230002,51
ENSG00000230003,0
ENSG00000230005,1
ENSG00000230006,149
ENSG00000230009,0
ENSG00000230010,1
ENSG00000230011,0
ENSG00000230013,0
ENSG00000230014,0
ENSG00000230015,0
ENSG00000230018,90
ENSG00000230019,0
ENSG00000230020,0
ENSG00000230021,0
ENSG00000230022,0
ENSG00000230023,1
ENSG00000230024,4
ENSG00000230025,0
ENSG00000230026,1
ENSG00000230027,0
ENSG00000230029,0
ENSG00000230030,0
ENSG00000230031,0
ENSG00000230033,14
ENSG00000230035,0
ENSG00000230037,3
ENSG00000230039,0
ENSG00000230040,0
ENSG00000230042,11
ENSG00000230043,0
ENSG00000230044,0
ENSG00000230045,0
ENSG00000230046,0
ENSG00000230047,1
ENSG00000230051,0
ENSG00000230052,0
ENSG00000230053,0
ENSG00000230054,7
ENSG00000230056,0
ENSG00000230058,4
ENSG00000230061,314
ENSG00000230062,0
ENSG00000230063,0
ENSG00000230064,0
ENSG00000230065,0
ENSG00000230066,0
ENSG00000230067,9
ENSG00000230068,1
ENSG00000230069,27
ENSG00000230071,54
ENSG00000230073,0
ENSG00000230074,21
ENSG00000230076,8
ENSG00000230077,0
ENSG00000230079,10
ENSG00000230080,0
ENSG00000230081,0
ENSG00000230082,45
ENSG00000230083,0
ENSG00000230084,5
ENSG00000230086,0
ENSG00000230087,0
ENSG00000230088,0
ENSG00000230090,15
ENSG00000230091,96
ENSG00000230092,9
ENSG00000230096,0
ENSG00000230097,0
ENSG00000230098,1
ENSG00000230099,19
ENSG00000230100,0
ENSG00000230101,0
ENSG00000230102,13
ENSG00000230104,0
ENSG00000230105,8
ENSG00000230106,0
ENSG00000230107,5
ENSG00000230109,0
ENSG00000230111,0
ENSG00000230112,2
ENSG00000230113,0
ENSG00000230114,1
ENSG00000230115,0
ENSG00000230116,1
ENSG00000230118,7
ENSG00000230119,0
ENSG00000230120,0
ENSG00000230121,0
ENSG00000230122,0
ENSG00000230123,0
ENSG00000230124,989
ENSG00000230125,0
ENSG00000230126,5
ENSG00000230130,0
ENSG00000230131,1
ENSG00000230132,0
ENSG00000230133,0
ENSG00000230137,0
ENSG00000230138,4
ENSG00000230140,0
ENSG00000230142,0
ENSG00000230146,1
ENSG00000230147,0
ENSG00000230148,59
ENSG00000230149,7
ENSG00000230153,0
ENSG00000230154,3
ENSG00000230155,8
ENSG00000230156,0
ENSG00000230157,2
ENSG00000230158,0
ENSG00000230159,0
ENSG00000230160,1
ENSG00000230161,0
ENSG00000230162,3
ENSG00000230163,177
ENSG00000230164,0
ENSG00000230165,1
ENSG00000230166,0
ENSG00000230169,0
ENSG00000230170,1
ENSG00000230171,0
ENSG00000230172,0
ENSG00000230173,0
ENSG00000230174,0
ENSG00000230175,2
ENSG00000230176,3
ENSG00000230177,57
ENSG00000230178,0
ENSG00000230180,0
ENSG00000230182,0
ENSG00000230183,2
ENSG00000230184,0
ENSG00000230185,33
ENSG00000230186,0
ENSG00000230187,0
ENSG00000230188,2
ENSG00000230189,32
ENSG00000230190,0
ENSG00000230191,1
ENSG00000230192,0
ENSG00000230194,0
ENSG00000230196,0
ENSG00000230197,0
ENSG00000230198,1
ENSG00000230199,2
ENSG00000230201,1
ENSG00000230202,107
ENSG00000230203,1
ENSG00000230204,48
ENSG00000230205,0
ENSG00000230207,25
ENSG00000230208,0
ENSG00000230212,18
ENSG00000230213,0
ENSG00000230214,0
ENSG00000230215,3
ENSG00000230216,12
ENSG00000230219,0
ENSG00000230221,3
ENSG00000230223,0
ENSG00000230224,11
ENSG00000230225,0
ENSG00000230226,2
ENSG00000230227,0
ENSG00000230228,3
ENSG00000230229,0
ENSG00000230231,1
ENSG00000230233,0
ENSG00000230234,0
ENSG00000230237,0
ENSG00000230239,0
ENSG00000230240,0
ENSG00000230241,0
ENSG00000230243,0
ENSG00000230244,0
ENSG00000230245,0
ENSG00000230246,0
ENSG00000230247,0
ENSG00000230248,0
ENSG00000230249,0
ENSG00000230250,2
ENSG00000230251,1
ENSG00000230252,1
ENSG00000230256,0
ENSG00000230257,0
ENSG00000230258,0
ENSG00000230260,0
ENSG00000230261,0
ENSG00000230262,4
ENSG00000230265,0
ENSG00000230266,4
ENSG00000230267,36
ENSG00000230268,0
ENSG00000230269,0
ENSG00000230271,5
ENSG00000230273,2
ENSG00000230274,0
ENSG00000230275,0
ENSG00000230276,0
ENSG00000230280,9
ENSG00000230282,0
ENSG00000230283,0
ENSG00000230284,1
ENSG00000230285,0
ENSG00000230286,0
ENSG00000230287,0
ENSG00000230289,4
ENSG00000230290,4
ENSG00000230291,3
ENSG00000230292,1
ENSG00000230294,0
ENSG00000230295,37
ENSG00000230298,0
ENSG00000230299,1
ENSG00000230300,0
ENSG00000230301,0
ENSG00000230302,0
ENSG00000230303,0
ENSG00000230304,0
ENSG00000230305,8
ENSG00000230306,5
ENSG00000230307,0
ENSG00000230309,0
ENSG00000230310,7
ENSG00000230311,3
ENSG00000230312,1
ENSG00000230313,0
ENSG00000230314,0
ENSG00000230316,255
ENSG00000230317,0
ENSG00000230318,0
ENSG00000230319,19
ENSG00000230320,0
ENSG00000230321,0
ENSG00000230322,0
ENSG00000230323,0
ENSG00000230324,0
ENSG00000230325,11
ENSG00000230326,0
ENSG00000230327,0
ENSG00000230328,0
ENSG00000230330,56
ENSG00000230331,0
ENSG00000230333,14
ENSG00000230335,0
ENSG00000230337,42
ENSG00000230338,0
ENSG00000230339,0
ENSG00000230342,0
ENSG00000230343,0
ENSG00000230345,3
ENSG00000230347,0
ENSG00000230350,0
ENSG00000230352,0
ENSG00000230353,0
ENSG00000230355,0
ENSG00000230356,1
ENSG00000230358,10
ENSG00000230359,58
ENSG00000230360,1
ENSG00000230361,0
ENSG00000230362,10
ENSG00000230364,2
ENSG00000230365,0
ENSG00000230366,16
ENSG00000230368,1
ENSG00000230370,2
ENSG00000230371,3
ENSG00000230372,1
ENSG00000230373,14
ENSG00000230375,0
ENSG00000230376,0
ENSG00000230377,0
ENSG00000230379,0
ENSG00000230381,0
ENSG00000230383,15
ENSG00000230384,0
ENSG00000230385,0
ENSG00000230386,0
ENSG00000230387,5
ENSG00000230390,10
ENSG00000230391,0
ENSG00000230392,0
ENSG00000230393,1
ENSG00000230394,2
ENSG00000230395,0
ENSG00000230397,0
ENSG00000230398,0
ENSG00000230399,0
ENSG00000230400,0
ENSG00000230401,1
ENSG00000230402,0
ENSG00000230403,0
ENSG00000230404,0
ENSG00000230405,0
ENSG00000230406,1
ENSG00000230407,0
ENSG00000230408,1
ENSG00000230409,39
ENSG00000230411,0
ENSG00000230412,0
ENSG00000230415,5
ENSG00000230416,0
ENSG00000230417,2
ENSG00000230418,0
ENSG00000230423,0
ENSG00000230424,24
ENSG00000230425,0
ENSG00000230426,0
ENSG00000230427,0
ENSG00000230428,0
ENSG00000230430,0
ENSG00000230432,0
ENSG00000230433,1
ENSG00000230434,0
ENSG00000230435,1
ENSG00000230437,0
ENSG00000230438,9
ENSG00000230439,23
ENSG00000230440,0
ENSG00000230442,0
ENSG00000230444,0
ENSG00000230445,149
ENSG00000230447,0
ENSG00000230448,0
ENSG00000230449,0
ENSG00000230450,4
ENSG00000230451,1
ENSG00000230452,1
ENSG00000230453,0
ENSG00000230454,26
ENSG00000230457,7
ENSG00000230458,0
ENSG00000230459,0
ENSG00000230461,1
ENSG00000230465,0
ENSG00000230468,0
ENSG00000230469,0
ENSG00000230470,2
ENSG00000230471,0
ENSG00000230472,0
ENSG00000230474,0
ENSG00000230476,0
ENSG00000230477,0
ENSG00000230478,1
ENSG00000230479,4
ENSG00000230480,0
ENSG00000230481,3
ENSG00000230482,0
ENSG00000230483,0
ENSG00000230484,0
ENSG00000230485,0
ENSG00000230487,386
ENSG00000230489,2
ENSG00000230490,1
ENSG00000230491,0
ENSG00000230492,0
ENSG00000230495,0
ENSG00000230496,0
ENSG00000230497,0
ENSG00000230498,0
ENSG00000230499,2
ENSG00000230500,0
ENSG00000230501,0
ENSG00000230502,0
ENSG00000230506,0
ENSG00000230507,0
ENSG00000230508,17
ENSG00000230510,19
ENSG00000230513,404
ENSG00000230515,2
ENSG00000230516,0
ENSG00000230519,1
ENSG00000230520,0
ENSG00000230521,98
ENSG00000230522,0
ENSG00000230523,5
ENSG00000230524,5
ENSG00000230525,0
ENSG00000230526,2
ENSG00000230528,8
ENSG00000230529,0
ENSG00000230530,5
ENSG00000230531,0
ENSG00000230532,0
ENSG00000230533,20
ENSG00000230534,4
ENSG00000230535,0
ENSG00000230536,1
ENSG00000230537,4
ENSG00000230538,0
ENSG00000230539,0
ENSG00000230542,2
ENSG00000230543,0
ENSG00000230546,0
ENSG00000230547,0
ENSG00000230548,0
ENSG00000230549,0
ENSG00000230550,4
ENSG00000230551,546
ENSG00000230552,2
ENSG00000230555,48
ENSG00000230556,0
ENSG00000230558,0
ENSG00000230559,0
ENSG00000230561,18
ENSG00000230562,3
ENSG00000230563,1
ENSG00000230564,0
ENSG00000230565,19
ENSG00000230568,1
ENSG00000230569,0
ENSG00000230570,0
ENSG00000230571,0
ENSG00000230572,0
ENSG00000230573,0
ENSG00000230575,0
ENSG00000230576,0
ENSG00000230578,0
ENSG00000230580,5
ENSG00000230581,2
ENSG00000230583,10
ENSG00000230584,3
ENSG00000230585,5
ENSG00000230587,4
ENSG00000230589,0
ENSG00000230590,69
ENSG00000230592,4
ENSG00000230593,3
ENSG00000230594,0
ENSG00000230595,1
ENSG00000230596,2
ENSG00000230597,0
ENSG00000230598,0
ENSG00000230599,0
ENSG00000230600,0
ENSG00000230601,0
ENSG00000230603,0
ENSG00000230604,1
ENSG00000230605,0
ENSG00000230606,53
ENSG00000230607,0
ENSG00000230609,0
ENSG00000230611,0
ENSG00000230612,4
ENSG00000230613,10
ENSG00000230614,0
ENSG00000230615,72
ENSG00000230617,0
ENSG00000230618,2
ENSG00000230621,1
ENSG00000230622,0
ENSG00000230623,0
ENSG00000230626,11
ENSG00000230627,0
ENSG00000230628,17
ENSG00000230629,24
ENSG00000230630,74
ENSG00000230631,1
ENSG00000230634,1
ENSG00000230635,0
ENSG00000230636,0
ENSG00000230637,13
ENSG00000230638,89
ENSG00000230639,0
ENSG00000230641,8
ENSG00000230643,0
ENSG00000230645,0
ENSG00000230646,0
ENSG00000230647,0
ENSG00000230648,7
ENSG00000230649,0
ENSG00000230650,28
ENSG00000230651,0
ENSG00000230654,0
ENSG00000230655,3
ENSG00000230657,0
ENSG00000230658,26
ENSG00000230659,0
ENSG00000230661,0
ENSG00000230662,0
ENSG00000230663,0
ENSG00000230665,3
ENSG00000230666,11
ENSG00000230667,9
ENSG00000230668,86
ENSG00000230671,0
ENSG00000230673,9
ENSG00000230676,6
ENSG00000230679,16
ENSG00000230680,0
ENSG00000230681,0
ENSG00000230682,0
ENSG00000230683,0
ENSG00000230684,1
ENSG00000230686,0
ENSG00000230687,0
ENSG00000230690,0
ENSG00000230691,0
ENSG00000230694,0
ENSG00000230695,0
ENSG00000230696,0
ENSG00000230697,2
ENSG00000230698,0
ENSG00000230699,40
ENSG00000230701,19
ENSG00000230702,4
ENSG00000230703,0
ENSG00000230704,0
ENSG00000230706,0
ENSG00000230707,0
ENSG00000230709,5
ENSG00000230710,0
ENSG00000230711,0
ENSG00000230712,2
ENSG00000230714,0
ENSG00000230715,199
ENSG00000230716,1
ENSG00000230718,0
ENSG00000230720,0
ENSG00000230721,2
ENSG00000230724,50
ENSG00000230725,0
ENSG00000230727,0
ENSG00000230728,0
ENSG00000230729,0
ENSG00000230730,0
ENSG00000230731,2
ENSG00000230732,20
ENSG00000230733,541
ENSG00000230734,11
ENSG00000230735,0
ENSG00000230736,18
ENSG00000230737,0
ENSG00000230739,0
ENSG00000230741,4
ENSG00000230746,0
ENSG00000230747,2
ENSG00000230748,0
ENSG00000230749,1
ENSG00000230750,0
ENSG00000230751,1
ENSG00000230753,5
ENSG00000230755,0
ENSG00000230756,0
ENSG00000230757,0
ENSG00000230758,7
ENSG00000230759,0
ENSG00000230764,0
ENSG00000230768,0
ENSG00000230769,0
ENSG00000230772,5
ENSG00000230773,0
ENSG00000230777,3
ENSG00000230778,0
ENSG00000230779,0
ENSG00000230781,0
ENSG00000230782,0
ENSG00000230783,2
ENSG00000230785,0
ENSG00000230787,2
ENSG00000230788,0
ENSG00000230789,0
ENSG00000230790,5
ENSG00000230793,6
ENSG00000230794,0
ENSG00000230795,23
ENSG00000230796,0
ENSG00000230797,9
ENSG00000230798,30
ENSG00000230799,3
ENSG00000230801,0
ENSG00000230803,0
ENSG00000230804,0
ENSG00000230805,0
ENSG00000230806,0
ENSG00000230807,0
ENSG00000230809,0
ENSG00000230812,11
ENSG00000230813,0
ENSG00000230814,0
ENSG00000230815,1
ENSG00000230817,0
ENSG00000230818,0
ENSG00000230819,0
ENSG00000230820,0
ENSG00000230821,0
ENSG00000230823,0
ENSG00000230825,25
ENSG00000230826,0
ENSG00000230828,0
ENSG00000230829,0
ENSG00000230830,0
ENSG00000230831,0
ENSG00000230832,11
ENSG00000230833,1
ENSG00000230834,0
ENSG00000230835,3
ENSG00000230836,1
ENSG00000230837,1
ENSG00000230838,150
ENSG00000230839,0
ENSG00000230840,0
ENSG00000230841,1
ENSG00000230843,0
ENSG00000230844,294
ENSG00000230845,0
ENSG00000230846,0
ENSG00000230847,13
ENSG00000230848,0
ENSG00000230849,46
ENSG00000230851,0
ENSG00000230852,0
ENSG00000230853,0
ENSG00000230854,0
ENSG00000230859,0
ENSG00000230860,0
ENSG00000230863,0
ENSG00000230864,0
ENSG00000230865,0
ENSG00000230866,0
ENSG00000230867,1
ENSG00000230869,1
ENSG00000230870,7
ENSG00000230871,0
ENSG00000230872,3
ENSG00000230873,51
ENSG00000230876,0
ENSG00000230879,0
ENSG00000230881,0
ENSG00000230882,395
ENSG00000230886,1
ENSG00000230889,0
ENSG00000230891,0
ENSG00000230894,1
ENSG00000230896,217
ENSG00000230897,8
ENSG00000230898,0
ENSG00000230899,3
ENSG00000230902,0
ENSG00000230904,0
ENSG00000230908,0
ENSG00000230910,0
ENSG00000230911,5
ENSG00000230912,6
ENSG00000230913,0
ENSG00000230914,0
ENSG00000230916,2
ENSG00000230918,0
ENSG00000230920,0
ENSG00000230921,0
ENSG00000230922,13
ENSG00000230923,0
ENSG00000230926,0
ENSG00000230927,0
ENSG00000230928,4
ENSG00000230929,9
ENSG00000230931,0
ENSG00000230932,0
ENSG00000230934,0
ENSG00000230935,0
ENSG00000230936,5
ENSG00000230937,386
ENSG00000230939,7
ENSG00000230941,0
ENSG00000230942,0
ENSG00000230943,5
ENSG00000230944,0
ENSG00000230945,0
ENSG00000230946,0
ENSG00000230947,0
ENSG00000230948,0
ENSG00000230950,0
ENSG00000230951,0
ENSG00000230952,0
ENSG00000230953,8
ENSG00000230955,0
ENSG00000230956,0
ENSG00000230958,0
ENSG00000230960,0
ENSG00000230962,0
ENSG00000230964,0
ENSG00000230965,2
ENSG00000230967,0
ENSG00000230968,0
ENSG00000230969,0
ENSG00000230970,3
ENSG00000230971,0
ENSG00000230972,0
ENSG00000230973,0
ENSG00000230975,0
ENSG00000230977,0
ENSG00000230978,25
ENSG00000230979,18
ENSG00000230980,0
ENSG00000230982,36
ENSG00000230986,0
ENSG00000230987,0
ENSG00000230988,36
ENSG00000230989,11552
ENSG00000230990,0
ENSG00000230991,0
ENSG00000230992,0
ENSG00000230993,0
ENSG00000230994,0
ENSG00000230997,0
ENSG00000230998,0
ENSG00000230999,0
ENSG00000231001,0
ENSG00000231004,0
ENSG00000231005,0
ENSG00000231006,3
ENSG00000231007,91
ENSG00000231009,0
ENSG00000231010,1
ENSG00000231011,0
ENSG00000231013,3
ENSG00000231015,0
ENSG00000231017,0
ENSG00000231018,0
ENSG00000231019,0
ENSG00000231020,0
ENSG00000231022,0
ENSG00000231023,0
ENSG00000231024,9
ENSG00000231025,886
ENSG00000231026,0
ENSG00000231027,1
ENSG00000231028,65
ENSG00000231029,0
ENSG00000231031,0
ENSG00000231032,0
ENSG00000231034,0
ENSG00000231035,0
ENSG00000231039,0
ENSG00000231040,0
ENSG00000231043,35
ENSG00000231046,0
ENSG00000231047,1
ENSG00000231049,3
ENSG00000231050,19
ENSG00000231051,0
ENSG00000231052,0
ENSG00000231053,0
ENSG00000231054,2
ENSG00000231056,0
ENSG00000231057,30
ENSG00000231058,0
ENSG00000231060,0
ENSG00000231061,0
ENSG00000231062,0
ENSG00000231063,1
ENSG00000231064,18
ENSG00000231066,12
ENSG00000231068,0
ENSG00000231069,1
ENSG00000231070,0
ENSG00000231071,0
ENSG00000231072,0
ENSG00000231073,1
ENSG00000231074,1115
ENSG00000231078,0
ENSG00000231079,0
ENSG00000231080,0
ENSG00000231081,2
ENSG00000231082,0
ENSG00000231083,3
ENSG00000231084,27
ENSG00000231086,3
ENSG00000231087,1
ENSG00000231090,0
ENSG00000231092,1
ENSG00000231093,1
ENSG00000231095,0
ENSG00000231096,4
ENSG00000231098,1
ENSG00000231099,0
ENSG00000231100,0
ENSG00000231102,0
ENSG00000231103,0
ENSG00000231104,2
ENSG00000231105,53
ENSG00000231106,18
ENSG00000231107,61
ENSG00000231108,1
ENSG00000231110,0
ENSG00000231112,0
ENSG00000231113,150
ENSG00000231114,0
ENSG00000231119,6
ENSG00000231120,0
ENSG00000231121,0
ENSG00000231122,0
ENSG00000231123,5
ENSG00000231124,0
ENSG00000231125,11
ENSG00000231128,1
ENSG00000231130,0
ENSG00000231131,678
ENSG00000231132,0
ENSG00000231133,25
ENSG00000231134,1
ENSG00000231136,0
ENSG00000231137,0
ENSG00000231138,0
ENSG00000231139,0
ENSG00000231140,0
ENSG00000231141,0
ENSG00000231143,0
ENSG00000231144,0
ENSG00000231147,0
ENSG00000231148,0
ENSG00000231149,0
ENSG00000231150,1
ENSG00000231152,0
ENSG00000231153,0
ENSG00000231154,5
ENSG00000231156,0
ENSG00000231158,0
ENSG00000231159,0
ENSG00000231160,38
ENSG00000231162,1
ENSG00000231163,0
ENSG00000231164,0
ENSG00000231165,0
ENSG00000231166,0
ENSG00000231167,22
ENSG00000231169,1
ENSG00000231170,0
ENSG00000231171,0
ENSG00000231172,0
ENSG00000231173,3
ENSG00000231175,0
ENSG00000231177,18
ENSG00000231178,0
ENSG00000231181,11
ENSG00000231183,0
ENSG00000231184,0
ENSG00000231185,39
ENSG00000231187,7
ENSG00000231188,1
ENSG00000231189,0
ENSG00000231192,0
ENSG00000231193,0
ENSG00000231194,2
ENSG00000231195,0
ENSG00000231196,4
ENSG00000231198,0
ENSG00000231199,0
ENSG00000231200,0
ENSG00000231201,1
ENSG00000231202,0
ENSG00000231203,1
ENSG00000231204,0
ENSG00000231205,34
ENSG00000231206,0
ENSG00000231207,1
ENSG00000231208,0
ENSG00000231210,3
ENSG00000231211,0
ENSG00000231212,0
ENSG00000231213,0
ENSG00000231216,0
ENSG00000231217,5
ENSG00000231219,0
ENSG00000231221,0
ENSG00000231222,0
ENSG00000231226,47
ENSG00000231227,0
ENSG00000231228,0
ENSG00000231231,0
ENSG00000231232,0
ENSG00000231233,10
ENSG00000231234,16
ENSG00000231235,1
ENSG00000231236,0
ENSG00000231237,0
ENSG00000231238,0
ENSG00000231240,11
ENSG00000231241,0
ENSG00000231243,0
ENSG00000231244,0
ENSG00000231245,0
ENSG00000231246,4
ENSG00000231248,0
ENSG00000231249,17
ENSG00000231251,0
ENSG00000231252,0
ENSG00000231253,0
ENSG00000231254,0
ENSG00000231255,1
ENSG00000231256,4
ENSG00000231258,3
ENSG00000231259,65
ENSG00000231261,3
ENSG00000231264,0
ENSG00000231265,0
ENSG00000231266,0
ENSG00000231270,0
ENSG00000231271,6
ENSG00000231272,0
ENSG00000231274,2
ENSG00000231276,0
ENSG00000231278,0
ENSG00000231280,1
ENSG00000231290,15
ENSG00000231291,1
ENSG00000231292,23
ENSG00000231293,0
ENSG00000231294,0
ENSG00000231295,1
ENSG00000231296,2
ENSG00000231297,0
ENSG00000231298,1
ENSG00000231299,0
ENSG00000231300,0
ENSG00000231301,1
ENSG00000231302,4
ENSG00000231304,0
ENSG00000231305,35
ENSG00000231307,0
ENSG00000231310,1
ENSG00000231311,0
ENSG00000231312,205
ENSG00000231313,2
ENSG00000231316,0
ENSG00000231317,0
ENSG00000231322,0
ENSG00000231324,0
ENSG00000231326,0
ENSG00000231327,98
ENSG00000231328,0
ENSG00000231329,3
ENSG00000231331,5
ENSG00000231332,0
ENSG00000231333,1
ENSG00000231334,0
ENSG00000231335,0
ENSG00000231336,0
ENSG00000231340,2
ENSG00000231341,0
ENSG00000231344,5
ENSG00000231345,103
ENSG00000231346,8
ENSG00000231349,0
ENSG00000231351,4
ENSG00000231353,0
ENSG00000231355,1
ENSG00000231356,0
ENSG00000231357,2
ENSG00000231358,0
ENSG00000231359,28
ENSG00000231361,0
ENSG00000231362,2
ENSG00000231363,0
ENSG00000231364,0
ENSG00000231365,97
ENSG00000231366,0
ENSG00000231367,31
ENSG00000231368,0
ENSG00000231369,2
ENSG00000231371,0
ENSG00000231373,3
ENSG00000231375,0
ENSG00000231376,0
ENSG00000231378,0
ENSG00000231381,2
ENSG00000231382,0
ENSG00000231383,4
ENSG00000231384,0
ENSG00000231386,0
ENSG00000231388,0
ENSG00000231389,8797
ENSG00000231390,0
ENSG00000231392,0
ENSG00000231393,2
ENSG00000231394,0
ENSG00000231395,0
ENSG00000231396,0
ENSG00000231397,0
ENSG00000231398,0
ENSG00000231399,0
ENSG00000231401,0
ENSG00000231402,7
ENSG00000231403,0
ENSG00000231404,0
ENSG00000231405,0
ENSG00000231407,11
ENSG00000231409,5
ENSG00000231411,0
ENSG00000231412,0
ENSG00000231413,0
ENSG00000231414,5
ENSG00000231416,2
ENSG00000231417,0
ENSG00000231418,0
ENSG00000231419,36
ENSG00000231420,0
ENSG00000231421,0
ENSG00000231422,0
ENSG00000231423,0
ENSG00000231424,1
ENSG00000231426,0
ENSG00000231427,0
ENSG00000231428,0
ENSG00000231429,0
ENSG00000231431,178
ENSG00000231434,26
ENSG00000231435,5
ENSG00000231436,0
ENSG00000231437,12
ENSG00000231439,1
ENSG00000231440,0
ENSG00000231441,1
ENSG00000231442,18
ENSG00000231443,21
ENSG00000231445,0
ENSG00000231447,3
ENSG00000231449,2
ENSG00000231453,3
ENSG00000231454,0
ENSG00000231458,0
ENSG00000231459,1
ENSG00000231460,0
ENSG00000231461,0
ENSG00000231464,7
ENSG00000231465,20
ENSG00000231466,10
ENSG00000231467,0
ENSG00000231468,8
ENSG00000231470,0
ENSG00000231471,0
ENSG00000231473,13
ENSG00000231475,253
ENSG00000231476,2
ENSG00000231477,0
ENSG00000231478,0
ENSG00000231480,0
ENSG00000231482,24
ENSG00000231483,0
ENSG00000231484,1
ENSG00000231485,1
ENSG00000231487,0
ENSG00000231489,0
ENSG00000231490,0
ENSG00000231491,0
ENSG00000231492,0
ENSG00000231494,0
ENSG00000231495,0
ENSG00000231496,0
ENSG00000231500,74689
ENSG00000231501,0
ENSG00000231503,90
ENSG00000231504,0
ENSG00000231505,0
ENSG00000231507,2
ENSG00000231508,0
ENSG00000231509,0
ENSG00000231510,0
ENSG00000231512,1
ENSG00000231513,0
ENSG00000231514,0
ENSG00000231515,0
ENSG00000231516,0
ENSG00000231518,0
ENSG00000231519,16
ENSG00000231521,1
ENSG00000231523,0
ENSG00000231525,0
ENSG00000231527,0
ENSG00000231528,34
ENSG00000231529,0
ENSG00000231530,11
ENSG00000231531,1
ENSG00000231532,1
ENSG00000231533,0
ENSG00000231534,2
ENSG00000231535,0
ENSG00000231536,0
ENSG00000231537,0
ENSG00000231538,0
ENSG00000231539,0
ENSG00000231540,0
ENSG00000231541,0
ENSG00000231542,0
ENSG00000231544,0
ENSG00000231546,0
ENSG00000231547,0
ENSG00000231548,4
ENSG00000231549,5
ENSG00000231550,7
ENSG00000231551,39
ENSG00000231552,0
ENSG00000231553,0
ENSG00000231556,0
ENSG00000231557,0
ENSG00000231559,0
ENSG00000231560,1
ENSG00000231561,0
ENSG00000231562,1
ENSG00000231563,19
ENSG00000231564,0
ENSG00000231565,0
ENSG00000231566,0
ENSG00000231567,0
ENSG00000231568,0
ENSG00000231569,0
ENSG00000231570,0
ENSG00000231574,143
ENSG00000231575,0
ENSG00000231576,0
ENSG00000231579,0
ENSG00000231582,0
ENSG00000231583,0
ENSG00000231584,311
ENSG00000231585,0
ENSG00000231586,0
ENSG00000231587,2
ENSG00000231588,0
ENSG00000231589,0
ENSG00000231590,0
ENSG00000231593,0
ENSG00000231595,40
ENSG00000231597,0
ENSG00000231599,1
ENSG00000231600,0
ENSG00000231601,0
ENSG00000231603,0
ENSG00000231604,1
ENSG00000231605,0
ENSG00000231606,0
ENSG00000231607,198
ENSG00000231609,31
ENSG00000231610,0
ENSG00000231612,4
ENSG00000231613,1
ENSG00000231615,2
ENSG00000231616,7
ENSG00000231619,0
ENSG00000231620,0
ENSG00000231621,2
ENSG00000231622,0
ENSG00000231625,1
ENSG00000231626,0
ENSG00000231628,32
ENSG00000231630,0
ENSG00000231633,0
ENSG00000231635,0
ENSG00000231636,0
ENSG00000231637,0
ENSG00000231638,3
ENSG00000231643,0
ENSG00000231645,0
ENSG00000231646,19
ENSG00000231648,0
ENSG00000231649,0
ENSG00000231650,0
ENSG00000231651,16
ENSG00000231652,1
ENSG00000231653,0
ENSG00000231654,0
ENSG00000231655,1
ENSG00000231656,0
ENSG00000231660,0
ENSG00000231662,0
ENSG00000231663,57
ENSG00000231665,4
ENSG00000231666,3
ENSG00000231667,0
ENSG00000231668,0
ENSG00000231671,0
ENSG00000231672,28
ENSG00000231674,0
ENSG00000231675,0
ENSG00000231678,0
ENSG00000231680,2
ENSG00000231681,0
ENSG00000231682,0
ENSG00000231683,0
ENSG00000231684,1
ENSG00000231686,2
ENSG00000231688,0
ENSG00000231689,3
ENSG00000231690,0
ENSG00000231691,15
ENSG00000231694,0
ENSG00000231697,0
ENSG00000231698,3
ENSG00000231699,0
ENSG00000231700,0
ENSG00000231701,0
ENSG00000231702,1
ENSG00000231703,3
ENSG00000231704,3
ENSG00000231705,7
ENSG00000231706,0
ENSG00000231707,1
ENSG00000231709,4
ENSG00000231711,99
ENSG00000231712,0
ENSG00000231713,0
ENSG00000231714,0
ENSG00000231715,0
ENSG00000231716,0
ENSG00000231718,0
ENSG00000231720,0
ENSG00000231721,220
ENSG00000231722,0
ENSG00000231723,0
ENSG00000231724,3
ENSG00000231725,1
ENSG00000231726,1
ENSG00000231728,7
ENSG00000231729,2
ENSG00000231731,71
ENSG00000231735,0
ENSG00000231738,0
ENSG00000231739,1
ENSG00000231740,0
ENSG00000231741,1
ENSG00000231742,11
ENSG00000231743,0
ENSG00000231744,2
ENSG00000231747,10
ENSG00000231748,0
ENSG00000231749,0
ENSG00000231750,0
ENSG00000231752,129
ENSG00000231754,0
ENSG00000231755,0
ENSG00000231756,0
ENSG00000231758,0
ENSG00000231760,49
ENSG00000231762,0
ENSG00000231763,0
ENSG00000231764,0
ENSG00000231765,0
ENSG00000231766,0
ENSG00000231767,7
ENSG00000231768,25
ENSG00000231769,3
ENSG00000231770,554
ENSG00000231772,10
ENSG00000231774,0
ENSG00000231776,0
ENSG00000231777,0
ENSG00000231780,0
ENSG00000231781,0
ENSG00000231782,0
ENSG00000231784,6
ENSG00000231787,1
ENSG00000231788,1
ENSG00000231789,214
ENSG00000231791,0
ENSG00000231793,9
ENSG00000231794,4
ENSG00000231795,0
ENSG00000231799,0
ENSG00000231801,0
ENSG00000231802,0
ENSG00000231804,4
ENSG00000231806,61
ENSG00000231808,0
ENSG00000231809,0
ENSG00000231810,0
ENSG00000231811,0
ENSG00000231812,0
ENSG00000231814,0
ENSG00000231815,0
ENSG00000231816,2
ENSG00000231817,0
ENSG00000231821,0
ENSG00000231822,14
ENSG00000231824,2
ENSG00000231826,74
ENSG00000231827,1
ENSG00000231829,5
ENSG00000231830,0
ENSG00000231831,3
ENSG00000231837,0
ENSG00000231838,0
ENSG00000231839,0
ENSG00000231840,1
ENSG00000231841,7
ENSG00000231842,3
ENSG00000231845,1
ENSG00000231846,0
ENSG00000231848,0
ENSG00000231849,0
ENSG00000231851,9
ENSG00000231852,10
ENSG00000231855,0
ENSG00000231856,58
ENSG00000231857,0
ENSG00000231858,4
ENSG00000231859,0
ENSG00000231861,0
ENSG00000231863,1
ENSG00000231864,0
ENSG00000231865,2
ENSG00000231866,1
ENSG00000231867,0
ENSG00000231868,3
ENSG00000231870,5
ENSG00000231871,7
ENSG00000231873,0
ENSG00000231874,0
ENSG00000231875,1
ENSG00000231876,0
ENSG00000231877,0
ENSG00000231878,0
ENSG00000231879,0
ENSG00000231880,0
ENSG00000231881,7
ENSG00000231882,4
ENSG00000231883,1
ENSG00000231884,1
ENSG00000231887,20
ENSG00000231888,0
ENSG00000231889,27
ENSG00000231890,167
ENSG00000231892,0
ENSG00000231894,0
ENSG00000231896,1
ENSG00000231897,0
ENSG00000231898,0
ENSG00000231900,0
ENSG00000231901,0
ENSG00000231902,0
ENSG00000231903,1
ENSG00000231905,0
ENSG00000231906,0
ENSG00000231907,0
ENSG00000231908,74
ENSG00000231909,0
ENSG00000231910,4
ENSG00000231911,0
ENSG00000231912,0
ENSG00000231913,0
ENSG00000231914,0
ENSG00000231915,0
ENSG00000231916,0
ENSG00000231918,0
ENSG00000231920,25
ENSG00000231922,0
ENSG00000231923,0
ENSG00000231924,0
ENSG00000231925,11218
ENSG00000231926,0
ENSG00000231927,0
ENSG00000231929,0
ENSG00000231930,0
ENSG00000231931,0
ENSG00000231933,0
ENSG00000231934,0
ENSG00000231937,13
ENSG00000231940,2
ENSG00000231942,0
ENSG00000231943,0
ENSG00000231944,6
ENSG00000231947,0
ENSG00000231948,2
ENSG00000231949,0
ENSG00000231951,0
ENSG00000231952,13
ENSG00000231953,0
ENSG00000231954,0
ENSG00000231955,0
ENSG00000231956,1
ENSG00000231957,0
ENSG00000231961,0
ENSG00000231963,0
ENSG00000231964,2
ENSG00000231965,0
ENSG00000231966,3
ENSG00000231967,1
ENSG00000231969,5
ENSG00000231970,0
ENSG00000231971,1
ENSG00000231976,0
ENSG00000231977,1
ENSG00000231978,1
ENSG00000231979,0
ENSG00000231980,1
ENSG00000231981,0
ENSG00000231982,71
ENSG00000231983,0
ENSG00000231984,0
ENSG00000231985,0
ENSG00000231986,0
ENSG00000231987,0
ENSG00000231988,0
ENSG00000231989,5
ENSG00000231990,0
ENSG00000231991,278
ENSG00000231992,0
ENSG00000231993,66
ENSG00000231995,1
ENSG00000231996,0
ENSG00000231999,18
ENSG00000232000,6
ENSG00000232001,0
ENSG00000232002,0
ENSG00000232003,0
ENSG00000232004,23
ENSG00000232006,7
ENSG00000232009,0
ENSG00000232010,0
ENSG00000232015,0
ENSG00000232018,0
ENSG00000232019,0
ENSG00000232021,8
ENSG00000232022,6
ENSG00000232023,0
ENSG00000232024,71
ENSG00000232025,0
ENSG00000232027,27
ENSG00000232028,0
ENSG00000232029,0
ENSG00000232030,0
ENSG00000232031,1
ENSG00000232032,0
ENSG00000232034,0
ENSG00000232035,1
ENSG00000232036,0
ENSG00000232037,3
ENSG00000232039,0
ENSG00000232040,7
ENSG00000232041,0
ENSG00000232042,0
ENSG00000232043,54
ENSG00000232044,302
ENSG00000232046,3
ENSG00000232048,0
ENSG00000232050,0
ENSG00000232053,2
ENSG00000232054,0
ENSG00000232056,0
ENSG00000232057,2
ENSG00000232058,0
ENSG00000232059,8
ENSG00000232060,1
ENSG00000232063,5
ENSG00000232064,0
ENSG00000232065,67
ENSG00000232068,0
ENSG00000232069,0
ENSG00000232070,3
ENSG00000232072,0
ENSG00000232073,0
ENSG00000232075,23
ENSG00000232077,0
ENSG00000232079,11
ENSG00000232080,0
ENSG00000232081,1
ENSG00000232082,9
ENSG00000232083,0
ENSG00000232084,0
ENSG00000232085,0
ENSG00000232086,0
ENSG00000232087,0
ENSG00000232089,0
ENSG00000232090,0
ENSG00000232091,0
ENSG00000232093,191
ENSG00000232096,0
ENSG00000232097,2
ENSG00000232098,195
ENSG00000232100,0
ENSG00000232101,0
ENSG00000232102,0
ENSG00000232104,25
ENSG00000232105,0
ENSG00000232109,1
ENSG00000232110,2
ENSG00000232111,71
ENSG00000232112,4398
ENSG00000232113,0
ENSG00000232114,0
ENSG00000232115,0
ENSG00000232117,1
ENSG00000232118,86
ENSG00000232119,1230
ENSG00000232120,0
ENSG00000232121,0
ENSG00000232124,18
ENSG00000232125,0
ENSG00000232128,0
ENSG00000232130,0
ENSG00000232131,0
ENSG00000232132,0
ENSG00000232133,2
ENSG00000232134,40
ENSG00000232135,0
ENSG00000232136,0
ENSG00000232138,0
ENSG00000232139,5
ENSG00000232140,0
ENSG00000232142,0
ENSG00000232144,0
ENSG00000232145,0
ENSG00000232148,0
ENSG00000232149,8
ENSG00000232150,11
ENSG00000232153,0
ENSG00000232154,0
ENSG00000232155,0
ENSG00000232158,0
ENSG00000232159,0
ENSG00000232160,108
ENSG00000232161,1
ENSG00000232162,0
ENSG00000232163,0
ENSG00000232164,5
ENSG00000232165,0
ENSG00000232166,0
ENSG00000232167,0
ENSG00000232168,0
ENSG00000232170,0
ENSG00000232172,3
ENSG00000232173,0
ENSG00000232174,0
ENSG00000232175,0
ENSG00000232176,8
ENSG00000232177,2
ENSG00000232179,0
ENSG00000232183,0
ENSG00000232184,0
ENSG00000232185,0
ENSG00000232186,3
ENSG00000232187,306
ENSG00000232188,0
ENSG00000232190,19
ENSG00000232192,2
ENSG00000232193,0
ENSG00000232194,1
ENSG00000232195,0
ENSG00000232196,1
ENSG00000232197,1
ENSG00000232198,0
ENSG00000232199,0
ENSG00000232200,0
ENSG00000232202,5
ENSG00000232203,0
ENSG00000232204,0
ENSG00000232205,0
ENSG00000232208,0
ENSG00000232211,0
ENSG00000232212,0
ENSG00000232215,0
ENSG00000232216,273
ENSG00000232217,0
ENSG00000232218,6
ENSG00000232220,0
ENSG00000232223,0
ENSG00000232224,139
ENSG00000232225,0
ENSG00000232226,0
ENSG00000232227,0
ENSG00000232228,0
ENSG00000232229,240
ENSG00000232230,0
ENSG00000232233,19
ENSG00000232234,0
ENSG00000232235,0
ENSG00000232237,9
ENSG00000232238,0
ENSG00000232239,0
ENSG00000232240,0
ENSG00000232241,0
ENSG00000232242,0
ENSG00000232243,0
ENSG00000232245,0
ENSG00000232249,0
ENSG00000232252,0
ENSG00000232254,0
ENSG00000232258,0
ENSG00000232259,1
ENSG00000232260,4
ENSG00000232261,0
ENSG00000232263,0
ENSG00000232264,0
ENSG00000232265,3
ENSG00000232267,0
ENSG00000232268,0
ENSG00000232271,0
ENSG00000232273,4
ENSG00000232277,0
ENSG00000232281,0
ENSG00000232282,0
ENSG00000232283,0
ENSG00000232284,48
ENSG00000232285,0
ENSG00000232286,0
ENSG00000232287,0
ENSG00000232290,0
ENSG00000232292,0
ENSG00000232293,0
ENSG00000232294,1
ENSG00000232295,6
ENSG00000232296,0
ENSG00000232298,2
ENSG00000232299,0
ENSG00000232300,1
ENSG00000232301,0
ENSG00000232303,4
ENSG00000232305,2
ENSG00000232306,0
ENSG00000232307,0
ENSG00000232309,0
ENSG00000232310,2
ENSG00000232311,9
ENSG00000232314,0
ENSG00000232316,5
ENSG00000232320,19
ENSG00000232324,1
ENSG00000232325,0
ENSG00000232327,0
ENSG00000232328,0
ENSG00000232332,0
ENSG00000232333,1
ENSG00000232334,1
ENSG00000232335,0
ENSG00000232337,0
ENSG00000232341,9
ENSG00000232342,0
ENSG00000232344,8
ENSG00000232346,11
ENSG00000232347,0
ENSG00000232348,0
ENSG00000232349,0
ENSG00000232350,0
ENSG00000232352,8
ENSG00000232353,0
ENSG00000232354,68
ENSG00000232355,7
ENSG00000232358,0
ENSG00000232359,0
ENSG00000232360,0
ENSG00000232361,0
ENSG00000232362,1
ENSG00000232363,1
ENSG00000232366,0
ENSG00000232368,19
ENSG00000232369,11
ENSG00000232370,0
ENSG00000232372,18
ENSG00000232373,0
ENSG00000232374,0
ENSG00000232375,0
ENSG00000232377,0
ENSG00000232378,0
ENSG00000232379,0
ENSG00000232380,0
ENSG00000232381,0
ENSG00000232382,0
ENSG00000232383,3
ENSG00000232385,8
ENSG00000232386,134
ENSG00000232387,15
ENSG00000232388,1117
ENSG00000232389,4
ENSG00000232390,0
ENSG00000232391,0
ENSG00000232392,0
ENSG00000232393,0
ENSG00000232394,0
ENSG00000232395,0
ENSG00000232396,0
ENSG00000232398,1
ENSG00000232399,0
ENSG00000232400,0
ENSG00000232401,0
ENSG00000232403,2
ENSG00000232406,2
ENSG00000232407,0
ENSG00000232408,0
ENSG00000232409,0
ENSG00000232411,7
ENSG00000232412,10
ENSG00000232413,0
ENSG00000232415,171
ENSG00000232416,0
ENSG00000232418,1
ENSG00000232419,0
ENSG00000232420,0
ENSG00000232422,0
ENSG00000232423,0
ENSG00000232424,0
ENSG00000232429,2
ENSG00000232430,0
ENSG00000232431,0
ENSG00000232433,0
ENSG00000232434,148
ENSG00000232436,1
ENSG00000232437,0
ENSG00000232439,1
ENSG00000232442,300
ENSG00000232444,0
ENSG00000232445,154
ENSG00000232446,0
ENSG00000232447,0
ENSG00000232448,0
ENSG00000232450,13
ENSG00000232451,0
ENSG00000232453,27
ENSG00000232454,0
ENSG00000232455,0
ENSG00000232456,1
ENSG00000232457,7
ENSG00000232458,1
ENSG00000232459,0
ENSG00000232460,2
ENSG00000232461,177
ENSG00000232462,0
ENSG00000232463,0
ENSG00000232464,0
ENSG00000232465,0
ENSG00000232466,0
ENSG00000232467,1
ENSG00000232470,16
ENSG00000232471,0
ENSG00000232472,54
ENSG00000232474,1
ENSG00000232475,0
ENSG00000232479,1
ENSG00000232480,27
ENSG00000232482,0
ENSG00000232485,78
ENSG00000232486,0
ENSG00000232487,1
ENSG00000232489,3
ENSG00000232490,2
ENSG00000232491,0
ENSG00000232492,0
ENSG00000232493,1
ENSG00000232494,0
ENSG00000232496,0
ENSG00000232497,0
ENSG00000232498,0
ENSG00000232499,9
ENSG00000232500,0
ENSG00000232502,0
ENSG00000232503,0
ENSG00000232504,10
ENSG00000232505,0
ENSG00000232508,0
ENSG00000232511,0
ENSG00000232512,0
ENSG00000232514,0
ENSG00000232515,0
ENSG00000232517,0
ENSG00000232518,0
ENSG00000232519,5
ENSG00000232520,1
ENSG00000232522,0
ENSG00000232524,0
ENSG00000232525,0
ENSG00000232526,0
ENSG00000232527,21
ENSG00000232528,5
ENSG00000232529,0
ENSG00000232530,1
ENSG00000232531,0
ENSG00000232532,0
ENSG00000232533,368
ENSG00000232535,0
ENSG00000232536,0
ENSG00000232537,0
ENSG00000232539,0
ENSG00000232540,0
ENSG00000232542,0
ENSG00000232543,0
ENSG00000232545,13
ENSG00000232546,19
ENSG00000232548,0
ENSG00000232549,0
ENSG00000232551,0
ENSG00000232553,1
ENSG00000232554,2
ENSG00000232555,7
ENSG00000232556,0
ENSG00000232557,0
ENSG00000232558,0
ENSG00000232559,379
ENSG00000232560,27
ENSG00000232562,0
ENSG00000232563,0
ENSG00000232564,3
ENSG00000232568,2
ENSG00000232573,221
ENSG00000232576,0
ENSG00000232578,2
ENSG00000232579,0
ENSG00000232581,0
ENSG00000232582,0
ENSG00000232583,0
ENSG00000232585,0
ENSG00000232586,4
ENSG00000232587,2
ENSG00000232590,0
ENSG00000232591,0
ENSG00000232593,25
ENSG00000232594,0
ENSG00000232595,0
ENSG00000232596,0
ENSG00000232597,0
ENSG00000232598,0
ENSG00000232599,0
ENSG00000232600,2
ENSG00000232601,0
ENSG00000232603,1
ENSG00000232604,0
ENSG00000232605,0
ENSG00000232606,0
ENSG00000232608,1
ENSG00000232610,0
ENSG00000232611,42
ENSG00000232612,1
ENSG00000232613,15
ENSG00000232614,0
ENSG00000232615,12
ENSG00000232617,0
ENSG00000232618,1
ENSG00000232620,0
ENSG00000232621,1
ENSG00000232622,0
ENSG00000232623,4
ENSG00000232624,0
ENSG00000232625,7
ENSG00000232626,3
ENSG00000232627,0
ENSG00000232628,5
ENSG00000232629,933
ENSG00000232630,129
ENSG00000232631,0
ENSG00000232633,4
ENSG00000232634,0
ENSG00000232636,0
ENSG00000232638,8
ENSG00000232640,101
ENSG00000232642,0
ENSG00000232643,0
ENSG00000232644,0
ENSG00000232645,13
ENSG00000232646,0
ENSG00000232647,0
ENSG00000232648,14
ENSG00000232650,0
ENSG00000232653,12
ENSG00000232654,0
ENSG00000232655,0
ENSG00000232656,0
ENSG00000232658,0
ENSG00000232661,0
ENSG00000232662,1
ENSG00000232663,1
ENSG00000232664,0
ENSG00000232665,0
ENSG00000232667,0
ENSG00000232668,0
ENSG00000232671,42
ENSG00000232672,1
ENSG00000232675,1
ENSG00000232676,0
ENSG00000232677,2074
ENSG00000232678,0
ENSG00000232679,9
ENSG00000232680,7
ENSG00000232682,12
ENSG00000232684,0
ENSG00000232685,1
ENSG00000232687,0
ENSG00000232688,0
ENSG00000232690,2
ENSG00000232692,4
ENSG00000232693,1
ENSG00000232695,0
ENSG00000232696,0
ENSG00000232698,1
ENSG00000232699,1
ENSG00000232701,0
ENSG00000232702,3
ENSG00000232706,1
ENSG00000232707,0
ENSG00000232709,9
ENSG00000232710,2
ENSG00000232712,4
ENSG00000232713,26
ENSG00000232714,0
ENSG00000232715,0
ENSG00000232716,0
ENSG00000232717,0
ENSG00000232718,0
ENSG00000232719,3
ENSG00000232721,0
ENSG00000232722,1
ENSG00000232723,0
ENSG00000232724,7
ENSG00000232725,12
ENSG00000232727,3
ENSG00000232728,0
ENSG00000232729,7
ENSG00000232730,0
ENSG00000232732,3
ENSG00000232734,0
ENSG00000232735,0
ENSG00000232736,1
ENSG00000232738,0
ENSG00000232739,0
ENSG00000232740,0
ENSG00000232742,4
ENSG00000232743,0
ENSG00000232744,0
ENSG00000232746,0
ENSG00000232747,2
ENSG00000232748,34
ENSG00000232749,0
ENSG00000232750,0
ENSG00000232751,0
ENSG00000232752,0
ENSG00000232754,0
ENSG00000232756,0
ENSG00000232757,0
ENSG00000232759,5
ENSG00000232760,1
ENSG00000232762,0
ENSG00000232764,0
ENSG00000232765,4
ENSG00000232766,0
ENSG00000232767,0
ENSG00000232768,0
ENSG00000232771,0
ENSG00000232772,0
ENSG00000232773,0
ENSG00000232774,69
ENSG00000232775,1
ENSG00000232777,0
ENSG00000232778,0
ENSG00000232780,0
ENSG00000232783,0
ENSG00000232784,2
ENSG00000232786,0
ENSG00000232787,0
ENSG00000232788,4
ENSG00000232789,0
ENSG00000232790,0
ENSG00000232791,0
ENSG00000232792,1
ENSG00000232793,0
ENSG00000232794,0
ENSG00000232795,2
ENSG00000232797,0
ENSG00000232798,0
ENSG00000232799,0
ENSG00000232800,0
ENSG00000232801,0
ENSG00000232803,20
ENSG00000232805,0
ENSG00000232806,0
ENSG00000232807,364
ENSG00000232808,0
ENSG00000232809,0
ENSG00000232810,49
ENSG00000232811,35
ENSG00000232812,0
ENSG00000232813,0
ENSG00000232814,1
ENSG00000232815,38
ENSG00000232817,0
ENSG00000232818,7
ENSG00000232821,3
ENSG00000232823,0
ENSG00000232824,0
ENSG00000232825,0
ENSG00000232827,0
ENSG00000232828,0
ENSG00000232829,0
ENSG00000232830,0
ENSG00000232832,0
ENSG00000232834,0
ENSG00000232835,0
ENSG00000232837,0
ENSG00000232838,155
ENSG00000232841,0
ENSG00000232842,0
ENSG00000232843,0
ENSG00000232845,0
ENSG00000232846,0
ENSG00000232848,1
ENSG00000232849,0
ENSG00000232850,6
ENSG00000232851,0
ENSG00000232852,0
ENSG00000232853,0
ENSG00000232855,15
ENSG00000232857,0
ENSG00000232858,1
ENSG00000232859,99
ENSG00000232860,5
ENSG00000232862,4
ENSG00000232864,0
ENSG00000232867,0
ENSG00000232869,30
ENSG00000232871,10
ENSG00000232872,1
ENSG00000232873,0
ENSG00000232874,5
ENSG00000232875,0
ENSG00000232876,23
ENSG00000232878,0
ENSG00000232879,2
ENSG00000232880,0
ENSG00000232881,0
ENSG00000232882,25
ENSG00000232883,0
ENSG00000232884,2
ENSG00000232885,0
ENSG00000232886,0
ENSG00000232887,0
ENSG00000232888,27
ENSG00000232889,0
ENSG00000232891,0
ENSG00000232892,0
ENSG00000232893,2
ENSG00000232894,0
ENSG00000232895,0
ENSG00000232896,0
ENSG00000232897,0
ENSG00000232899,0
ENSG00000232900,0
ENSG00000232901,13
ENSG00000232903,0
ENSG00000232905,0
ENSG00000232906,1
ENSG00000232907,30
ENSG00000232908,0
ENSG00000232909,0
ENSG00000232910,0
ENSG00000232912,3
ENSG00000232913,1
ENSG00000232914,0
ENSG00000232915,1
ENSG00000232916,1
ENSG00000232917,0
ENSG00000232918,0
ENSG00000232920,0
ENSG00000232922,0
ENSG00000232924,0
ENSG00000232925,0
ENSG00000232926,10
ENSG00000232927,0
ENSG00000232928,1
ENSG00000232930,0
ENSG00000232931,995
ENSG00000232934,11
ENSG00000232935,0
ENSG00000232936,2
ENSG00000232937,0
ENSG00000232938,28
ENSG00000232939,0
ENSG00000232940,13
ENSG00000232943,0
ENSG00000232944,0
ENSG00000232946,0
ENSG00000232947,0
ENSG00000232948,0
ENSG00000232949,1
ENSG00000232950,0
ENSG00000232951,0
ENSG00000232952,1
ENSG00000232953,0
ENSG00000232954,0
ENSG00000232956,497
ENSG00000232958,0
ENSG00000232959,0
ENSG00000232963,0
ENSG00000232964,0
ENSG00000232965,0
ENSG00000232968,0
ENSG00000232969,1
ENSG00000232970,0
ENSG00000232971,0
ENSG00000232973,17
ENSG00000232975,0
ENSG00000232976,0
ENSG00000232977,5
ENSG00000232978,2
ENSG00000232979,0
ENSG00000232981,0
ENSG00000232982,0
ENSG00000232983,0
ENSG00000232985,0
ENSG00000232986,0
ENSG00000232987,1
ENSG00000232989,0
ENSG00000232990,0
ENSG00000232991,0
ENSG00000232992,0
ENSG00000232993,0
ENSG00000232994,0
ENSG00000232995,66
ENSG00000232998,0
ENSG00000232999,0
ENSG00000233002,5
ENSG00000233003,0
ENSG00000233005,0
ENSG00000233006,53
ENSG00000233007,0
ENSG00000233008,2
ENSG00000233009,1
ENSG00000233010,0
ENSG00000233011,0
ENSG00000233012,0
ENSG00000233013,7
ENSG00000233014,0
ENSG00000233015,0
ENSG00000233016,618
ENSG00000233017,0
ENSG00000233018,0
ENSG00000233020,0
ENSG00000233021,0
ENSG00000233024,2
ENSG00000233025,2
ENSG00000233026,0
ENSG00000233028,244
ENSG00000233029,0
ENSG00000233030,9
ENSG00000233031,0
ENSG00000233033,5
ENSG00000233036,0
ENSG00000233037,0
ENSG00000233038,25
ENSG00000233039,0
ENSG00000233040,0
ENSG00000233041,0
ENSG00000233044,0
ENSG00000233045,7
ENSG00000233047,0
ENSG00000233048,4
ENSG00000233050,0
ENSG00000233052,2
ENSG00000233055,0
ENSG00000233056,4
ENSG00000233057,5
ENSG00000233058,298
ENSG00000233060,0
ENSG00000233061,2
ENSG00000233063,0
ENSG00000233064,2
ENSG00000233067,0
ENSG00000233068,5
ENSG00000233069,0
ENSG00000233070,0
ENSG00000233071,0
ENSG00000233072,1
ENSG00000233073,7
ENSG00000233077,128
ENSG00000233078,0
ENSG00000233079,0
ENSG00000233080,0
ENSG00000233081,21
ENSG00000233082,0
ENSG00000233083,0
ENSG00000233084,12
ENSG00000233085,0
ENSG00000233086,2
ENSG00000233087,15
ENSG00000233090,1
ENSG00000233093,19
ENSG00000233096,0
ENSG00000233098,92
ENSG00000233099,0
ENSG00000233101,8
ENSG00000233103,0
ENSG00000233105,0
ENSG00000233106,0
ENSG00000233107,0
ENSG00000233108,2
ENSG00000233109,0
ENSG00000233110,11
ENSG00000233111,3
ENSG00000233114,1
ENSG00000233115,0
ENSG00000233117,60
ENSG00000233118,0
ENSG00000233120,0
ENSG00000233121,2
ENSG00000233122,8
ENSG00000233123,0
ENSG00000233124,0
ENSG00000233125,1
ENSG00000233126,0
ENSG00000233128,2
ENSG00000233129,1
ENSG00000233131,0
ENSG00000233132,0
ENSG00000233133,0
ENSG00000233134,0
ENSG00000233135,0
ENSG00000233136,0
ENSG00000233138,1
ENSG00000233139,0
ENSG00000233143,0
ENSG00000233144,4
ENSG00000233145,0
ENSG00000233146,0
ENSG00000233147,0
ENSG00000233148,0
ENSG00000233153,0
ENSG00000233154,8
ENSG00000233155,16
ENSG00000233156,0
ENSG00000233157,0
ENSG00000233158,0
ENSG00000233159,0
ENSG00000233162,0
ENSG00000233163,0
ENSG00000233167,0
ENSG00000233170,112
ENSG00000233173,0
ENSG00000233175,31
ENSG00000233176,0
ENSG00000233178,19
ENSG00000233179,0
ENSG00000233183,1
ENSG00000233184,171
ENSG00000233186,0
ENSG00000233189,0
ENSG00000233190,1
ENSG00000233191,2
ENSG00000233193,0
ENSG00000233196,0
ENSG00000233197,0
ENSG00000233198,5
ENSG00000233200,0
ENSG00000233203,23
ENSG00000233204,0
ENSG00000233205,11
ENSG00000233206,0
ENSG00000233208,19
ENSG00000233211,0
ENSG00000233213,0
ENSG00000233214,5
ENSG00000233215,0
ENSG00000233216,0
ENSG00000233217,0
ENSG00000233219,0
ENSG00000233220,3
ENSG00000233221,29
ENSG00000233222,1
ENSG00000233223,367
ENSG00000233225,77
ENSG00000233228,0
ENSG00000233229,0
ENSG00000233230,45
ENSG00000233231,5
ENSG00000233232,7
ENSG00000233234,0
ENSG00000233235,1
ENSG00000233236,1
ENSG00000233237,7
ENSG00000233238,0
ENSG00000233242,4
ENSG00000233243,1
ENSG00000233246,4
ENSG00000233247,23
ENSG00000233248,0
ENSG00000233250,4
ENSG00000233251,14
ENSG00000233252,0
ENSG00000233254,2
ENSG00000233255,1
ENSG00000233256,0
ENSG00000233258,0
ENSG00000233259,0
ENSG00000233260,2
ENSG00000233261,4
ENSG00000233262,0
ENSG00000233263,0
ENSG00000233264,7
ENSG00000233265,0
ENSG00000233266,7
ENSG00000233268,0
ENSG00000233270,9
ENSG00000233271,0
ENSG00000233272,0
ENSG00000233273,0
ENSG00000233275,0
ENSG00000233276,11377
ENSG00000233277,0
ENSG00000233278,0
ENSG00000233285,0
ENSG00000233286,1
ENSG00000233287,2
ENSG00000233288,9
ENSG00000233290,0
ENSG00000233291,3
ENSG00000233292,0
ENSG00000233293,4
ENSG00000233295,0
ENSG00000233296,12
ENSG00000233297,3
ENSG00000233299,0
ENSG00000233300,0
ENSG00000233301,0
ENSG00000233303,0
ENSG00000233304,0
ENSG00000233306,0
ENSG00000233307,1
ENSG00000233308,4
ENSG00000233309,62
ENSG00000233311,0
ENSG00000233313,0
ENSG00000233316,0
ENSG00000233318,14
ENSG00000233319,0
ENSG00000233321,1
ENSG00000233324,0
ENSG00000233325,59
ENSG00000233327,30
ENSG00000233328,5
ENSG00000233329,0
ENSG00000233330,18
ENSG00000233332,2
ENSG00000233333,0
ENSG00000233334,0
ENSG00000233335,0
ENSG00000233336,0
ENSG00000233337,2
ENSG00000233338,0
ENSG00000233339,0
ENSG00000233340,0
ENSG00000233342,0
ENSG00000233343,0
ENSG00000233347,10
ENSG00000233349,0
ENSG00000233351,0
ENSG00000233352,0
ENSG00000233353,0
ENSG00000233354,0
ENSG00000233355,13
ENSG00000233357,0
ENSG00000233358,10
ENSG00000233359,0
ENSG00000233360,1
ENSG00000233363,0
ENSG00000233365,1
ENSG00000233366,0
ENSG00000233367,0
ENSG00000233369,490
ENSG00000233370,0
ENSG00000233372,0
ENSG00000233373,0
ENSG00000233376,0
ENSG00000233377,0
ENSG00000233378,0
ENSG00000233379,0
ENSG00000233380,6
ENSG00000233381,29
ENSG00000233382,27
ENSG00000233383,0
ENSG00000233384,3
ENSG00000233385,1
ENSG00000233387,3
ENSG00000233388,4
ENSG00000233392,0
ENSG00000233393,2
ENSG00000233395,0
ENSG00000233396,137
ENSG00000233397,1
ENSG00000233399,0
ENSG00000233401,0
ENSG00000233402,0
ENSG00000233403,0
ENSG00000233405,1
ENSG00000233406,7
ENSG00000233407,0
ENSG00000233408,0
ENSG00000233409,0
ENSG00000233410,0
ENSG00000233411,1
ENSG00000233412,0
ENSG00000233415,0
ENSG00000233416,3
ENSG00000233417,0
ENSG00000233419,0
ENSG00000233420,1
ENSG00000233421,7
ENSG00000233423,0
ENSG00000233424,0
ENSG00000233425,0
ENSG00000233426,353
ENSG00000233427,4
ENSG00000233428,1
ENSG00000233429,37
ENSG00000233430,0
ENSG00000233431,0
ENSG00000233432,1
ENSG00000233433,0
ENSG00000233435,2
ENSG00000233436,5
ENSG00000233437,0
ENSG00000233438,22
ENSG00000233440,0
ENSG00000233441,1
ENSG00000233442,0
ENSG00000233444,0
ENSG00000233445,1
ENSG00000233446,0
ENSG00000233447,0
ENSG00000233448,2
ENSG00000233449,0
ENSG00000233451,0
ENSG00000233452,23
ENSG00000233454,0
ENSG00000233455,0
ENSG00000233456,0
ENSG00000233457,0
ENSG00000233459,1
ENSG00000233460,0
ENSG00000233461,258
ENSG00000233464,0
ENSG00000233467,0
ENSG00000233469,2
ENSG00000233470,0
ENSG00000233471,0
ENSG00000233472,0
ENSG00000233473,1
ENSG00000233476,303
ENSG00000233477,0
ENSG00000233478,9
ENSG00000233479,0
ENSG00000233480,0
ENSG00000233482,1
ENSG00000233483,24
ENSG00000233484,2
ENSG00000233485,0
ENSG00000233487,25
ENSG00000233489,0
ENSG00000233491,0
ENSG00000233492,0
ENSG00000233493,101
ENSG00000233494,0
ENSG00000233496,0
ENSG00000233497,0
ENSG00000233499,0
ENSG00000233501,0
ENSG00000233502,1
ENSG00000233503,1
ENSG00000233508,3
ENSG00000233509,6
ENSG00000233511,0
ENSG00000233514,1
ENSG00000233515,44
ENSG00000233516,0
ENSG00000233517,7
ENSG00000233518,0
ENSG00000233519,0
ENSG00000233521,4
ENSG00000233522,0
ENSG00000233523,0
ENSG00000233524,0
ENSG00000233526,0
ENSG00000233527,126
ENSG00000233528,0
ENSG00000233529,1
ENSG00000233531,0
ENSG00000233532,10
ENSG00000233533,0
ENSG00000233534,1
ENSG00000233535,1
ENSG00000233536,0
ENSG00000233537,0
ENSG00000233538,3
ENSG00000233539,0
ENSG00000233540,2
ENSG00000233541,0
ENSG00000233542,5
ENSG00000233543,0
ENSG00000233544,0
ENSG00000233545,0
ENSG00000233546,0
ENSG00000233547,5
ENSG00000233548,0
ENSG00000233549,0
ENSG00000233550,0
ENSG00000233551,0
ENSG00000233553,0
ENSG00000233554,37
ENSG00000233555,0
ENSG00000233557,0
ENSG00000233558,17
ENSG00000233559,4
ENSG00000233560,3
ENSG00000233562,0
ENSG00000233563,0
ENSG00000233565,0
ENSG00000233569,0
ENSG00000233570,0
ENSG00000233571,0
ENSG00000233574,3
ENSG00000233575,0
ENSG00000233576,0
ENSG00000233577,1
ENSG00000233578,21
ENSG00000233579,1
ENSG00000233581,1
ENSG00000233583,0
ENSG00000233585,6
ENSG00000233586,0
ENSG00000233587,0
ENSG00000233588,1
ENSG00000233589,5
ENSG00000233590,1
ENSG00000233593,63
ENSG00000233594,2
ENSG00000233595,0
ENSG00000233597,15
ENSG00000233601,0
ENSG00000233602,3
ENSG00000233603,0
ENSG00000233605,0
ENSG00000233606,0
ENSG00000233607,0
ENSG00000233608,133
ENSG00000233609,2
ENSG00000233610,0
ENSG00000233611,6
ENSG00000233613,4
ENSG00000233614,0
ENSG00000233615,0
ENSG00000233616,0
ENSG00000233619,0
ENSG00000233620,0
ENSG00000233621,463
ENSG00000233622,25
ENSG00000233623,0
ENSG00000233625,0
ENSG00000233626,2
ENSG00000233627,0
ENSG00000233632,0
ENSG00000233633,109
ENSG00000233634,0
ENSG00000233635,1
ENSG00000233639,0
ENSG00000233640,0
ENSG00000233642,0
ENSG00000233643,3
ENSG00000233644,0
ENSG00000233645,0
ENSG00000233646,0
ENSG00000233647,0
ENSG00000233648,1
ENSG00000233651,0
ENSG00000233652,0
ENSG00000233653,0
ENSG00000233654,6
ENSG00000233655,0
ENSG00000233656,0
ENSG00000233659,0
ENSG00000233661,0
ENSG00000233662,0
ENSG00000233663,0
ENSG00000233664,0
ENSG00000233665,2
ENSG00000233668,4
ENSG00000233670,0
ENSG00000233671,0
ENSG00000233672,3
ENSG00000233673,2
ENSG00000233674,0
ENSG00000233676,0
ENSG00000233677,0
ENSG00000233680,1
ENSG00000233681,0
ENSG00000233682,5
ENSG00000233683,0
ENSG00000233684,0
ENSG00000233685,0
ENSG00000233686,0
ENSG00000233688,0
ENSG00000233689,0
ENSG00000233690,10
ENSG00000233691,0
ENSG00000233693,2
ENSG00000233694,14
ENSG00000233695,13
ENSG00000233699,0
ENSG00000233701,0
ENSG00000233702,1
ENSG00000233703,0
ENSG00000233705,5
ENSG00000233706,0
ENSG00000233707,0
ENSG00000233708,0
ENSG00000233709,0
ENSG00000233710,0
ENSG00000233711,0
ENSG00000233712,0
ENSG00000233713,0
ENSG00000233714,0
ENSG00000233716,0
ENSG00000233717,0
ENSG00000233718,4
ENSG00000233719,28
ENSG00000233720,0
ENSG00000233721,1
ENSG00000233723,1
ENSG00000233724,0
ENSG00000233725,0
ENSG00000233727,0
ENSG00000233728,0
ENSG00000233729,0
ENSG00000233730,1
ENSG00000233732,0
ENSG00000233733,0
ENSG00000233735,0
ENSG00000233737,0
ENSG00000233739,0
ENSG00000233740,0
ENSG00000233741,0
ENSG00000233746,0
ENSG00000233747,0
ENSG00000233750,3
ENSG00000233751,0
ENSG00000233752,0
ENSG00000233754,1
ENSG00000233755,0
ENSG00000233756,0
ENSG00000233757,45
ENSG00000233760,12
ENSG00000233762,120
ENSG00000233764,2
ENSG00000233765,0
ENSG00000233766,0
ENSG00000233767,1
ENSG00000233771,0
ENSG00000233774,0
ENSG00000233775,2
ENSG00000233776,0
ENSG00000233778,0
ENSG00000233780,3
ENSG00000233782,0
ENSG00000233783,3
ENSG00000233785,2
ENSG00000233786,0
ENSG00000233787,0
ENSG00000233791,28
ENSG00000233792,0
ENSG00000233797,2
ENSG00000233799,6
ENSG00000233800,2
ENSG00000233802,0
ENSG00000233803,0
ENSG00000233805,0
ENSG00000233806,18
ENSG00000233807,0
ENSG00000233810,0
ENSG00000233814,0
ENSG00000233816,0
ENSG00000233817,3
ENSG00000233818,3
ENSG00000233819,0
ENSG00000233820,42
ENSG00000233821,0
ENSG00000233822,122
ENSG00000233823,0
ENSG00000233824,0
ENSG00000233825,1
ENSG00000233827,0
ENSG00000233828,0
ENSG00000233829,0
ENSG00000233830,33
ENSG00000233832,0
ENSG00000233833,0
ENSG00000233834,118
ENSG00000233835,0
ENSG00000233836,112
ENSG00000233837,13
ENSG00000233838,0
ENSG00000233839,1
ENSG00000233840,0
ENSG00000233842,0
ENSG00000233843,0
ENSG00000233844,5
ENSG00000233845,1
ENSG00000233846,0
ENSG00000233847,3
ENSG00000233848,0
ENSG00000233849,0
ENSG00000233850,2
ENSG00000233851,0
ENSG00000233852,2
ENSG00000233854,138
ENSG00000233858,1
ENSG00000233859,2
ENSG00000233860,1
ENSG00000233861,0
ENSG00000233862,3
ENSG00000233864,0
ENSG00000233866,0
ENSG00000233867,0
ENSG00000233868,1
ENSG00000233869,0
ENSG00000233870,0
ENSG00000233871,50
ENSG00000233872,0
ENSG00000233873,0
ENSG00000233874,0
ENSG00000233875,0
ENSG00000233876,1
ENSG00000233877,0
ENSG00000233878,1
ENSG00000233880,0
ENSG00000233882,0
ENSG00000233884,0
ENSG00000233885,43
ENSG00000233887,0
ENSG00000233888,0
ENSG00000233891,0
ENSG00000233892,11
ENSG00000233893,1
ENSG00000233894,0
ENSG00000233895,31
ENSG00000233896,0
ENSG00000233900,0
ENSG00000233901,530
ENSG00000233902,0
ENSG00000233903,139
ENSG00000233905,0
ENSG00000233906,0
ENSG00000233907,0
ENSG00000233908,0
ENSG00000233909,0
ENSG00000233910,0
ENSG00000233912,6
ENSG00000233913,40
ENSG00000233915,0
ENSG00000233916,0
ENSG00000233917,0
ENSG00000233918,0
ENSG00000233919,0
ENSG00000233920,0
ENSG00000233921,6
ENSG00000233922,7
ENSG00000233924,1
ENSG00000233926,1
ENSG00000233927,8440
ENSG00000233928,0
ENSG00000233929,7
ENSG00000233930,483
ENSG00000233932,0
ENSG00000233933,0
ENSG00000233934,0
ENSG00000233936,2
ENSG00000233937,100
ENSG00000233939,0
ENSG00000233940,0
ENSG00000233941,0
ENSG00000233942,0
ENSG00000233943,0
ENSG00000233944,0
ENSG00000233945,0
ENSG00000233946,0
ENSG00000233947,3
ENSG00000233951,0
ENSG00000233952,1
ENSG00000233953,1
ENSG00000233954,297
ENSG00000233955,0
ENSG00000233956,1
ENSG00000233960,0
ENSG00000233962,0
ENSG00000233963,0
ENSG00000233966,31
ENSG00000233967,26
ENSG00000233968,1
ENSG00000233969,0
ENSG00000233970,0
ENSG00000233971,0
ENSG00000233973,0
ENSG00000233974,4
ENSG00000233975,2
ENSG00000233977,0
ENSG00000233978,0
ENSG00000233979,1
ENSG00000233980,1
ENSG00000233981,0
ENSG00000233983,0
ENSG00000233984,11
ENSG00000233985,2
ENSG00000233987,2
ENSG00000233990,0
ENSG00000233993,0
ENSG00000233994,1
ENSG00000233995,0
ENSG00000233996,2
ENSG00000233997,0
ENSG00000233998,1
ENSG00000233999,19
ENSG00000234001,0
ENSG00000234003,2
ENSG00000234004,0
ENSG00000234005,16
ENSG00000234006,5
ENSG00000234008,0
ENSG00000234009,33
ENSG00000234015,0
ENSG00000234016,0
ENSG00000234017,1
ENSG00000234019,0
ENSG00000234020,0
ENSG00000234021,0
ENSG00000234022,0
ENSG00000234025,0
ENSG00000234026,6
ENSG00000234028,436
ENSG00000234030,0
ENSG00000234031,2
ENSG00000234033,0
ENSG00000234034,0
ENSG00000234036,0
ENSG00000234039,0
ENSG00000234040,0
ENSG00000234041,0
ENSG00000234042,0
ENSG00000234043,1
ENSG00000234044,0
ENSG00000234048,0
ENSG00000234050,1
ENSG00000234052,0
ENSG00000234055,0
ENSG00000234056,0
ENSG00000234059,0
ENSG00000234060,0
ENSG00000234061,0
ENSG00000234062,68
ENSG00000234064,0
ENSG00000234065,2
ENSG00000234066,0
ENSG00000234067,0
ENSG00000234068,0
ENSG00000234069,0
ENSG00000234070,3
ENSG00000234071,0
ENSG00000234072,198
ENSG00000234073,0
ENSG00000234075,0
ENSG00000234076,7
ENSG00000234080,3
ENSG00000234081,0
ENSG00000234083,2
ENSG00000234084,14
ENSG00000234085,1
ENSG00000234087,0
ENSG00000234088,0
ENSG00000234089,0
ENSG00000234091,2
ENSG00000234093,3
ENSG00000234099,0
ENSG00000234102,0
ENSG00000234104,0
ENSG00000234105,0
ENSG00000234106,3
ENSG00000234107,0
ENSG00000234108,1
ENSG00000234109,0
ENSG00000234110,0
ENSG00000234111,11
ENSG00000234112,4
ENSG00000234113,0
ENSG00000234115,0
ENSG00000234116,0
ENSG00000234117,0
ENSG00000234118,1
ENSG00000234119,0
ENSG00000234120,0
ENSG00000234121,0
ENSG00000234122,0
ENSG00000234123,0
ENSG00000234124,0
ENSG00000234125,0
ENSG00000234127,5884
ENSG00000234129,14
ENSG00000234130,8
ENSG00000234131,0
ENSG00000234132,0
ENSG00000234134,4
ENSG00000234135,0
ENSG00000234136,0
ENSG00000234139,2
ENSG00000234141,13
ENSG00000234142,0
ENSG00000234143,0
ENSG00000234144,0
ENSG00000234145,2
ENSG00000234146,0
ENSG00000234147,1
ENSG00000234148,2
ENSG00000234149,0
ENSG00000234152,0
ENSG00000234155,2
ENSG00000234156,2
ENSG00000234158,0
ENSG00000234159,0
ENSG00000234160,117
ENSG00000234161,0
ENSG00000234162,0
ENSG00000234163,0
ENSG00000234165,0
ENSG00000234166,0
ENSG00000234167,0
ENSG00000234168,0
ENSG00000234169,0
ENSG00000234170,0
ENSG00000234171,583
ENSG00000234172,0
ENSG00000234173,0
ENSG00000234174,0
ENSG00000234175,1
ENSG00000234176,8
ENSG00000234177,0
ENSG00000234178,0
ENSG00000234179,0
ENSG00000234181,1
ENSG00000234182,0
ENSG00000234183,2
ENSG00000234184,5
ENSG00000234185,17
ENSG00000234186,0
ENSG00000234187,0
ENSG00000234189,0
ENSG00000234190,0
ENSG00000234191,0
ENSG00000234192,0
ENSG00000234193,3
ENSG00000234197,0
ENSG00000234199,2
ENSG00000234200,0
ENSG00000234201,0
ENSG00000234202,0
ENSG00000234203,0
ENSG00000234204,0
ENSG00000234206,2
ENSG00000234207,0
ENSG00000234208,0
ENSG00000234210,2
ENSG00000234211,0
ENSG00000234213,1
ENSG00000234215,7
ENSG00000234217,0
ENSG00000234219,0
ENSG00000234222,14
ENSG00000234223,1
ENSG00000234224,0
ENSG00000234225,0
ENSG00000234226,0
ENSG00000234227,0
ENSG00000234228,0
ENSG00000234229,0
ENSG00000234230,2
ENSG00000234231,16
ENSG00000234232,0
ENSG00000234233,0
ENSG00000234234,0
ENSG00000234235,3
ENSG00000234238,0
ENSG00000234239,0
ENSG00000234241,18
ENSG00000234244,0
ENSG00000234247,0
ENSG00000234248,0
ENSG00000234252,4
ENSG00000234253,0
ENSG00000234255,0
ENSG00000234256,0
ENSG00000234257,0
ENSG00000234259,0
ENSG00000234261,51
ENSG00000234262,0
ENSG00000234263,9
ENSG00000234264,4
ENSG00000234265,0
ENSG00000234267,0
ENSG00000234268,7
ENSG00000234269,0
ENSG00000234270,0
ENSG00000234271,0
ENSG00000234272,2
ENSG00000234273,1
ENSG00000234274,0
ENSG00000234275,0
ENSG00000234276,0
ENSG00000234277,1
ENSG00000234278,0
ENSG00000234279,0
ENSG00000234281,9
ENSG00000234282,0
ENSG00000234283,1
ENSG00000234284,549
ENSG00000234285,0
ENSG00000234286,0
ENSG00000234287,8
ENSG00000234288,0
ENSG00000234289,0
ENSG00000234290,25
ENSG00000234292,2
ENSG00000234293,0
ENSG00000234296,0
ENSG00000234297,1
ENSG00000234300,0
ENSG00000234303,0
ENSG00000234304,0
ENSG00000234306,0
ENSG00000234308,0
ENSG00000234309,0
ENSG00000234311,11
ENSG00000234312,0
ENSG00000234315,1
ENSG00000234318,4
ENSG00000234319,0
ENSG00000234320,0
ENSG00000234322,2
ENSG00000234323,0
ENSG00000234324,1
ENSG00000234325,0
ENSG00000234327,257
ENSG00000234329,11
ENSG00000234332,1
ENSG00000234333,0
ENSG00000234335,3
ENSG00000234336,1
ENSG00000234337,3
ENSG00000234338,29
ENSG00000234340,0
ENSG00000234345,0
ENSG00000234349,0
ENSG00000234350,2
ENSG00000234352,1
ENSG00000234353,14
ENSG00000234354,0
ENSG00000234355,0
ENSG00000234356,0
ENSG00000234358,0
ENSG00000234359,0
ENSG00000234360,0
ENSG00000234361,1
ENSG00000234362,3
ENSG00000234363,0
ENSG00000234367,0
ENSG00000234369,2
ENSG00000234371,1
ENSG00000234373,0
ENSG00000234376,0
ENSG00000234377,16
ENSG00000234378,4
ENSG00000234379,0
ENSG00000234380,12
ENSG00000234381,0
ENSG00000234382,0
ENSG00000234383,7
ENSG00000234384,0
ENSG00000234385,0
ENSG00000234386,0
ENSG00000234387,0
ENSG00000234388,0
ENSG00000234389,1
ENSG00000234390,42
ENSG00000234391,0
ENSG00000234393,5
ENSG00000234394,0
ENSG00000234396,0
ENSG00000234397,5
ENSG00000234398,0
ENSG00000234399,0
ENSG00000234402,4
ENSG00000234404,0
ENSG00000234405,3
ENSG00000234406,0
ENSG00000234409,7
ENSG00000234413,0
ENSG00000234414,0
ENSG00000234415,0
ENSG00000234418,0
ENSG00000234419,0
ENSG00000234420,220
ENSG00000234421,0
ENSG00000234422,0
ENSG00000234423,1
ENSG00000234424,4
ENSG00000234425,1
ENSG00000234426,0
ENSG00000234427,0
ENSG00000234428,2
ENSG00000234429,1
ENSG00000234431,0
ENSG00000234432,114
ENSG00000234435,0
ENSG00000234436,0
ENSG00000234438,0
ENSG00000234439,0
ENSG00000234441,0
ENSG00000234442,0
ENSG00000234444,2723
ENSG00000234445,0
ENSG00000234446,0
ENSG00000234448,0
ENSG00000234449,12
ENSG00000234450,3
ENSG00000234451,0
ENSG00000234452,0
ENSG00000234455,0
ENSG00000234456,270
ENSG00000234457,0
ENSG00000234458,0
ENSG00000234459,5
ENSG00000234460,0
ENSG00000234463,0
ENSG00000234464,0
ENSG00000234465,42
ENSG00000234466,1
ENSG00000234467,0
ENSG00000234469,3
ENSG00000234471,2
ENSG00000234473,0
ENSG00000234474,0
ENSG00000234476,0
ENSG00000234477,4
ENSG00000234478,13
ENSG00000234479,0
ENSG00000234480,0
ENSG00000234481,0
ENSG00000234484,1
ENSG00000234485,0
ENSG00000234488,1
ENSG00000234489,0
ENSG00000234491,0
ENSG00000234492,0
ENSG00000234493,2
ENSG00000234494,17
ENSG00000234496,0
ENSG00000234497,0
ENSG00000234498,79
ENSG00000234500,15
ENSG00000234502,0
ENSG00000234503,0
ENSG00000234504,0
ENSG00000234506,0
ENSG00000234509,5
ENSG00000234511,8
ENSG00000234512,0
ENSG00000234513,3
ENSG00000234515,3
ENSG00000234518,146
ENSG00000234519,0
ENSG00000234520,0
ENSG00000234521,0
ENSG00000234522,0
ENSG00000234523,0
ENSG00000234524,0
ENSG00000234527,0
ENSG00000234529,0
ENSG00000234534,2
ENSG00000234535,8
ENSG00000234536,3
ENSG00000234537,1
ENSG00000234538,0
ENSG00000234540,0
ENSG00000234541,0
ENSG00000234542,0
ENSG00000234544,0
ENSG00000234545,615
ENSG00000234546,21
ENSG00000234548,0
ENSG00000234551,0
ENSG00000234553,2
ENSG00000234556,0
ENSG00000234557,1
ENSG00000234558,1
ENSG00000234559,0
ENSG00000234560,0
ENSG00000234562,0
ENSG00000234564,0
ENSG00000234565,0
ENSG00000234566,1
ENSG00000234567,0
ENSG00000234568,0
ENSG00000234569,0
ENSG00000234570,0
ENSG00000234571,0
ENSG00000234572,1
ENSG00000234573,0
ENSG00000234575,0
ENSG00000234576,0
ENSG00000234577,1
ENSG00000234578,0
ENSG00000234579,0
ENSG00000234580,0
ENSG00000234583,0
ENSG00000234584,13
ENSG00000234585,200
ENSG00000234586,0
ENSG00000234587,0
ENSG00000234588,0
ENSG00000234589,6
ENSG00000234590,0
ENSG00000234592,0
ENSG00000234593,31
ENSG00000234594,1
ENSG00000234595,0
ENSG00000234597,0
ENSG00000234601,0
ENSG00000234602,282
ENSG00000234604,0
ENSG00000234607,1
ENSG00000234608,613
ENSG00000234611,0
ENSG00000234612,0
ENSG00000234613,0
ENSG00000234614,61
ENSG00000234616,610
ENSG00000234617,2
ENSG00000234618,12
ENSG00000234619,1
ENSG00000234620,0
ENSG00000234622,0
ENSG00000234624,0
ENSG00000234625,0
ENSG00000234626,0
ENSG00000234627,0
ENSG00000234629,1
ENSG00000234630,4
ENSG00000234632,0
ENSG00000234634,0
ENSG00000234636,23
ENSG00000234637,0
ENSG00000234638,1
ENSG00000234639,0
ENSG00000234640,0
ENSG00000234644,0
ENSG00000234645,7
ENSG00000234646,0
ENSG00000234647,0
ENSG00000234648,11
ENSG00000234650,0
ENSG00000234652,0
ENSG00000234653,0
ENSG00000234655,0
ENSG00000234658,1
ENSG00000234660,0
ENSG00000234661,0
ENSG00000234663,13
ENSG00000234664,78
ENSG00000234665,11
ENSG00000234667,68
ENSG00000234670,0
ENSG00000234671,0
ENSG00000234675,0
ENSG00000234676,0
ENSG00000234677,0
ENSG00000234678,47
ENSG00000234680,0
ENSG00000234682,0
ENSG00000234683,0
ENSG00000234684,141
ENSG00000234685,0
ENSG00000234686,0
ENSG00000234688,0
ENSG00000234689,2
ENSG00000234690,48
ENSG00000234692,2
ENSG00000234693,1
ENSG00000234694,82
ENSG00000234695,20
ENSG00000234696,0
ENSG00000234698,5
ENSG00000234699,0
ENSG00000234700,0
ENSG00000234701,0
ENSG00000234702,0
ENSG00000234703,0
ENSG00000234705,34
ENSG00000234706,0
ENSG00000234707,0
ENSG00000234709,11
ENSG00000234710,0
ENSG00000234711,1
ENSG00000234712,0
ENSG00000234713,0
ENSG00000234714,0
ENSG00000234715,6
ENSG00000234716,0
ENSG00000234717,0
ENSG00000234718,3
ENSG00000234719,24
ENSG00000234720,0
ENSG00000234721,0
ENSG00000234722,52
ENSG00000234723,0
ENSG00000234724,1
ENSG00000234726,0
ENSG00000234730,0
ENSG00000234731,0
ENSG00000234732,0
ENSG00000234735,1
ENSG00000234736,0
ENSG00000234737,7
ENSG00000234740,5
ENSG00000234741,2763
ENSG00000234742,48
ENSG00000234743,1
ENSG00000234744,0
ENSG00000234745,39290
ENSG00000234748,0
ENSG00000234749,0
ENSG00000234750,3
ENSG00000234751,0
ENSG00000234752,8
ENSG00000234753,28
ENSG00000234754,0
ENSG00000234756,0
ENSG00000234758,0
ENSG00000234761,0
ENSG00000234763,0
ENSG00000234764,0
ENSG00000234765,0
ENSG00000234766,0
ENSG00000234767,0
ENSG00000234768,0
ENSG00000234769,43
ENSG00000234770,1
ENSG00000234771,310
ENSG00000234772,0
ENSG00000234773,16
ENSG00000234775,0
ENSG00000234776,5
ENSG00000234777,0
ENSG00000234779,3
ENSG00000234780,0
ENSG00000234781,0
ENSG00000234782,6
ENSG00000234784,0
ENSG00000234785,7
ENSG00000234787,10
ENSG00000234788,0
ENSG00000234789,23
ENSG00000234790,0
ENSG00000234791,0
ENSG00000234792,0
ENSG00000234793,4
ENSG00000234795,0
ENSG00000234796,0
ENSG00000234797,38
ENSG00000234800,25
ENSG00000234801,0
ENSG00000234803,0
ENSG00000234805,0
ENSG00000234806,0
ENSG00000234807,23
ENSG00000234810,1
ENSG00000234811,0
ENSG00000234812,0
ENSG00000234813,0
ENSG00000234814,37
ENSG00000234816,1
ENSG00000234817,9
ENSG00000234818,3
ENSG00000234819,1
ENSG00000234821,0
ENSG00000234825,4
ENSG00000234826,1
ENSG00000234828,0
ENSG00000234829,0
ENSG00000234830,0
ENSG00000234832,0
ENSG00000234835,0
ENSG00000234837,0
ENSG00000234838,0
ENSG00000234839,0
ENSG00000234840,2
ENSG00000234841,0
ENSG00000234842,0
ENSG00000234844,0
ENSG00000234848,7
ENSG00000234850,0
ENSG00000234851,145
ENSG00000234853,1
ENSG00000234854,0
ENSG00000234855,0
ENSG00000234857,54
ENSG00000234859,0
ENSG00000234860,0
ENSG00000234861,0
ENSG00000234862,0
ENSG00000234863,0
ENSG00000234864,0
ENSG00000234865,0
ENSG00000234869,162
ENSG00000234871,0
ENSG00000234872,0
ENSG00000234877,0
ENSG00000234878,0
ENSG00000234880,1
ENSG00000234881,0
ENSG00000234882,56
ENSG00000234883,56
ENSG00000234884,1
ENSG00000234886,0
ENSG00000234888,0
ENSG00000234889,0
ENSG00000234890,0
ENSG00000234891,0
ENSG00000234892,0
ENSG00000234894,0
ENSG00000234895,0
ENSG00000234896,3
ENSG00000234898,0
ENSG00000234899,54
ENSG00000234900,0
ENSG00000234901,0
ENSG00000234902,6
ENSG00000234903,0
ENSG00000234906,8
ENSG00000234907,1
ENSG00000234910,0
ENSG00000234911,14
ENSG00000234912,89
ENSG00000234913,2
ENSG00000234915,0
ENSG00000234917,14
ENSG00000234918,118
ENSG00000234919,0
ENSG00000234921,2
ENSG00000234922,0
ENSG00000234925,5
ENSG00000234927,0
ENSG00000234928,2
ENSG00000234929,7
ENSG00000234931,0
ENSG00000234932,0
ENSG00000234933,1
ENSG00000234934,0
ENSG00000234936,4
ENSG00000234937,3
ENSG00000234938,0
ENSG00000234939,0
ENSG00000234940,0
ENSG00000234941,0
ENSG00000234942,0
ENSG00000234943,0
ENSG00000234944,0
ENSG00000234945,10
ENSG00000234946,1
ENSG00000234948,0
ENSG00000234949,118
ENSG00000234950,0
ENSG00000234952,0
ENSG00000234953,0
ENSG00000234956,2
ENSG00000234958,0
ENSG00000234961,1
ENSG00000234962,0
ENSG00000234964,0
ENSG00000234965,28
ENSG00000234967,0
ENSG00000234969,6
ENSG00000234973,0
ENSG00000234975,63
ENSG00000234977,0
ENSG00000234979,0
ENSG00000234981,5
ENSG00000234982,1
ENSG00000234983,0
ENSG00000234984,0
ENSG00000234985,2
ENSG00000234986,0
ENSG00000234988,0
ENSG00000234993,0
ENSG00000234995,0
ENSG00000234996,34
ENSG00000234997,0
ENSG00000234998,0
ENSG00000234999,0
ENSG00000235001,9
ENSG00000235002,0
ENSG00000235004,0
ENSG00000235005,1
ENSG00000235007,0
ENSG00000235008,0
ENSG00000235009,0
ENSG00000235010,1
ENSG00000235011,0
ENSG00000235012,13
ENSG00000235013,2
ENSG00000235014,0
ENSG00000235015,0
ENSG00000235016,53
ENSG00000235018,0
ENSG00000235020,0
ENSG00000235021,4
ENSG00000235023,1
ENSG00000235024,0
ENSG00000235026,0
ENSG00000235027,47
ENSG00000235028,0
ENSG00000235029,17
ENSG00000235032,0
ENSG00000235033,13
ENSG00000235034,43
ENSG00000235035,0
ENSG00000235036,15
ENSG00000235038,0
ENSG00000235039,0
ENSG00000235040,0
ENSG00000235042,0
ENSG00000235043,70
ENSG00000235044,7
ENSG00000235045,0
ENSG00000235047,0
ENSG00000235049,82
ENSG00000235050,0
ENSG00000235051,2
ENSG00000235052,2
ENSG00000235054,0
ENSG00000235055,0
ENSG00000235056,0
ENSG00000235058,0
ENSG00000235059,0
ENSG00000235060,0
ENSG00000235061,0
ENSG00000235062,1
ENSG00000235064,0
ENSG00000235065,20
ENSG00000235066,6
ENSG00000235069,0
ENSG00000235070,0
ENSG00000235071,2
ENSG00000235072,7
ENSG00000235076,1
ENSG00000235077,5
ENSG00000235078,5
ENSG00000235079,0
ENSG00000235080,0
ENSG00000235081,1
ENSG00000235082,5
ENSG00000235083,0
ENSG00000235084,29
ENSG00000235085,0
ENSG00000235086,0
ENSG00000235088,4
ENSG00000235089,1
ENSG00000235090,3
ENSG00000235091,2
ENSG00000235092,54
ENSG00000235094,0
ENSG00000235095,1
ENSG00000235096,0
ENSG00000235097,0
ENSG00000235098,222
ENSG00000235099,0
ENSG00000235100,3
ENSG00000235101,3
ENSG00000235102,0
ENSG00000235105,19
ENSG00000235106,847
ENSG00000235108,0
ENSG00000235109,1812
ENSG00000235110,0
ENSG00000235111,3
ENSG00000235112,0
ENSG00000235113,0
ENSG00000235115,0
ENSG00000235118,0
ENSG00000235119,0
ENSG00000235120,0
ENSG00000235121,1
ENSG00000235122,0
ENSG00000235123,190
ENSG00000235124,0
ENSG00000235126,1
ENSG00000235127,0
ENSG00000235128,1
ENSG00000235129,0
ENSG00000235131,0
ENSG00000235133,0
ENSG00000235136,0
ENSG00000235137,1
ENSG00000235138,10
ENSG00000235139,0
ENSG00000235140,0
ENSG00000235141,0
ENSG00000235142,521
ENSG00000235143,0
ENSG00000235145,0
ENSG00000235146,1
ENSG00000235147,0
ENSG00000235148,0
ENSG00000235149,0
ENSG00000235150,0
ENSG00000235151,28
ENSG00000235152,0
ENSG00000235154,1
ENSG00000235156,1
ENSG00000235158,0
ENSG00000235159,9
ENSG00000235160,0
ENSG00000235162,829
ENSG00000235163,0
ENSG00000235165,0
ENSG00000235166,0
ENSG00000235168,0
ENSG00000235169,59
ENSG00000235170,0
ENSG00000235172,1
ENSG00000235173,2097
ENSG00000235174,70
ENSG00000235175,1
ENSG00000235180,0
ENSG00000235181,0
ENSG00000235182,0
ENSG00000235183,0
ENSG00000235185,2
ENSG00000235186,1
ENSG00000235189,0
ENSG00000235190,0
ENSG00000235191,0
ENSG00000235192,40
ENSG00000235193,0
ENSG00000235194,271
ENSG00000235196,0
ENSG00000235197,0
ENSG00000235198,0
ENSG00000235199,0
ENSG00000235200,0
ENSG00000235201,0
ENSG00000235202,0
ENSG00000235203,0
ENSG00000235204,24
ENSG00000235205,0
ENSG00000235207,1
ENSG00000235208,0
ENSG00000235209,19
ENSG00000235211,0
ENSG00000235213,1
ENSG00000235214,1
ENSG00000235215,0
ENSG00000235217,1185
ENSG00000235218,4
ENSG00000235219,0
ENSG00000235221,0
ENSG00000235224,1
ENSG00000235225,4
ENSG00000235226,0
ENSG00000235227,1
ENSG00000235232,0
ENSG00000235235,0
ENSG00000235236,9
ENSG00000235237,0
ENSG00000235238,11
ENSG00000235239,0
ENSG00000235240,0
ENSG00000235241,60
ENSG00000235242,0
ENSG00000235243,0
ENSG00000235244,11
ENSG00000235245,15
ENSG00000235246,1
ENSG00000235248,0
ENSG00000235251,0
ENSG00000235253,2
ENSG00000235254,0
ENSG00000235256,0
ENSG00000235257,59
ENSG00000235258,0
ENSG00000235262,0
ENSG00000235263,0
ENSG00000235264,6
ENSG00000235266,0
ENSG00000235267,3
ENSG00000235268,1
ENSG00000235269,2
ENSG00000235271,2
ENSG00000235272,4
ENSG00000235274,0
ENSG00000235275,1
ENSG00000235277,0
ENSG00000235278,0
ENSG00000235279,0
ENSG00000235280,228
ENSG00000235281,0
ENSG00000235282,0
ENSG00000235284,1
ENSG00000235285,5
ENSG00000235286,0
ENSG00000235288,1
ENSG00000235289,0
ENSG00000235290,2
ENSG00000235292,0
ENSG00000235293,0
ENSG00000235294,1
ENSG00000235295,0
ENSG00000235296,0
ENSG00000235297,8
ENSG00000235298,12
ENSG00000235299,0
ENSG00000235300,0
ENSG00000235301,0
ENSG00000235303,0
ENSG00000235304,8
ENSG00000235306,0
ENSG00000235308,2
ENSG00000235310,3
ENSG00000235312,0
ENSG00000235313,16
ENSG00000235314,35
ENSG00000235315,0
ENSG00000235316,7
ENSG00000235318,0
ENSG00000235319,7
ENSG00000235321,1
ENSG00000235323,0
ENSG00000235325,0
ENSG00000235328,1
ENSG00000235329,0
ENSG00000235330,12
ENSG00000235332,1
ENSG00000235333,0
ENSG00000235334,0
ENSG00000235335,0
ENSG00000235337,0
ENSG00000235338,0
ENSG00000235339,0
ENSG00000235343,0
ENSG00000235347,1
ENSG00000235349,6
ENSG00000235350,0
ENSG00000235351,6
ENSG00000235352,0
ENSG00000235354,1
ENSG00000235355,0
ENSG00000235356,0
ENSG00000235357,0
ENSG00000235358,0
ENSG00000235361,0
ENSG00000235363,8
ENSG00000235366,2
ENSG00000235368,0
ENSG00000235369,1
ENSG00000235370,2
ENSG00000235371,2
ENSG00000235373,1
ENSG00000235374,61
ENSG00000235376,0
ENSG00000235377,0
ENSG00000235378,0
ENSG00000235379,0
ENSG00000235381,36
ENSG00000235382,1
ENSG00000235385,3
ENSG00000235386,0
ENSG00000235387,45
ENSG00000235389,0
ENSG00000235390,0
ENSG00000235397,3
ENSG00000235399,0
ENSG00000235400,20
ENSG00000235403,0
ENSG00000235407,1
ENSG00000235408,9
ENSG00000235410,0
ENSG00000235411,1
ENSG00000235412,0
ENSG00000235413,1
ENSG00000235414,0
ENSG00000235415,16
ENSG00000235416,0
ENSG00000235419,5
ENSG00000235420,1
ENSG00000235421,0
ENSG00000235422,0
ENSG00000235423,251
ENSG00000235424,0
ENSG00000235425,0
ENSG00000235426,0
ENSG00000235427,0
ENSG00000235429,0
ENSG00000235430,0
ENSG00000235431,0
ENSG00000235432,0
ENSG00000235433,0
ENSG00000235434,1
ENSG00000235435,0
ENSG00000235436,1
ENSG00000235437,14401
ENSG00000235438,2
ENSG00000235440,0
ENSG00000235444,0
ENSG00000235445,0
ENSG00000235446,0
ENSG00000235447,0
ENSG00000235448,9
ENSG00000235449,9
ENSG00000235450,0
ENSG00000235451,0
ENSG00000235453,173
ENSG00000235454,1
ENSG00000235455,0
ENSG00000235459,2
ENSG00000235461,7
ENSG00000235462,0
ENSG00000235463,0
ENSG00000235464,0
ENSG00000235467,0
ENSG00000235469,0
ENSG00000235470,0
ENSG00000235472,2
ENSG00000235475,20
ENSG00000235478,2
ENSG00000235479,0
ENSG00000235480,6
ENSG00000235481,0
ENSG00000235482,3
ENSG00000235483,0
ENSG00000235485,2
ENSG00000235486,0
ENSG00000235488,1
ENSG00000235489,25
ENSG00000235491,78
ENSG00000235492,0
ENSG00000235493,0
ENSG00000235494,0
ENSG00000235495,0
ENSG00000235497,0
ENSG00000235499,29
ENSG00000235500,2
ENSG00000235501,44
ENSG00000235503,0
ENSG00000235505,48
ENSG00000235508,23
ENSG00000235510,0
ENSG00000235511,0
ENSG00000235512,0
ENSG00000235513,38
ENSG00000235514,0
ENSG00000235518,0
ENSG00000235519,1
ENSG00000235521,0
ENSG00000235522,3
ENSG00000235523,0
ENSG00000235524,0
ENSG00000235525,0
ENSG00000235526,1
ENSG00000235527,28
ENSG00000235529,39
ENSG00000235530,12
ENSG00000235531,92
ENSG00000235532,14
ENSG00000235533,0
ENSG00000235534,0
ENSG00000235535,0
ENSG00000235537,0
ENSG00000235538,0
ENSG00000235539,0
ENSG00000235544,0
ENSG00000235545,8
ENSG00000235546,0
ENSG00000235547,0
ENSG00000235548,2
ENSG00000235549,0
ENSG00000235550,25
ENSG00000235552,173
ENSG00000235554,14
ENSG00000235555,2
ENSG00000235558,0
ENSG00000235559,0
ENSG00000235560,188
ENSG00000235563,1
ENSG00000235564,0
ENSG00000235565,10
ENSG00000235568,350
ENSG00000235570,0
ENSG00000235571,0
ENSG00000235572,0
ENSG00000235573,0
ENSG00000235574,4
ENSG00000235575,0
ENSG00000235576,17
ENSG00000235578,0
ENSG00000235579,2
ENSG00000235581,1
ENSG00000235582,0
ENSG00000235583,0
ENSG00000235584,82
ENSG00000235586,1
ENSG00000235587,18
ENSG00000235590,14
ENSG00000235592,0
ENSG00000235593,0
ENSG00000235594,0
ENSG00000235595,0
ENSG00000235597,5
ENSG00000235598,0
ENSG00000235601,0
ENSG00000235602,1
ENSG00000235605,24
ENSG00000235606,0
ENSG00000235608,0
ENSG00000235609,178
ENSG00000235610,0
ENSG00000235612,2
ENSG00000235613,2
ENSG00000235615,0
ENSG00000235616,1
ENSG00000235617,0
ENSG00000235618,6
ENSG00000235619,0
ENSG00000235620,0
ENSG00000235621,14
ENSG00000235623,0
ENSG00000235625,0
ENSG00000235626,0
ENSG00000235627,1
ENSG00000235628,0
ENSG00000235629,0
ENSG00000235631,19
ENSG00000235635,0
ENSG00000235636,66
ENSG00000235637,0
ENSG00000235638,0
ENSG00000235639,0
ENSG00000235640,0
ENSG00000235641,2
ENSG00000235642,0
ENSG00000235643,1
ENSG00000235644,0
ENSG00000235645,0
ENSG00000235646,0
ENSG00000235647,0
ENSG00000235649,120
ENSG00000235651,1
ENSG00000235652,70
ENSG00000235653,0
ENSG00000235655,341
ENSG00000235656,0
ENSG00000235659,0
ENSG00000235660,0
ENSG00000235661,0
ENSG00000235663,0
ENSG00000235665,1
ENSG00000235669,0
ENSG00000235670,9
ENSG00000235672,5
ENSG00000235673,0
ENSG00000235674,3
ENSG00000235677,7
ENSG00000235678,0
ENSG00000235679,0
ENSG00000235681,9
ENSG00000235683,3
ENSG00000235685,0
ENSG00000235686,0
ENSG00000235687,492
ENSG00000235688,1
ENSG00000235689,2
ENSG00000235690,0
ENSG00000235691,0
ENSG00000235695,1
ENSG00000235698,2
ENSG00000235699,0
ENSG00000235700,0
ENSG00000235701,0
ENSG00000235703,33
ENSG00000235705,0
ENSG00000235706,89
ENSG00000235707,0
ENSG00000235710,0
ENSG00000235711,0
ENSG00000235713,32
ENSG00000235716,0
ENSG00000235717,0
ENSG00000235718,0
ENSG00000235719,0
ENSG00000235720,0
ENSG00000235721,10
ENSG00000235724,1
ENSG00000235725,0
ENSG00000235726,0
ENSG00000235728,0
ENSG00000235729,0
ENSG00000235730,0
ENSG00000235731,0
ENSG00000235733,0
ENSG00000235734,35
ENSG00000235735,0
ENSG00000235736,0
ENSG00000235737,0
ENSG00000235738,0
ENSG00000235740,0
ENSG00000235741,1
ENSG00000235742,0
ENSG00000235743,0
ENSG00000235746,0
ENSG00000235748,1
ENSG00000235749,2
ENSG00000235750,2791
ENSG00000235751,0
ENSG00000235756,0
ENSG00000235759,0
ENSG00000235760,0
ENSG00000235761,0
ENSG00000235763,0
ENSG00000235768,2
ENSG00000235770,7
ENSG00000235772,5
ENSG00000235774,0
ENSG00000235775,0
ENSG00000235776,24
ENSG00000235777,0
ENSG00000235778,0
ENSG00000235779,0
ENSG00000235780,0
ENSG00000235781,4
ENSG00000235782,0
ENSG00000235784,0
ENSG00000235785,0
ENSG00000235786,0
ENSG00000235787,0
ENSG00000235790,7
ENSG00000235794,0
ENSG00000235795,38
ENSG00000235797,0
ENSG00000235802,1
ENSG00000235803,0
ENSG00000235804,0
ENSG00000235805,0
ENSG00000235806,8
ENSG00000235808,1
ENSG00000235810,0
ENSG00000235811,0
ENSG00000235812,0
ENSG00000235813,0
ENSG00000235815,0
ENSG00000235816,2
ENSG00000235817,0
ENSG00000235818,0
ENSG00000235819,0
ENSG00000235820,1
ENSG00000235821,2
ENSG00000235822,0
ENSG00000235823,2164
ENSG00000235824,0
ENSG00000235825,0
ENSG00000235827,0
ENSG00000235828,0
ENSG00000235829,0
ENSG00000235830,1
ENSG00000235831,63
ENSG00000235832,2
ENSG00000235833,0
ENSG00000235834,2
ENSG00000235836,0
ENSG00000235837,5
ENSG00000235838,0
ENSG00000235840,3
ENSG00000235843,0
ENSG00000235845,0
ENSG00000235847,0
ENSG00000235848,3
ENSG00000235849,0
ENSG00000235852,0
ENSG00000235855,0
ENSG00000235857,0
ENSG00000235858,0
ENSG00000235859,245
ENSG00000235861,0
ENSG00000235862,0
ENSG00000235863,559
ENSG00000235864,0
ENSG00000235865,22
ENSG00000235868,0
ENSG00000235869,0
ENSG00000235871,0
ENSG00000235872,1
ENSG00000235875,0
ENSG00000235876,0
ENSG00000235879,0
ENSG00000235880,0
ENSG00000235881,0
ENSG00000235884,8
ENSG00000235885,2
ENSG00000235886,0
ENSG00000235887,0
ENSG00000235888,3
ENSG00000235890,4
ENSG00000235892,0
ENSG00000235893,0
ENSG00000235895,0
ENSG00000235897,17
ENSG00000235899,0
ENSG00000235901,0
ENSG00000235902,0
ENSG00000235903,2
ENSG00000235904,1
ENSG00000235907,9
ENSG00000235908,10
ENSG00000235910,1
ENSG00000235911,0
ENSG00000235912,24
ENSG00000235914,0
ENSG00000235916,0
ENSG00000235917,0
ENSG00000235919,35
ENSG00000235920,0
ENSG00000235922,0
ENSG00000235924,0
ENSG00000235926,0
ENSG00000235927,7
ENSG00000235929,0
ENSG00000235930,0
ENSG00000235931,1
ENSG00000235932,0
ENSG00000235933,0
ENSG00000235934,0
ENSG00000235937,0
ENSG00000235939,4
ENSG00000235940,0
ENSG00000235942,0
ENSG00000235943,0
ENSG00000235944,84
ENSG00000235945,0
ENSG00000235946,3
ENSG00000235947,131
ENSG00000235949,1
ENSG00000235951,0
ENSG00000235954,426
ENSG00000235955,0
ENSG00000235957,0
ENSG00000235958,14
ENSG00000235959,0
ENSG00000235961,52
ENSG00000235962,3
ENSG00000235963,0
ENSG00000235964,4
ENSG00000235965,0
ENSG00000235967,0
ENSG00000235968,0
ENSG00000235969,0
ENSG00000235972,0
ENSG00000235974,11
ENSG00000235975,3
ENSG00000235976,0
ENSG00000235978,11
ENSG00000235979,5
ENSG00000235981,0
ENSG00000235982,0
ENSG00000235984,0
ENSG00000235988,0
ENSG00000235989,5
ENSG00000235990,0
ENSG00000235991,0
ENSG00000235992,16
ENSG00000235993,0
ENSG00000235994,0
ENSG00000235995,0
ENSG00000235996,1
ENSG00000235997,15
ENSG00000235998,0
ENSG00000236003,0
ENSG00000236004,0
ENSG00000236005,0
ENSG00000236007,0
ENSG00000236008,42
ENSG00000236009,0
ENSG00000236012,0
ENSG00000236013,0
ENSG00000236015,25
ENSG00000236017,18
ENSG00000236018,2
ENSG00000236021,1
ENSG00000236022,0
ENSG00000236024,2
ENSG00000236025,0
ENSG00000236026,0
ENSG00000236027,1
ENSG00000236028,0
ENSG00000236030,0
ENSG00000236031,2
ENSG00000236032,0
ENSG00000236035,0
ENSG00000236036,1
ENSG00000236039,1
ENSG00000236040,2
ENSG00000236041,0
ENSG00000236042,0
ENSG00000236044,0
ENSG00000236045,3
ENSG00000236046,0
ENSG00000236047,1
ENSG00000236048,1
ENSG00000236049,0
ENSG00000236051,7
ENSG00000236052,0
ENSG00000236053,2
ENSG00000236054,7
ENSG00000236056,17
ENSG00000236058,15
ENSG00000236060,109
ENSG00000236062,0
ENSG00000236064,1
ENSG00000236065,0
ENSG00000236066,4
ENSG00000236068,0
ENSG00000236069,0
ENSG00000236072,0
ENSG00000236073,0
ENSG00000236075,0
ENSG00000236076,0
ENSG00000236077,0
ENSG00000236078,0
ENSG00000236079,0
ENSG00000236080,0
ENSG00000236081,73
ENSG00000236082,0
ENSG00000236083,0
ENSG00000236085,0
ENSG00000236086,0
ENSG00000236088,193
ENSG00000236090,2
ENSG00000236091,0
ENSG00000236094,0
ENSG00000236095,1
ENSG00000236097,0
ENSG00000236098,2
ENSG00000236099,0
ENSG00000236101,0
ENSG00000236102,0
ENSG00000236104,621
ENSG00000236105,0
ENSG00000236106,8
ENSG00000236107,1
ENSG00000236108,0
ENSG00000236109,0
ENSG00000236110,0
ENSG00000236111,3
ENSG00000236114,1
ENSG00000236115,0
ENSG00000236116,0
ENSG00000236117,29
ENSG00000236118,0
ENSG00000236119,0
ENSG00000236120,19
ENSG00000236121,0
ENSG00000236123,0
ENSG00000236124,0
ENSG00000236125,0
ENSG00000236126,0
ENSG00000236129,0
ENSG00000236130,0
ENSG00000236131,0
ENSG00000236132,0
ENSG00000236133,0
ENSG00000236136,2
ENSG00000236137,8
ENSG00000236138,1
ENSG00000236140,0
ENSG00000236141,0
ENSG00000236144,150
ENSG00000236145,0
ENSG00000236146,5
ENSG00000236148,7
ENSG00000236151,0
ENSG00000236152,0
ENSG00000236153,0
ENSG00000236154,0
ENSG00000236155,2
ENSG00000236156,0
ENSG00000236158,0
ENSG00000236159,0
ENSG00000236160,0
ENSG00000236162,0
ENSG00000236164,0
ENSG00000236165,0
ENSG00000236166,0
ENSG00000236167,0
ENSG00000236168,0
ENSG00000236169,0
ENSG00000236170,0
ENSG00000236171,0
ENSG00000236172,0
ENSG00000236173,4
ENSG00000236175,0
ENSG00000236176,0
ENSG00000236179,0
ENSG00000236180,0
ENSG00000236182,19
ENSG00000236184,5
ENSG00000236185,0
ENSG00000236187,0
ENSG00000236188,0
ENSG00000236189,0
ENSG00000236190,0
ENSG00000236191,0
ENSG00000236193,0
ENSG00000236194,1
ENSG00000236195,0
ENSG00000236197,0
ENSG00000236198,0
ENSG00000236199,86
ENSG00000236200,160
ENSG00000236202,0
ENSG00000236204,34
ENSG00000236205,0
ENSG00000236206,0
ENSG00000236208,0
ENSG00000236209,0
ENSG00000236211,0
ENSG00000236212,0
ENSG00000236213,9
ENSG00000236216,4
ENSG00000236217,0
ENSG00000236226,1
ENSG00000236229,1
ENSG00000236230,1
ENSG00000236231,1
ENSG00000236232,0
ENSG00000236234,2
ENSG00000236235,0
ENSG00000236238,0
ENSG00000236240,0
ENSG00000236241,14
ENSG00000236242,0
ENSG00000236243,0
ENSG00000236244,0
ENSG00000236246,0
ENSG00000236248,0
ENSG00000236252,0
ENSG00000236253,0
ENSG00000236254,0
ENSG00000236255,46
ENSG00000236256,12
ENSG00000236257,0
ENSG00000236258,0
ENSG00000236259,1
ENSG00000236261,0
ENSG00000236262,1
ENSG00000236263,0
ENSG00000236264,3
ENSG00000236266,6
ENSG00000236267,0
ENSG00000236268,2
ENSG00000236269,4
ENSG00000236272,0
ENSG00000236274,0
ENSG00000236276,0
ENSG00000236277,0
ENSG00000236278,0
ENSG00000236279,73
ENSG00000236280,0
ENSG00000236281,0
ENSG00000236283,2
ENSG00000236284,0
ENSG00000236285,0
ENSG00000236287,1163
ENSG00000236289,2
ENSG00000236290,1
ENSG00000236292,0
ENSG00000236295,1
ENSG00000236296,23
ENSG00000236297,1
ENSG00000236299,0
ENSG00000236300,0
ENSG00000236301,0
ENSG00000236303,0
ENSG00000236304,16
ENSG00000236305,30
ENSG00000236306,0
ENSG00000236307,7
ENSG00000236308,5
ENSG00000236309,0
ENSG00000236310,0
ENSG00000236311,1
ENSG00000236312,10
ENSG00000236313,20
ENSG00000236316,0
ENSG00000236317,2
ENSG00000236318,5
ENSG00000236319,0
ENSG00000236320,1
ENSG00000236323,0
ENSG00000236324,0
ENSG00000236325,3
ENSG00000236326,0
ENSG00000236327,0
ENSG00000236330,1
ENSG00000236332,0
ENSG00000236333,42
ENSG00000236334,0
ENSG00000236335,0
ENSG00000236336,1
ENSG00000236337,10
ENSG00000236339,0
ENSG00000236340,0
ENSG00000236341,0
ENSG00000236343,0
ENSG00000236345,3
ENSG00000236347,1
ENSG00000236348,3
ENSG00000236349,5
ENSG00000236352,0
ENSG00000236354,0
ENSG00000236355,0
ENSG00000236356,0
ENSG00000236357,0
ENSG00000236358,2
ENSG00000236359,0
ENSG00000236360,1
ENSG00000236362,0
ENSG00000236364,9
ENSG00000236365,0
ENSG00000236366,2
ENSG00000236371,0
ENSG00000236372,0
ENSG00000236373,0
ENSG00000236375,0
ENSG00000236376,0
ENSG00000236377,11
ENSG00000236378,0
ENSG00000236379,0
ENSG00000236380,0
ENSG00000236382,0
ENSG00000236383,72
ENSG00000236384,1
ENSG00000236385,11
ENSG00000236386,0
ENSG00000236387,0
ENSG00000236388,0
ENSG00000236389,0
ENSG00000236390,0
ENSG00000236391,0
ENSG00000236392,0
ENSG00000236393,0
ENSG00000236394,1
ENSG00000236395,0
ENSG00000236396,0
ENSG00000236397,8
ENSG00000236398,0
ENSG00000236400,0
ENSG00000236401,0
ENSG00000236403,0
ENSG00000236404,21
ENSG00000236405,0
ENSG00000236407,0
ENSG00000236408,0
ENSG00000236409,5
ENSG00000236411,3
ENSG00000236412,0
ENSG00000236413,0
ENSG00000236414,0
ENSG00000236417,0
ENSG00000236420,4
ENSG00000236423,3
ENSG00000236424,0
ENSG00000236425,0
ENSG00000236426,1
ENSG00000236427,0
ENSG00000236429,0
ENSG00000236430,0
ENSG00000236431,12
ENSG00000236432,12
ENSG00000236433,0
ENSG00000236434,4
ENSG00000236435,0
ENSG00000236436,0
ENSG00000236437,0
ENSG00000236438,40
ENSG00000236439,53
ENSG00000236440,0
ENSG00000236442,0
ENSG00000236444,9
ENSG00000236445,0
ENSG00000236446,0
ENSG00000236447,2
ENSG00000236449,75
ENSG00000236450,0
ENSG00000236451,0
ENSG00000236452,0
ENSG00000236453,1
ENSG00000236456,47
ENSG00000236457,0
ENSG00000236459,7
ENSG00000236460,0
ENSG00000236461,0
ENSG00000236463,5
ENSG00000236464,0
ENSG00000236466,1
ENSG00000236467,4
ENSG00000236468,2
ENSG00000236469,0
ENSG00000236471,1
ENSG00000236472,1
ENSG00000236473,0
ENSG00000236474,2
ENSG00000236475,0
ENSG00000236476,0
ENSG00000236477,0
ENSG00000236478,0
ENSG00000236480,4
ENSG00000236481,1
ENSG00000236483,2
ENSG00000236484,0
ENSG00000236485,0
ENSG00000236487,0
ENSG00000236489,1
ENSG00000236491,0
ENSG00000236493,4
ENSG00000236494,1
ENSG00000236495,0
ENSG00000236496,47
ENSG00000236497,0
ENSG00000236498,10
ENSG00000236499,1
ENSG00000236500,0
ENSG00000236501,2
ENSG00000236502,0
ENSG00000236503,0
ENSG00000236504,0
ENSG00000236505,0
ENSG00000236507,0
ENSG00000236508,6
ENSG00000236509,1
ENSG00000236510,1
ENSG00000236511,0
ENSG00000236512,4
ENSG00000236513,0
ENSG00000236514,20
ENSG00000236516,15
ENSG00000236519,5
ENSG00000236520,0
ENSG00000236521,0
ENSG00000236523,1
ENSG00000236525,0
ENSG00000236526,2
ENSG00000236527,0
ENSG00000236528,2
ENSG00000236529,7
ENSG00000236530,0
ENSG00000236531,0
ENSG00000236532,18
ENSG00000236533,0
ENSG00000236534,5
ENSG00000236535,0
ENSG00000236536,0
ENSG00000236538,0
ENSG00000236539,1
ENSG00000236540,122
ENSG00000236541,0
ENSG00000236542,1
ENSG00000236543,0
ENSG00000236544,0
ENSG00000236545,1
ENSG00000236546,2
ENSG00000236548,25
ENSG00000236549,0
ENSG00000236550,0
ENSG00000236552,603
ENSG00000236554,18
ENSG00000236555,0
ENSG00000236556,0
ENSG00000236559,4
ENSG00000236562,0
ENSG00000236564,0
ENSG00000236565,25
ENSG00000236567,0
ENSG00000236569,0
ENSG00000236570,3
ENSG00000236571,0
ENSG00000236572,0
ENSG00000236574,0
ENSG00000236576,0
ENSG00000236577,0
ENSG00000236580,0
ENSG00000236581,11
ENSG00000236582,1
ENSG00000236583,2
ENSG00000236590,0
ENSG00000236591,0
ENSG00000236592,0
ENSG00000236594,0
ENSG00000236595,0
ENSG00000236596,0
ENSG00000236597,0
ENSG00000236599,0
ENSG00000236601,0
ENSG00000236603,6
ENSG00000236604,0
ENSG00000236605,0
ENSG00000236606,0
ENSG00000236607,0
ENSG00000236608,1
ENSG00000236609,743
ENSG00000236610,0
ENSG00000236611,0
ENSG00000236612,0
ENSG00000236615,0
ENSG00000236616,0
ENSG00000236617,17
ENSG00000236618,229
ENSG00000236620,0
ENSG00000236621,0
ENSG00000236626,0
ENSG00000236627,1
ENSG00000236634,0
ENSG00000236635,0
ENSG00000236636,0
ENSG00000236637,0
ENSG00000236638,0
ENSG00000236641,1
ENSG00000236643,2
ENSG00000236646,0
ENSG00000236647,0
ENSG00000236648,2
ENSG00000236651,5
ENSG00000236653,0
ENSG00000236654,0
ENSG00000236655,0
ENSG00000236656,0
ENSG00000236658,1
ENSG00000236660,0
ENSG00000236662,1
ENSG00000236663,2
ENSG00000236664,0
ENSG00000236665,0
ENSG00000236666,0
ENSG00000236667,0
ENSG00000236668,1
ENSG00000236670,4
ENSG00000236671,26
ENSG00000236673,0
ENSG00000236674,0
ENSG00000236675,168
ENSG00000236676,0
ENSG00000236677,0
ENSG00000236678,0
ENSG00000236679,0
ENSG00000236680,3
ENSG00000236681,0
ENSG00000236682,135
ENSG00000236683,1
ENSG00000236686,1
ENSG00000236687,0
ENSG00000236689,0
ENSG00000236690,0
ENSG00000236691,1
ENSG00000236692,0
ENSG00000236695,2
ENSG00000236698,5
ENSG00000236699,553
ENSG00000236700,3
ENSG00000236701,0
ENSG00000236703,3
ENSG00000236704,0
ENSG00000236708,0
ENSG00000236709,0
ENSG00000236710,1
ENSG00000236711,0
ENSG00000236712,4
ENSG00000236713,0
ENSG00000236714,3
ENSG00000236716,0
ENSG00000236717,0
ENSG00000236718,0
ENSG00000236719,0
ENSG00000236720,0
ENSG00000236722,0
ENSG00000236723,34
ENSG00000236724,1
ENSG00000236731,0
ENSG00000236732,2
ENSG00000236733,1
ENSG00000236735,2
ENSG00000236736,0
ENSG00000236737,0
ENSG00000236739,0
ENSG00000236740,111
ENSG00000236741,0
ENSG00000236743,0
ENSG00000236744,0
ENSG00000236745,1
ENSG00000236747,0
ENSG00000236748,0
ENSG00000236750,0
ENSG00000236751,4
ENSG00000236753,74
ENSG00000236754,4
ENSG00000236756,10
ENSG00000236758,0
ENSG00000236760,0
ENSG00000236761,5
ENSG00000236762,2
ENSG00000236763,0
ENSG00000236764,0
ENSG00000236768,1
ENSG00000236769,0
ENSG00000236770,0
ENSG00000236772,10
ENSG00000236773,36
ENSG00000236775,0
ENSG00000236776,0
ENSG00000236777,0
ENSG00000236778,40
ENSG00000236779,0
ENSG00000236780,1
ENSG00000236782,12
ENSG00000236783,0
ENSG00000236785,0
ENSG00000236786,0
ENSG00000236790,3
ENSG00000236791,0
ENSG00000236792,0
ENSG00000236794,1
ENSG00000236795,0
ENSG00000236796,0
ENSG00000236797,0
ENSG00000236799,1
ENSG00000236800,0
ENSG00000236801,16
ENSG00000236803,0
ENSG00000236804,2
ENSG00000236806,2
ENSG00000236807,0
ENSG00000236809,14
ENSG00000236810,127
ENSG00000236811,4
ENSG00000236813,0
ENSG00000236814,14
ENSG00000236816,3
ENSG00000236817,0
ENSG00000236818,0
ENSG00000236819,1
ENSG00000236822,0
ENSG00000236823,0
ENSG00000236824,84
ENSG00000236825,0
ENSG00000236827,0
ENSG00000236828,0
ENSG00000236829,11
ENSG00000236830,219
ENSG00000236831,0
ENSG00000236832,1
ENSG00000236833,0
ENSG00000236834,0
ENSG00000236836,0
ENSG00000236837,0
ENSG00000236838,0
ENSG00000236839,0
ENSG00000236841,17
ENSG00000236842,0
ENSG00000236844,0
ENSG00000236846,2
ENSG00000236847,0
ENSG00000236848,1
ENSG00000236849,0
ENSG00000236850,131
ENSG00000236852,2
ENSG00000236853,0
ENSG00000236854,0
ENSG00000236856,0
ENSG00000236857,0
ENSG00000236858,0
ENSG00000236859,278
ENSG00000236860,0
ENSG00000236861,8
ENSG00000236862,0
ENSG00000236863,0
ENSG00000236864,0
ENSG00000236866,1
ENSG00000236867,0
ENSG00000236869,4
ENSG00000236870,0
ENSG00000236871,9
ENSG00000236872,1
ENSG00000236874,0
ENSG00000236875,0
ENSG00000236876,1
ENSG00000236877,0
ENSG00000236878,3
ENSG00000236880,0
ENSG00000236882,6
ENSG00000236883,0
ENSG00000236885,0
ENSG00000236886,0
ENSG00000236887,1
ENSG00000236888,0
ENSG00000236889,0
ENSG00000236890,0
ENSG00000236892,1
ENSG00000236893,0
ENSG00000236894,0
ENSG00000236896,0
ENSG00000236897,0
ENSG00000236900,0
ENSG00000236901,331
ENSG00000236905,3
ENSG00000236907,0
ENSG00000236908,8
ENSG00000236909,0
ENSG00000236911,0
ENSG00000236913,0
ENSG00000236914,62
ENSG00000236915,1
ENSG00000236917,1
ENSG00000236919,0
ENSG00000236920,0
ENSG00000236921,0
ENSG00000236922,0
ENSG00000236924,1
ENSG00000236928,0
ENSG00000236929,0
ENSG00000236930,0
ENSG00000236932,0
ENSG00000236935,19
ENSG00000236936,2
ENSG00000236937,1
ENSG00000236938,0
ENSG00000236939,0
ENSG00000236940,0
ENSG00000236941,0
ENSG00000236942,1
ENSG00000236944,0
ENSG00000236946,3
ENSG00000236947,78
ENSG00000236948,0
ENSG00000236950,0
ENSG00000236951,0
ENSG00000236953,4
ENSG00000236956,52
ENSG00000236957,1
ENSG00000236958,0
ENSG00000236959,1
ENSG00000236960,0
ENSG00000236961,0
ENSG00000236963,1
ENSG00000236965,0
ENSG00000236966,0
ENSG00000236968,1
ENSG00000236969,0
ENSG00000236972,0
ENSG00000236973,0
ENSG00000236975,11
ENSG00000236976,2
ENSG00000236977,0
ENSG00000236978,0
ENSG00000236980,0
ENSG00000236981,0
ENSG00000236982,0
ENSG00000236983,2
ENSG00000236985,0
ENSG00000236986,2
ENSG00000236987,0
ENSG00000236988,0
ENSG00000236989,1
ENSG00000236990,1
ENSG00000236991,4
ENSG00000236992,7
ENSG00000236993,2
ENSG00000236994,0
ENSG00000236996,3
ENSG00000236998,0
ENSG00000236999,0
ENSG00000237000,0
ENSG00000237001,1
ENSG00000237002,0
ENSG00000237003,0
ENSG00000237004,5
ENSG00000237005,0
ENSG00000237007,0
ENSG00000237008,0
ENSG00000237009,0
ENSG00000237011,0
ENSG00000237013,0
ENSG00000237014,0
ENSG00000237015,7
ENSG00000237016,0
ENSG00000237017,29
ENSG00000237019,0
ENSG00000237020,0
ENSG00000237021,6
ENSG00000237023,0
ENSG00000237024,0
ENSG00000237025,0
ENSG00000237026,0
ENSG00000237027,0
ENSG00000237031,0
ENSG00000237032,4
ENSG00000237033,0
ENSG00000237035,0
ENSG00000237036,105
ENSG00000237037,109
ENSG00000237038,0
ENSG00000237039,123
ENSG00000237040,0
ENSG00000237041,0
ENSG00000237042,0
ENSG00000237048,0
ENSG00000237049,0
ENSG00000237053,0
ENSG00000237054,20
ENSG00000237055,0
ENSG00000237057,0
ENSG00000237058,0
ENSG00000237061,3
ENSG00000237062,0
ENSG00000237063,1
ENSG00000237064,0
ENSG00000237065,0
ENSG00000237068,0
ENSG00000237069,0
ENSG00000237070,0
ENSG00000237072,0
ENSG00000237073,4
ENSG00000237074,1
ENSG00000237076,0
ENSG00000237077,0
ENSG00000237080,0
ENSG00000237082,11
ENSG00000237083,0
ENSG00000237085,0
ENSG00000237087,3
ENSG00000237088,0
ENSG00000237089,0
ENSG00000237090,1
ENSG00000237092,0
ENSG00000237094,63
ENSG00000237099,0
ENSG00000237101,55
ENSG00000237104,0
ENSG00000237106,0
ENSG00000237107,0
ENSG00000237109,0
ENSG00000237110,0
ENSG00000237111,8
ENSG00000237115,21
ENSG00000237118,14
ENSG00000237119,3
ENSG00000237121,0
ENSG00000237122,0
ENSG00000237124,0
ENSG00000237125,11
ENSG00000237126,62
ENSG00000237127,0
ENSG00000237128,12
ENSG00000237129,0
ENSG00000237130,0
ENSG00000237131,0
ENSG00000237133,8
ENSG00000237135,4
ENSG00000237136,11
ENSG00000237137,0
ENSG00000237138,6
ENSG00000237139,1
ENSG00000237140,0
ENSG00000237141,0
ENSG00000237148,0
ENSG00000237149,72
ENSG00000237152,2
ENSG00000237153,0
ENSG00000237154,0
ENSG00000237158,0
ENSG00000237159,0
ENSG00000237160,0
ENSG00000237161,2
ENSG00000237162,1
ENSG00000237163,0
ENSG00000237164,0
ENSG00000237166,0
ENSG00000237167,0
ENSG00000237169,2
ENSG00000237170,0
ENSG00000237171,0
ENSG00000237172,2525
ENSG00000237173,0
ENSG00000237174,5
ENSG00000237175,0
ENSG00000237176,2
ENSG00000237178,0
ENSG00000237179,1
ENSG00000237180,0
ENSG00000237181,17
ENSG00000237182,0
ENSG00000237183,0
ENSG00000237185,0
ENSG00000237186,0
ENSG00000237187,436
ENSG00000237188,115
ENSG00000237189,2
ENSG00000237190,1065
ENSG00000237193,0
ENSG00000237194,0
ENSG00000237195,0
ENSG00000237197,0
ENSG00000237200,5
ENSG00000237202,0
ENSG00000237205,0
ENSG00000237206,0
ENSG00000237207,0
ENSG00000237208,8
ENSG00000237210,0
ENSG00000237211,0
ENSG00000237212,0
ENSG00000237213,0
ENSG00000237214,17
ENSG00000237215,0
ENSG00000237217,0
ENSG00000237220,0
ENSG00000237221,1
ENSG00000237222,5
ENSG00000237223,0
ENSG00000237224,1
ENSG00000237225,0
ENSG00000237226,0
ENSG00000237227,1
ENSG00000237230,0
ENSG00000237232,3
ENSG00000237233,1
ENSG00000237234,1
ENSG00000237235,0
ENSG00000237236,0
ENSG00000237238,6
ENSG00000237242,0
ENSG00000237243,2
ENSG00000237247,0
ENSG00000237248,49
ENSG00000237249,0
ENSG00000237250,0
ENSG00000237251,4
ENSG00000237252,1
ENSG00000237254,7
ENSG00000237256,0
ENSG00000237257,0
ENSG00000237259,0
ENSG00000237260,1
ENSG00000237261,0
ENSG00000237262,1
ENSG00000237263,4
ENSG00000237264,58
ENSG00000237265,0
ENSG00000237266,0
ENSG00000237267,0
ENSG00000237268,0
ENSG00000237269,0
ENSG00000237271,0
ENSG00000237272,0
ENSG00000237273,0
ENSG00000237274,0
ENSG00000237275,0
ENSG00000237276,47
ENSG00000237278,0
ENSG00000237279,0
ENSG00000237280,1
ENSG00000237281,0
ENSG00000237282,0
ENSG00000237283,0
ENSG00000237285,1
ENSG00000237286,0
ENSG00000237289,19
ENSG00000237290,1
ENSG00000237292,0
ENSG00000237293,1
ENSG00000237294,0
ENSG00000237296,6
ENSG00000237297,0
ENSG00000237298,81
ENSG00000237299,0
ENSG00000237300,0
ENSG00000237301,3
ENSG00000237302,0
ENSG00000237303,1
ENSG00000237306,0
ENSG00000237307,0
ENSG00000237308,0
ENSG00000237309,0
ENSG00000237310,191
ENSG00000237311,0
ENSG00000237312,0
ENSG00000237314,0
ENSG00000237316,0
ENSG00000237317,0
ENSG00000237319,0
ENSG00000237320,0
ENSG00000237321,0
ENSG00000237322,0
ENSG00000237323,0
ENSG00000237324,0
ENSG00000237325,0
ENSG00000237326,0
ENSG00000237327,1
ENSG00000237328,0
ENSG00000237329,0
ENSG00000237330,79
ENSG00000237331,0
ENSG00000237336,0
ENSG00000237337,0
ENSG00000237338,0
ENSG00000237339,0
ENSG00000237341,0
ENSG00000237342,0
ENSG00000237343,0
ENSG00000237345,0
ENSG00000237346,0
ENSG00000237347,1
ENSG00000237349,0
ENSG00000237350,27
ENSG00000237351,0
ENSG00000237352,4
ENSG00000237353,1
ENSG00000237354,0
ENSG00000237356,7
ENSG00000237357,0
ENSG00000237358,0
ENSG00000237359,1
ENSG00000237360,0
ENSG00000237361,122
ENSG00000237363,0
ENSG00000237365,0
ENSG00000237370,0
ENSG00000237371,3
ENSG00000237372,2
ENSG00000237373,2
ENSG00000237374,0
ENSG00000237377,0
ENSG00000237378,0
ENSG00000237379,1
ENSG00000237380,159
ENSG00000237381,0
ENSG00000237382,0
ENSG00000237383,0
ENSG00000237385,3
ENSG00000237387,0
ENSG00000237388,0
ENSG00000237389,1
ENSG00000237390,2
ENSG00000237396,0
ENSG00000237398,14
ENSG00000237399,15
ENSG00000237400,0
ENSG00000237401,0
ENSG00000237402,0
ENSG00000237404,0
ENSG00000237406,3
ENSG00000237407,0
ENSG00000237408,0
ENSG00000237409,1
ENSG00000237410,0
ENSG00000237412,0
ENSG00000237413,0
ENSG00000237414,0
ENSG00000237415,1
ENSG00000237416,2
ENSG00000237417,0
ENSG00000237418,6
ENSG00000237419,1
ENSG00000237422,1
ENSG00000237423,4
ENSG00000237424,144
ENSG00000237425,0
ENSG00000237426,0
ENSG00000237427,0
ENSG00000237428,3
ENSG00000237429,2
ENSG00000237432,0
ENSG00000237433,2
ENSG00000237434,0
ENSG00000237435,0
ENSG00000237436,4
ENSG00000237437,16
ENSG00000237438,15
ENSG00000237439,0
ENSG00000237440,1539
ENSG00000237441,4471
ENSG00000237442,0
ENSG00000237443,0
ENSG00000237444,0
ENSG00000237445,0
ENSG00000237446,1
ENSG00000237447,0
ENSG00000237449,0
ENSG00000237450,0
ENSG00000237451,6
ENSG00000237452,2
ENSG00000237453,0
ENSG00000237456,1
ENSG00000237457,2
ENSG00000237458,0
ENSG00000237460,0
ENSG00000237461,1
ENSG00000237463,0
ENSG00000237464,0
ENSG00000237466,0
ENSG00000237467,0
ENSG00000237468,0
ENSG00000237469,1
ENSG00000237470,6
ENSG00000237471,0
ENSG00000237472,0
ENSG00000237473,0
ENSG00000237475,0
ENSG00000237476,16
ENSG00000237477,0
ENSG00000237478,0
ENSG00000237479,0
ENSG00000237480,0
ENSG00000237481,4
ENSG00000237483,4
ENSG00000237484,4
ENSG00000237485,0
ENSG00000237487,0
ENSG00000237489,141
ENSG00000237490,0
ENSG00000237491,18
ENSG00000237492,0
ENSG00000237493,10
ENSG00000237494,1
ENSG00000237498,0
ENSG00000237499,97
ENSG00000237500,0
ENSG00000237501,1
ENSG00000237503,0
ENSG00000237505,1
ENSG00000237506,6
ENSG00000237510,1
ENSG00000237512,8
ENSG00000237513,34
ENSG00000237514,0
ENSG00000237515,915
ENSG00000237517,180
ENSG00000237520,18
ENSG00000237521,0
ENSG00000237522,55
ENSG00000237523,13
ENSG00000237524,0
ENSG00000237525,1
ENSG00000237527,0
ENSG00000237528,0
ENSG00000237529,0
ENSG00000237530,0
ENSG00000237531,1
ENSG00000237532,0
ENSG00000237534,0
ENSG00000237539,0
ENSG00000237540,0
ENSG00000237541,2095
ENSG00000237542,0
ENSG00000237546,0
ENSG00000237547,0
ENSG00000237548,3
ENSG00000237549,0
ENSG00000237550,3640
ENSG00000237551,0
ENSG00000237552,0
ENSG00000237553,0
ENSG00000237555,13
ENSG00000237556,1
ENSG00000237557,0
ENSG00000237558,0
ENSG00000237560,4
ENSG00000237563,0
ENSG00000237565,0
ENSG00000237566,0
ENSG00000237567,2
ENSG00000237568,0
ENSG00000237569,0
ENSG00000237571,2
ENSG00000237572,0
ENSG00000237574,0
ENSG00000237575,0
ENSG00000237576,0
ENSG00000237578,0
ENSG00000237579,0
ENSG00000237580,0
ENSG00000237581,0
ENSG00000237583,1
ENSG00000237584,1
ENSG00000237585,0
ENSG00000237586,0
ENSG00000237588,3
ENSG00000237589,0
ENSG00000237590,0
ENSG00000237592,1
ENSG00000237593,0
ENSG00000237594,91
ENSG00000237595,8
ENSG00000237596,1
ENSG00000237601,0
ENSG00000237603,0
ENSG00000237604,1
ENSG00000237605,2
ENSG00000237606,0
ENSG00000237609,0
ENSG00000237610,0
ENSG00000237611,0
ENSG00000237612,0
ENSG00000237613,0
ENSG00000237614,547
ENSG00000237616,0
ENSG00000237617,7
ENSG00000237618,0
ENSG00000237619,0
ENSG00000237620,0
ENSG00000237621,0
ENSG00000237622,0
ENSG00000237623,0
ENSG00000237624,64
ENSG00000237626,0
ENSG00000237628,0
ENSG00000237629,0
ENSG00000237630,0
ENSG00000237631,0
ENSG00000237632,1
ENSG00000237633,0
ENSG00000237635,0
ENSG00000237636,0
ENSG00000237637,6
ENSG00000237638,5
ENSG00000237639,0
ENSG00000237640,27
ENSG00000237641,11
ENSG00000237642,2
ENSG00000237643,0
ENSG00000237645,0
ENSG00000237646,0
ENSG00000237647,0
ENSG00000237649,2016
ENSG00000237650,0
ENSG00000237651,153
ENSG00000237653,0
ENSG00000237654,0
ENSG00000237655,0
ENSG00000237658,0
ENSG00000237659,0
ENSG00000237661,0
ENSG00000237662,0
ENSG00000237663,0
ENSG00000237664,0
ENSG00000237665,0
ENSG00000237666,0
ENSG00000237667,8
ENSG00000237668,6
ENSG00000237669,10
ENSG00000237670,0
ENSG00000237671,0
ENSG00000237672,2
ENSG00000237674,0
ENSG00000237675,0
ENSG00000237676,1
ENSG00000237679,0
ENSG00000237682,1
ENSG00000237684,0
ENSG00000237685,4
ENSG00000237686,229
ENSG00000237687,0
ENSG00000237689,0
ENSG00000237691,0
ENSG00000237693,1
ENSG00000237699,0
ENSG00000237700,0
ENSG00000237701,0
ENSG00000237702,20
ENSG00000237704,0
ENSG00000237705,0
ENSG00000237706,0
ENSG00000237707,0
ENSG00000237708,4
ENSG00000237709,2
ENSG00000237711,1
ENSG00000237713,0
ENSG00000237714,0
ENSG00000237716,0
ENSG00000237717,0
ENSG00000237718,13
ENSG00000237719,5
ENSG00000237720,0
ENSG00000237721,0
ENSG00000237722,0
ENSG00000237726,0
ENSG00000237728,0
ENSG00000237729,7
ENSG00000237730,1
ENSG00000237731,0
ENSG00000237732,2
ENSG00000237734,1
ENSG00000237735,0
ENSG00000237737,3
ENSG00000237738,0
ENSG00000237740,1
ENSG00000237741,0
ENSG00000237742,51
ENSG00000237743,0
ENSG00000237745,0
ENSG00000237746,0
ENSG00000237747,0
ENSG00000237748,13
ENSG00000237749,6
ENSG00000237750,0
ENSG00000237751,8
ENSG00000237752,0
ENSG00000237753,46
ENSG00000237754,0
ENSG00000237756,0
ENSG00000237757,6
ENSG00000237758,7
ENSG00000237759,0
ENSG00000237760,0
ENSG00000237761,0
ENSG00000237763,0
ENSG00000237764,1
ENSG00000237765,468
ENSG00000237766,2
ENSG00000237767,0
ENSG00000237768,0
ENSG00000237770,0
ENSG00000237772,0
ENSG00000237773,5
ENSG00000237774,3
ENSG00000237775,0
ENSG00000237781,5
ENSG00000237782,0
ENSG00000237783,0
ENSG00000237784,0
ENSG00000237786,0
ENSG00000237787,0
ENSG00000237788,10
ENSG00000237790,0
ENSG00000237793,2
ENSG00000237797,5
ENSG00000237798,2
ENSG00000237799,0
ENSG00000237801,0
ENSG00000237802,0
ENSG00000237803,4
ENSG00000237804,4
ENSG00000237806,0
ENSG00000237807,234
ENSG00000237810,1
ENSG00000237813,1
ENSG00000237815,3
ENSG00000237816,0
ENSG00000237818,0
ENSG00000237819,3
ENSG00000237821,8
ENSG00000237823,0
ENSG00000237824,0
ENSG00000237827,0
ENSG00000237828,1
ENSG00000237831,0
ENSG00000237832,0
ENSG00000237833,0
ENSG00000237835,0
ENSG00000237836,5
ENSG00000237837,0
ENSG00000237838,0
ENSG00000237840,14
ENSG00000237841,0
ENSG00000237842,1
ENSG00000237843,0
ENSG00000237844,0
ENSG00000237845,0
ENSG00000237846,0
ENSG00000237847,0
ENSG00000237848,3
ENSG00000237849,0
ENSG00000237850,0
ENSG00000237851,0
ENSG00000237852,2
ENSG00000237853,5
ENSG00000237854,432
ENSG00000237856,0
ENSG00000237857,54
ENSG00000237859,2
ENSG00000237860,0
ENSG00000237861,2
ENSG00000237862,0
ENSG00000237863,0
ENSG00000237864,1
ENSG00000237868,0
ENSG00000237870,0
ENSG00000237872,1
ENSG00000237873,0
ENSG00000237874,0
ENSG00000237875,0
ENSG00000237876,0
ENSG00000237877,8
ENSG00000237879,1
ENSG00000237880,0
ENSG00000237882,1
ENSG00000237883,300
ENSG00000237885,0
ENSG00000237886,11
ENSG00000237887,2
ENSG00000237888,0
ENSG00000237891,0
ENSG00000237892,5
ENSG00000237896,0
ENSG00000237897,1
ENSG00000237899,13
ENSG00000237901,0
ENSG00000237902,0
ENSG00000237903,3
ENSG00000237904,0
ENSG00000237906,0
ENSG00000237907,0
ENSG00000237910,0
ENSG00000237911,11
ENSG00000237913,0
ENSG00000237914,4
ENSG00000237916,1
ENSG00000237917,4
ENSG00000237919,0
ENSG00000237920,0
ENSG00000237921,1
ENSG00000237922,0
ENSG00000237923,0
ENSG00000237924,0
ENSG00000237926,0
ENSG00000237927,2
ENSG00000237928,1
ENSG00000237929,0
ENSG00000237930,0
ENSG00000237931,0
ENSG00000237934,1
ENSG00000237936,0
ENSG00000237937,0
ENSG00000237938,11
ENSG00000237939,0
ENSG00000237940,24
ENSG00000237941,0
ENSG00000237943,49
ENSG00000237945,593
ENSG00000237947,0
ENSG00000237948,0
ENSG00000237949,1
ENSG00000237950,13
ENSG00000237951,0
ENSG00000237952,0
ENSG00000237953,0
ENSG00000237954,0
ENSG00000237955,0
ENSG00000237956,0
ENSG00000237957,0
ENSG00000237959,0
ENSG00000237961,0
ENSG00000237963,0
ENSG00000237964,0
ENSG00000237968,0
ENSG00000237970,5
ENSG00000237971,0
ENSG00000237972,1
ENSG00000237973,3089
ENSG00000237974,0
ENSG00000237975,10
ENSG00000237976,50
ENSG00000237977,38
ENSG00000237978,71
ENSG00000237979,1
ENSG00000237980,0
ENSG00000237982,0
ENSG00000237984,75
ENSG00000237986,0
ENSG00000237987,0
ENSG00000237988,191
ENSG00000237989,42
ENSG00000237990,0
ENSG00000237991,92
ENSG00000237992,0
ENSG00000237993,0
ENSG00000237994,0
ENSG00000237997,0
ENSG00000237999,2
ENSG00000238000,97
ENSG00000238001,0
ENSG00000238002,0
ENSG00000238003,2
ENSG00000238004,0
ENSG00000238005,419
ENSG00000238007,0
ENSG00000238008,0
ENSG00000238009,0
ENSG00000238010,0
ENSG00000238012,0
ENSG00000238013,0
ENSG00000238015,1
ENSG00000238018,16
ENSG00000238019,0
ENSG00000238020,0
ENSG00000238021,1
ENSG00000238022,0
ENSG00000238024,0
ENSG00000238025,1
ENSG00000238026,0
ENSG00000238029,1
ENSG00000238031,0
ENSG00000238032,0
ENSG00000238033,3
ENSG00000238034,0
ENSG00000238035,21
ENSG00000238037,0
ENSG00000238038,0
ENSG00000238039,4
ENSG00000238040,0
ENSG00000238041,1
ENSG00000238042,4
ENSG00000238043,1
ENSG00000238045,427
ENSG00000238046,0
ENSG00000238047,0
ENSG00000238048,0
ENSG00000238049,0
ENSG00000238051,0
ENSG00000238054,0
ENSG00000238055,0
ENSG00000238057,5
ENSG00000238058,32
ENSG00000238059,0
ENSG00000238061,1
ENSG00000238062,4
ENSG00000238063,0
ENSG00000238065,0
ENSG00000238066,0
ENSG00000238067,0
ENSG00000238069,0
ENSG00000238072,1
ENSG00000238073,0
ENSG00000238074,0
ENSG00000238075,0
ENSG00000238076,0
ENSG00000238077,0
ENSG00000238078,2
ENSG00000238079,0
ENSG00000238081,0
ENSG00000238082,5
ENSG00000238083,83
ENSG00000238084,0
ENSG00000238085,9
ENSG00000238086,2
ENSG00000238087,0
ENSG00000238088,0
ENSG00000238090,0
ENSG00000238092,0
ENSG00000238094,0
ENSG00000238097,37
ENSG00000238098,3
ENSG00000238099,2
ENSG00000238102,0
ENSG00000238103,9
ENSG00000238105,956
ENSG00000238107,6
ENSG00000238108,0
ENSG00000238109,2
ENSG00000238110,0
ENSG00000238111,0
ENSG00000238113,120
ENSG00000238116,0
ENSG00000238117,213
ENSG00000238118,0
ENSG00000238120,1
ENSG00000238121,53
ENSG00000238122,0
ENSG00000238123,55
ENSG00000238124,0
ENSG00000238125,0
ENSG00000238129,0
ENSG00000238131,0
ENSG00000238132,2
ENSG00000238133,23
ENSG00000238135,1
ENSG00000238137,0
ENSG00000238138,0
ENSG00000238139,0
ENSG00000238140,4
ENSG00000238141,4
ENSG00000238142,185
ENSG00000238143,0
ENSG00000238145,5
ENSG00000238149,0
ENSG00000238150,2
ENSG00000238151,4
ENSG00000238152,0
ENSG00000238153,0
ENSG00000238154,0
ENSG00000238156,0
ENSG00000238158,0
ENSG00000238160,2
ENSG00000238161,3
ENSG00000238162,0
ENSG00000238164,55
ENSG00000238165,0
ENSG00000238166,0
ENSG00000238168,1
ENSG00000238169,0
ENSG00000238171,2
ENSG00000238172,3
ENSG00000238173,0
ENSG00000238176,0
ENSG00000238178,10
ENSG00000238180,0
ENSG00000238181,7
ENSG00000238183,0
ENSG00000238184,12
ENSG00000238185,0
ENSG00000238186,17
ENSG00000238188,3
ENSG00000238189,0
ENSG00000238190,0
ENSG00000238191,0
ENSG00000238192,0
ENSG00000238193,0
ENSG00000238194,0
ENSG00000238195,0
ENSG00000238197,185
ENSG00000238198,8
ENSG00000238199,0
ENSG00000238200,0
ENSG00000238201,0
ENSG00000238202,0
ENSG00000238205,0
ENSG00000238207,0
ENSG00000238208,0
ENSG00000238210,0
ENSG00000238211,0
ENSG00000238212,1
ENSG00000238213,3
ENSG00000238215,0
ENSG00000238217,1
ENSG00000238220,0
ENSG00000238221,5
ENSG00000238222,0
ENSG00000238223,0
ENSG00000238224,2
ENSG00000238225,1
ENSG00000238227,2131
ENSG00000238228,8
ENSG00000238230,0
ENSG00000238231,2
ENSG00000238232,1
ENSG00000238235,0
ENSG00000238236,0
ENSG00000238241,0
ENSG00000238242,0
ENSG00000238243,3
ENSG00000238244,0
ENSG00000238245,1
ENSG00000238246,2
ENSG00000238247,2
ENSG00000238249,338
ENSG00000238250,0
ENSG00000238251,5
ENSG00000238254,0
ENSG00000238256,0
ENSG00000238257,0
ENSG00000238258,0
ENSG00000238259,0
ENSG00000238260,24
ENSG00000238262,0
ENSG00000238263,0
ENSG00000238265,0
ENSG00000238266,1
ENSG00000238267,1
ENSG00000238268,0
ENSG00000238269,1
ENSG00000238270,0
ENSG00000238271,0
ENSG00000238272,0
ENSG00000238273,2
ENSG00000238275,0
ENSG00000238276,1
ENSG00000238277,0
ENSG00000238278,33
ENSG00000238279,2
ENSG00000238280,0
ENSG00000238282,0
ENSG00000238283,0
ENSG00000238284,0
ENSG00000238285,0
ENSG00000238286,3
ENSG00000238287,44
ENSG00000238288,0
ENSG00000238290,9
ENSG00000238291,1
ENSG00000238295,0
ENSG00000238297,0
ENSG00000238300,2
ENSG00000238302,0
ENSG00000238304,0
ENSG00000238311,0
ENSG00000238316,0
ENSG00000238317,3
ENSG00000238320,0
ENSG00000238323,0
ENSG00000238324,1
ENSG00000238326,0
ENSG00000238340,0
ENSG00000238344,0
ENSG00000238347,0
ENSG00000238357,0
ENSG00000238358,0
ENSG00000238362,0
ENSG00000238363,3
ENSG00000238364,1
ENSG00000238365,0
ENSG00000238366,1
ENSG00000238367,0
ENSG00000238370,0
ENSG00000238371,0
ENSG00000238372,0
ENSG00000238374,0
ENSG00000238379,0
ENSG00000238380,0
ENSG00000238382,0
ENSG00000238385,0
ENSG00000238386,0
ENSG00000238387,0
ENSG00000238390,5
ENSG00000238391,0
ENSG00000238392,0
ENSG00000238393,0
ENSG00000238399,0
ENSG00000238405,0
ENSG00000238406,4
ENSG00000238410,0
ENSG00000238411,0
ENSG00000238412,0
ENSG00000238417,0
ENSG00000238419,1
ENSG00000238420,1
ENSG00000238423,2
ENSG00000238424,0
ENSG00000238426,0
ENSG00000238427,0
ENSG00000238431,0
ENSG00000238440,0
ENSG00000238441,0
ENSG00000238442,0
ENSG00000238443,0
ENSG00000238444,0
ENSG00000238446,0
ENSG00000238447,0
ENSG00000238448,0
ENSG00000238449,0
ENSG00000238452,0
ENSG00000238456,0
ENSG00000238457,0
ENSG00000238460,1
ENSG00000238468,0
ENSG00000238469,0
ENSG00000238470,0
ENSG00000238478,0
ENSG00000238482,0
ENSG00000238485,0
ENSG00000238489,0
ENSG00000238490,0
ENSG00000238493,0
ENSG00000238498,0
ENSG00000238500,0
ENSG00000238503,0
ENSG00000238504,0
ENSG00000238508,1
ENSG00000238509,0
ENSG00000238512,0
ENSG00000238516,0
ENSG00000238517,0
ENSG00000238518,0
ENSG00000238519,0
ENSG00000238523,0
ENSG00000238529,0
ENSG00000238531,0
ENSG00000238532,0
ENSG00000238540,0
ENSG00000238542,0
ENSG00000238551,0
ENSG00000238553,1
ENSG00000238554,0
ENSG00000238558,0
ENSG00000238560,0
ENSG00000238561,0
ENSG00000238562,0
ENSG00000238570,0
ENSG00000238575,0
ENSG00000238578,0
ENSG00000238584,0
ENSG00000238585,0
ENSG00000238590,0
ENSG00000238593,0
ENSG00000238594,0
ENSG00000238597,0
ENSG00000238604,0
ENSG00000238606,0
ENSG00000238607,0
ENSG00000238609,0
ENSG00000238610,0
ENSG00000238616,0
ENSG00000238619,0
ENSG00000238621,1
ENSG00000238622,0
ENSG00000238623,0
ENSG00000238627,0
ENSG00000238628,0
ENSG00000238632,0
ENSG00000238634,0
ENSG00000238644,0
ENSG00000238645,0
ENSG00000238648,0
ENSG00000238649,0
ENSG00000238650,0
ENSG00000238653,0
ENSG00000238658,1
ENSG00000238660,0
ENSG00000238669,0
ENSG00000238672,0
ENSG00000238680,0
ENSG00000238685,0
ENSG00000238694,0
ENSG00000238697,0
ENSG00000238698,0
ENSG00000238704,0
ENSG00000238705,0
ENSG00000238707,0
ENSG00000238709,0
ENSG00000238711,0
ENSG00000238713,0
ENSG00000238716,0
ENSG00000238719,0
ENSG00000238721,0
ENSG00000238723,0
ENSG00000238724,0
ENSG00000238726,0
ENSG00000238728,1
ENSG00000238730,0
ENSG00000238731,0
ENSG00000238735,0
ENSG00000238737,0
ENSG00000238738,0
ENSG00000238741,1
ENSG00000238742,0
ENSG00000238745,0
ENSG00000238749,0
ENSG00000238750,0
ENSG00000238754,0
ENSG00000238755,2
ENSG00000238758,0
ENSG00000238759,0
ENSG00000238761,0
ENSG00000238764,0
ENSG00000238765,0
ENSG00000238766,0
ENSG00000238773,0
ENSG00000238774,0
ENSG00000238777,0
ENSG00000238778,0
ENSG00000238782,0
ENSG00000238783,0
ENSG00000238785,0
ENSG00000238787,0
ENSG00000238788,0
ENSG00000238789,0
ENSG00000238793,6
ENSG00000238795,5
ENSG00000238797,0
ENSG00000238803,0
ENSG00000238804,0
ENSG00000238808,0
ENSG00000238812,0
ENSG00000238813,0
ENSG00000238819,0
ENSG00000238823,0
ENSG00000238825,0
ENSG00000238826,0
ENSG00000238827,0
ENSG00000238829,0
ENSG00000238830,0
ENSG00000238832,6
ENSG00000238833,0
ENSG00000238835,0
ENSG00000238836,0
ENSG00000238837,0
ENSG00000238840,0
ENSG00000238842,0
ENSG00000238844,0
ENSG00000238845,0
ENSG00000238854,0
ENSG00000238861,0
ENSG00000238862,0
ENSG00000238870,0
ENSG00000238875,0
ENSG00000238876,0
ENSG00000238880,0
ENSG00000238882,0
ENSG00000238884,0
ENSG00000238886,1
ENSG00000238890,0
ENSG00000238898,0
ENSG00000238901,0
ENSG00000238902,0
ENSG00000238904,0
ENSG00000238906,0
ENSG00000238908,0
ENSG00000238909,0
ENSG00000238911,0
ENSG00000238912,0
ENSG00000238913,0
ENSG00000238917,0
ENSG00000238921,0
ENSG00000238923,0
ENSG00000238924,0
ENSG00000238926,0
ENSG00000238933,0
ENSG00000238934,1
ENSG00000238936,0
ENSG00000238941,0
ENSG00000238942,0
ENSG00000238943,0
ENSG00000238949,0
ENSG00000238950,0
ENSG00000238952,0
ENSG00000238957,0
ENSG00000238958,0
ENSG00000238959,1
ENSG00000238961,1
ENSG00000238962,0
ENSG00000238963,1
ENSG00000238964,0
ENSG00000238965,0
ENSG00000238966,0
ENSG00000238971,0
ENSG00000238976,0
ENSG00000238980,0
ENSG00000238987,0
ENSG00000238997,0
ENSG00000238998,0
ENSG00000239001,0
ENSG00000239002,6
ENSG00000239003,0
ENSG00000239005,0
ENSG00000239006,0
ENSG00000239007,0
ENSG00000239008,0
ENSG00000239010,0
ENSG00000239014,0
ENSG00000239021,0
ENSG00000239022,0
ENSG00000239023,0
ENSG00000239028,0
ENSG00000239030,0
ENSG00000239035,0
ENSG00000239036,0
ENSG00000239039,0
ENSG00000239040,1
ENSG00000239041,0
ENSG00000239043,0
ENSG00000239050,0
ENSG00000239053,0
ENSG00000239057,0
ENSG00000239069,0
ENSG00000239075,0
ENSG00000239078,0
ENSG00000239079,0
ENSG00000239080,0
ENSG00000239081,0
ENSG00000239082,0
ENSG00000239093,0
ENSG00000239096,7
ENSG00000239099,0
ENSG00000239101,1
ENSG00000239102,0
ENSG00000239105,0
ENSG00000239106,0
ENSG00000239107,0
ENSG00000239108,0
ENSG00000239112,0
ENSG00000239115,0
ENSG00000239118,0
ENSG00000239119,0
ENSG00000239120,4
ENSG00000239122,7
ENSG00000239127,0
ENSG00000239128,2
ENSG00000239129,0
ENSG00000239131,0
ENSG00000239137,0
ENSG00000239138,0
ENSG00000239142,0
ENSG00000239143,1
ENSG00000239148,0
ENSG00000239149,5
ENSG00000239151,0
ENSG00000239152,0
ENSG00000239153,0
ENSG00000239158,0
ENSG00000239160,0
ENSG00000239163,0
ENSG00000239167,0
ENSG00000239168,0
ENSG00000239169,0
ENSG00000239175,0
ENSG00000239179,0
ENSG00000239180,0
ENSG00000239181,0
ENSG00000239182,0
ENSG00000239183,1
ENSG00000239184,0
ENSG00000239185,0
ENSG00000239189,0
ENSG00000239190,0
ENSG00000239192,0
ENSG00000239194,0
ENSG00000239195,0
ENSG00000239197,0
ENSG00000239198,2
ENSG00000239199,0
ENSG00000239200,2
ENSG00000239201,0
ENSG00000239202,0
ENSG00000239203,0
ENSG00000239205,0
ENSG00000239207,1
ENSG00000239210,0
ENSG00000239211,0
ENSG00000239212,2
ENSG00000239213,85
ENSG00000239215,0
ENSG00000239216,0
ENSG00000239218,25
ENSG00000239219,1
ENSG00000239221,0
ENSG00000239223,0
ENSG00000239224,0
ENSG00000239225,0
ENSG00000239226,0
ENSG00000239227,0
ENSG00000239228,0
ENSG00000239238,0
ENSG00000239246,15
ENSG00000239247,0
ENSG00000239249,0
ENSG00000239250,0
ENSG00000239253,2
ENSG00000239254,1
ENSG00000239255,0
ENSG00000239256,0
ENSG00000239257,0
ENSG00000239261,0
ENSG00000239263,0
ENSG00000239264,423
ENSG00000239265,0
ENSG00000239268,0
ENSG00000239269,1
ENSG00000239272,6
ENSG00000239275,0
ENSG00000239279,0
ENSG00000239280,2
ENSG00000239281,0
ENSG00000239282,155
ENSG00000239288,0
ENSG00000239291,0
ENSG00000239293,0
ENSG00000239300,8
ENSG00000239304,0
ENSG00000239305,3665
ENSG00000239306,4805
ENSG00000239311,0
ENSG00000239314,0
ENSG00000239315,1
ENSG00000239316,0
ENSG00000239317,0
ENSG00000239319,0
ENSG00000239320,0
ENSG00000239322,0
ENSG00000239323,0
ENSG00000239327,0
ENSG00000239332,8
ENSG00000239333,0
ENSG00000239335,4
ENSG00000239344,4
ENSG00000239345,2
ENSG00000239350,0
ENSG00000239351,1
ENSG00000239353,21
ENSG00000239354,0
ENSG00000239356,0
ENSG00000239365,1
ENSG00000239367,1
ENSG00000239373,0
ENSG00000239374,2
ENSG00000239377,2
ENSG00000239381,0
ENSG00000239382,81
ENSG00000239383,0
ENSG00000239388,42
ENSG00000239389,1
ENSG00000239390,0
ENSG00000239392,3
ENSG00000239393,0
ENSG00000239395,0
ENSG00000239396,0
ENSG00000239397,0
ENSG00000239398,0
ENSG00000239402,0
ENSG00000239405,0
ENSG00000239407,20
ENSG00000239408,0
ENSG00000239412,0
ENSG00000239413,2
ENSG00000239415,43
ENSG00000239419,0
ENSG00000239426,0
ENSG00000239428,1
ENSG00000239429,0
ENSG00000239432,0
ENSG00000239435,0
ENSG00000239437,0
ENSG00000239438,0
ENSG00000239439,0
ENSG00000239440,0
ENSG00000239443,0
ENSG00000239445,1
ENSG00000239446,0
ENSG00000239453,1
ENSG00000239454,0
ENSG00000239455,0
ENSG00000239462,6
ENSG00000239464,0
ENSG00000239465,0
ENSG00000239466,0
ENSG00000239467,53
ENSG00000239468,0
ENSG00000239470,4
ENSG00000239471,0
ENSG00000239472,13
ENSG00000239473,1
ENSG00000239474,56
ENSG00000239480,1
ENSG00000239481,0
ENSG00000239482,0
ENSG00000239483,2
ENSG00000239486,11
ENSG00000239490,0
ENSG00000239494,4
ENSG00000239498,2
ENSG00000239500,0
ENSG00000239503,1
ENSG00000239504,0
ENSG00000239508,0
ENSG00000239510,0
ENSG00000239511,0
ENSG00000239513,0
ENSG00000239516,0
ENSG00000239517,0
ENSG00000239519,0
ENSG00000239521,286
ENSG00000239523,32
ENSG00000239524,1
ENSG00000239525,0
ENSG00000239527,0
ENSG00000239528,1
ENSG00000239532,1
ENSG00000239533,0
ENSG00000239539,0
ENSG00000239542,2
ENSG00000239544,1
ENSG00000239545,0
ENSG00000239547,0
ENSG00000239552,2
ENSG00000239553,2
ENSG00000239555,0
ENSG00000239556,11
ENSG00000239557,4
ENSG00000239559,202
ENSG00000239560,0
ENSG00000239568,0
ENSG00000239569,136
ENSG00000239570,0
ENSG00000239571,22
ENSG00000239572,0
ENSG00000239576,0
ENSG00000239577,0
ENSG00000239579,0
ENSG00000239580,0
ENSG00000239586,0
ENSG00000239587,0
ENSG00000239589,0
ENSG00000239590,1
ENSG00000239593,3
ENSG00000239594,0
ENSG00000239595,0
ENSG00000239600,0
ENSG00000239602,1
ENSG00000239605,0
ENSG00000239607,0
ENSG00000239608,0
ENSG00000239614,0
ENSG00000239615,0
ENSG00000239617,14
ENSG00000239620,0
ENSG00000239622,0
ENSG00000239625,0
ENSG00000239626,0
ENSG00000239627,0
ENSG00000239628,0
ENSG00000239632,0
ENSG00000239636,10
ENSG00000239640,0
ENSG00000239641,0
ENSG00000239642,0
ENSG00000239648,0
ENSG00000239649,0
ENSG00000239650,3
ENSG00000239653,13
ENSG00000239659,0
ENSG00000239661,0
ENSG00000239664,0
ENSG00000239665,345
ENSG00000239670,0
ENSG00000239671,0
ENSG00000239672,2730
ENSG00000239674,0
ENSG00000239677,0
ENSG00000239679,0
ENSG00000239683,0
ENSG00000239684,0
ENSG00000239686,3
ENSG00000239689,0
ENSG00000239690,0
ENSG00000239694,0
ENSG00000239696,0
ENSG00000239697,550
ENSG00000239699,0
ENSG00000239701,1
ENSG00000239702,0
ENSG00000239703,0
ENSG00000239704,33
ENSG00000239705,0
ENSG00000239706,0
ENSG00000239708,0
ENSG00000239710,0
ENSG00000239713,451
ENSG00000239715,1
ENSG00000239716,0
ENSG00000239718,0
ENSG00000239719,16
ENSG00000239722,0
ENSG00000239726,2
ENSG00000239731,0
ENSG00000239732,2
ENSG00000239736,0
ENSG00000239739,0
ENSG00000239742,0
ENSG00000239744,0
ENSG00000239745,1
ENSG00000239748,0
ENSG00000239763,9
ENSG00000239767,0
ENSG00000239774,0
ENSG00000239775,0
ENSG00000239776,0
ENSG00000239779,927
ENSG00000239780,0
ENSG00000239783,0
ENSG00000239789,1324
ENSG00000239791,0
ENSG00000239792,0
ENSG00000239793,0
ENSG00000239794,0
ENSG00000239797,0
ENSG00000239799,0
ENSG00000239801,3
ENSG00000239804,0
ENSG00000239805,0
ENSG00000239808,2
ENSG00000239809,0
ENSG00000239810,0
ENSG00000239819,99
ENSG00000239820,1
ENSG00000239821,0
ENSG00000239822,0
ENSG00000239823,0
ENSG00000239825,0
ENSG00000239827,12
ENSG00000239828,1
ENSG00000239829,0
ENSG00000239830,1
ENSG00000239831,0
ENSG00000239835,0
ENSG00000239839,0
ENSG00000239840,0
ENSG00000239855,579
ENSG00000239856,0
ENSG00000239857,203
ENSG00000239861,0
ENSG00000239862,1
ENSG00000239868,1
ENSG00000239870,0
ENSG00000239872,0
ENSG00000239873,0
ENSG00000239877,0
ENSG00000239880,0
ENSG00000239881,1
ENSG00000239883,40
ENSG00000239884,10
ENSG00000239886,0
ENSG00000239887,419
ENSG00000239888,0
ENSG00000239893,0
ENSG00000239899,0
ENSG00000239900,3444
ENSG00000239906,1
ENSG00000239908,1
ENSG00000239910,0
ENSG00000239911,150
ENSG00000239912,19
ENSG00000239917,1
ENSG00000239919,0
ENSG00000239920,2
ENSG00000239921,0
ENSG00000239922,0
ENSG00000239923,0
ENSG00000239924,0
ENSG00000239926,0
ENSG00000239930,1
ENSG00000239932,1
ENSG00000239939,0
ENSG00000239941,9
ENSG00000239942,0
ENSG00000239944,0
ENSG00000239945,0
ENSG00000239946,0
ENSG00000239948,0
ENSG00000239951,13483
ENSG00000239953,0
ENSG00000239958,0
ENSG00000239959,4
ENSG00000239961,56
ENSG00000239964,0
ENSG00000239967,0
ENSG00000239969,12
ENSG00000239975,4
ENSG00000239978,0
ENSG00000239981,0
ENSG00000239983,0
ENSG00000239984,0
ENSG00000239985,0
ENSG00000239986,0
ENSG00000239988,0
ENSG00000239989,0
ENSG00000239991,0
ENSG00000239992,0
ENSG00000239994,0
ENSG00000239995,0
ENSG00000239997,0
ENSG00000239998,32
ENSG00000240002,0
ENSG00000240003,0
ENSG00000240005,5
ENSG00000240006,5
ENSG00000240012,0
ENSG00000240014,0
ENSG00000240015,0
ENSG00000240021,1
ENSG00000240023,1
ENSG00000240024,32
ENSG00000240027,0
ENSG00000240031,0
ENSG00000240032,0
ENSG00000240033,0
ENSG00000240034,0
ENSG00000240036,3
ENSG00000240038,44
ENSG00000240040,11
ENSG00000240041,0
ENSG00000240043,0
ENSG00000240045,2
ENSG00000240047,0
ENSG00000240048,0
ENSG00000240050,21
ENSG00000240051,1
ENSG00000240052,0
ENSG00000240053,36
ENSG00000240056,1
ENSG00000240057,4
ENSG00000240058,0
ENSG00000240063,2
ENSG00000240065,1348
ENSG00000240068,0
ENSG00000240069,0
ENSG00000240074,0
ENSG00000240083,0
ENSG00000240084,0
ENSG00000240086,12
ENSG00000240087,14
ENSG00000240089,0
ENSG00000240093,0
ENSG00000240095,0
ENSG00000240096,1
ENSG00000240097,0
ENSG00000240098,0
ENSG00000240100,0
ENSG00000240103,0
ENSG00000240106,3
ENSG00000240107,0
ENSG00000240108,0
ENSG00000240116,0
ENSG00000240121,0
ENSG00000240122,0
ENSG00000240125,6
ENSG00000240128,0
ENSG00000240131,0
ENSG00000240132,2
ENSG00000240135,0
ENSG00000240137,20
ENSG00000240138,3
ENSG00000240143,1
ENSG00000240151,0
ENSG00000240152,0
ENSG00000240156,0
ENSG00000240159,0
ENSG00000240160,6
ENSG00000240163,4
ENSG00000240167,0
ENSG00000240173,0
ENSG00000240174,0
ENSG00000240175,0
ENSG00000240179,2
ENSG00000240180,0
ENSG00000240183,0
ENSG00000240184,633
ENSG00000240186,0
ENSG00000240189,0
ENSG00000240194,0
ENSG00000240197,0
ENSG00000240198,0
ENSG00000240199,1
ENSG00000240201,0
ENSG00000240202,0
ENSG00000240203,0
ENSG00000240204,125
ENSG00000240205,0
ENSG00000240207,42
ENSG00000240210,0
ENSG00000240211,8
ENSG00000240215,0
ENSG00000240216,147
ENSG00000240219,41
ENSG00000240224,1
ENSG00000240225,97
ENSG00000240230,509
ENSG00000240231,3
ENSG00000240233,0
ENSG00000240235,0
ENSG00000240236,0
ENSG00000240237,0
ENSG00000240238,0
ENSG00000240240,0
ENSG00000240241,0
ENSG00000240244,0
ENSG00000240246,0
ENSG00000240247,0
ENSG00000240250,0
ENSG00000240253,0
ENSG00000240254,1
ENSG00000240255,0
ENSG00000240265,0
ENSG00000240268,0
ENSG00000240270,0
ENSG00000240271,1
ENSG00000240280,14
ENSG00000240281,0
ENSG00000240286,0
ENSG00000240288,35
ENSG00000240291,41
ENSG00000240292,1
ENSG00000240294,0
ENSG00000240296,0
ENSG00000240298,0
ENSG00000240299,0
ENSG00000240302,0
ENSG00000240303,8
ENSG00000240305,0
ENSG00000240306,0
ENSG00000240309,0
ENSG00000240311,3
ENSG00000240317,0
ENSG00000240320,0
ENSG00000240322,6
ENSG00000240327,0
ENSG00000240328,0
ENSG00000240338,4
ENSG00000240341,0
ENSG00000240342,1778
ENSG00000240344,450
ENSG00000240347,0
ENSG00000240350,6
ENSG00000240354,0
ENSG00000240355,0
ENSG00000240356,184
ENSG00000240359,0
ENSG00000240361,0
ENSG00000240364,0
ENSG00000240366,7
ENSG00000240370,38
ENSG00000240371,4
ENSG00000240373,5
ENSG00000240374,0
ENSG00000240375,0
ENSG00000240376,67
ENSG00000240382,182
ENSG00000240385,1
ENSG00000240386,0
ENSG00000240388,2
ENSG00000240392,1
ENSG00000240393,0
ENSG00000240395,20
ENSG00000240399,8
ENSG00000240401,8
ENSG00000240403,4
ENSG00000240404,1
ENSG00000240405,0
ENSG00000240409,5
ENSG00000240411,0
ENSG00000240412,0
ENSG00000240416,0
ENSG00000240418,2
ENSG00000240419,0
ENSG00000240423,1
ENSG00000240424,0
ENSG00000240426,0
ENSG00000240427,0
ENSG00000240429,191
ENSG00000240432,0
ENSG00000240435,1
ENSG00000240436,0
ENSG00000240438,0
ENSG00000240439,0
ENSG00000240440,1
ENSG00000240441,2
ENSG00000240443,0
ENSG00000240445,71
ENSG00000240449,86
ENSG00000240450,0
ENSG00000240452,2
ENSG00000240454,1
ENSG00000240455,0
ENSG00000240457,1
ENSG00000240458,0
ENSG00000240459,0
ENSG00000240463,11
ENSG00000240470,0
ENSG00000240471,0
ENSG00000240474,0
ENSG00000240476,1
ENSG00000240477,0
ENSG00000240478,0
ENSG00000240480,0
ENSG00000240481,0
ENSG00000240484,0
ENSG00000240486,0
ENSG00000240487,1
ENSG00000240489,76
ENSG00000240490,1
ENSG00000240494,0
ENSG00000240497,8
ENSG00000240498,11
ENSG00000240499,33
ENSG00000240502,0
ENSG00000240505,54
ENSG00000240509,1
ENSG00000240511,0
ENSG00000240513,0
ENSG00000240518,0
ENSG00000240519,0
ENSG00000240520,0
ENSG00000240521,0
ENSG00000240522,3
ENSG00000240524,0
ENSG00000240527,0
ENSG00000240531,3
ENSG00000240533,0
ENSG00000240534,0
ENSG00000240535,15
ENSG00000240540,3
ENSG00000240541,156
ENSG00000240542,0
ENSG00000240545,0
ENSG00000240549,0
ENSG00000240553,0
ENSG00000240554,1
ENSG00000240562,0
ENSG00000240563,22
ENSG00000240566,0
ENSG00000240567,14
ENSG00000240568,0
ENSG00000240571,9
ENSG00000240572,0
ENSG00000240573,0
ENSG00000240577,0
ENSG00000240578,0
ENSG00000240579,0
ENSG00000240583,4324
ENSG00000240584,0
ENSG00000240589,0
ENSG00000240590,0
ENSG00000240591,4
ENSG00000240596,0
ENSG00000240601,0
ENSG00000240602,1
ENSG00000240606,0
ENSG00000240611,0
ENSG00000240613,0
ENSG00000240616,9
ENSG00000240618,9
ENSG00000240621,1
ENSG00000240622,1
ENSG00000240624,0
ENSG00000240625,1
ENSG00000240626,1
ENSG00000240627,0
ENSG00000240631,0
ENSG00000240632,0
ENSG00000240634,0
ENSG00000240637,0
ENSG00000240639,0
ENSG00000240641,0
ENSG00000240647,0
ENSG00000240651,0
ENSG00000240652,7
ENSG00000240654,16
ENSG00000240661,10
ENSG00000240663,0
ENSG00000240665,7
ENSG00000240666,0
ENSG00000240667,0
ENSG00000240668,0
ENSG00000240669,0
ENSG00000240671,261
ENSG00000240673,3
ENSG00000240674,0
ENSG00000240677,0
ENSG00000240680,0
ENSG00000240682,1556
ENSG00000240687,22
ENSG00000240692,0
ENSG00000240694,58
ENSG00000240695,6
ENSG00000240698,0
ENSG00000240704,0
ENSG00000240707,0
ENSG00000240708,0
ENSG00000240710,1
ENSG00000240713,0
ENSG00000240718,1
ENSG00000240720,7
ENSG00000240721,0
ENSG00000240723,0
ENSG00000240724,0
ENSG00000240729,0
ENSG00000240731,78
ENSG00000240733,0
ENSG00000240738,0
ENSG00000240739,0
ENSG00000240747,25
ENSG00000240750,0
ENSG00000240751,4
ENSG00000240752,0
ENSG00000240755,0
ENSG00000240758,35
ENSG00000240759,5
ENSG00000240760,0
ENSG00000240761,0
ENSG00000240764,7
ENSG00000240766,0
ENSG00000240767,0
ENSG00000240770,3
ENSG00000240771,253
ENSG00000240772,0
ENSG00000240774,0
ENSG00000240775,0
ENSG00000240776,4
ENSG00000240777,0
ENSG00000240785,2
ENSG00000240787,1
ENSG00000240790,2
ENSG00000240791,0
ENSG00000240792,0
ENSG00000240793,2
ENSG00000240796,0
ENSG00000240800,219
ENSG00000240801,0
ENSG00000240803,0
ENSG00000240804,0
ENSG00000240808,1
ENSG00000240809,78
ENSG00000240813,0
ENSG00000240821,0
ENSG00000240823,4
ENSG00000240824,0
ENSG00000240827,0
ENSG00000240828,2
ENSG00000240837,0
ENSG00000240842,0
ENSG00000240846,1
ENSG00000240847,0
ENSG00000240849,8020
ENSG00000240853,0
ENSG00000240854,49
ENSG00000240857,813
ENSG00000240859,122
ENSG00000240861,0
ENSG00000240863,0
ENSG00000240864,801
ENSG00000240868,0
ENSG00000240869,0
ENSG00000240870,0
ENSG00000240871,0
ENSG00000240873,0
ENSG00000240874,0
ENSG00000240875,56
ENSG00000240877,1
ENSG00000240881,0
ENSG00000240882,2
ENSG00000240888,0
ENSG00000240889,45
ENSG00000240890,0
ENSG00000240891,418
ENSG00000240893,3
ENSG00000240895,0
ENSG00000240898,15
ENSG00000240902,0
ENSG00000240905,0
ENSG00000240912,0
ENSG00000240914,3
ENSG00000240915,0
ENSG00000240919,1
ENSG00000240922,0
ENSG00000240925,0
ENSG00000240927,0
ENSG00000240929,0
ENSG00000240934,0
ENSG00000240935,0
ENSG00000240936,0
ENSG00000240940,0
ENSG00000240950,9
ENSG00000240951,0
ENSG00000240954,7
ENSG00000240959,0
ENSG00000240960,0
ENSG00000240961,0
ENSG00000240963,0
ENSG00000240964,0
ENSG00000240966,0
ENSG00000240970,4
ENSG00000240972,1527
ENSG00000240973,0
ENSG00000240974,0
ENSG00000240975,1
ENSG00000240977,0
ENSG00000240979,0
ENSG00000240980,0
ENSG00000240983,0
ENSG00000240990,1
ENSG00000240991,4
ENSG00000240992,0
ENSG00000240993,0
ENSG00000240995,0
ENSG00000240996,6
ENSG00000240997,0
ENSG00000241002,0
ENSG00000241003,2
ENSG00000241007,2
ENSG00000241008,0
ENSG00000241011,0
ENSG00000241014,67
ENSG00000241015,175
ENSG00000241018,0
ENSG00000241020,0
ENSG00000241022,0
ENSG00000241026,0
ENSG00000241030,12
ENSG00000241032,0
ENSG00000241035,2
ENSG00000241037,0
ENSG00000241042,0
ENSG00000241043,34
ENSG00000241045,1
ENSG00000241048,0
ENSG00000241052,0
ENSG00000241054,0
ENSG00000241057,3
ENSG00000241058,364
ENSG00000241059,1
ENSG00000241061,5
ENSG00000241064,0
ENSG00000241067,0
ENSG00000241069,0
ENSG00000241073,0
ENSG00000241074,0
ENSG00000241081,1
ENSG00000241082,0
ENSG00000241084,0
ENSG00000241088,1
ENSG00000241095,1
ENSG00000241097,0
ENSG00000241098,0
ENSG00000241101,0
ENSG00000241102,0
ENSG00000241103,0
ENSG00000241104,0
ENSG00000241105,0
ENSG00000241106,139
ENSG00000241111,0
ENSG00000241112,0
ENSG00000241114,0
ENSG00000241119,0
ENSG00000241120,1
ENSG00000241123,0
ENSG00000241127,475
ENSG00000241128,0
ENSG00000241129,0
ENSG00000241130,0
ENSG00000241131,0
ENSG00000241134,4
ENSG00000241135,1
ENSG00000241136,0
ENSG00000241143,0
ENSG00000241144,0
ENSG00000241146,0
ENSG00000241149,0
ENSG00000241151,0
ENSG00000241152,0
ENSG00000241155,8
ENSG00000241156,0
ENSG00000241157,3
ENSG00000241158,30
ENSG00000241159,0
ENSG00000241162,0
ENSG00000241163,4
ENSG00000241168,0
ENSG00000241169,0
ENSG00000241170,46
ENSG00000241172,0
ENSG00000241174,0
ENSG00000241175,0
ENSG00000241179,0
ENSG00000241180,1
ENSG00000241183,0
ENSG00000241185,0
ENSG00000241186,5
ENSG00000241187,0
ENSG00000241188,0
ENSG00000241198,0
ENSG00000241200,0
ENSG00000241202,0
ENSG00000241203,0
ENSG00000241204,1
ENSG00000241207,0
ENSG00000241211,0
ENSG00000241213,0
ENSG00000241216,0
ENSG00000241217,5
ENSG00000241218,3
ENSG00000241219,3
ENSG00000241220,2
ENSG00000241221,0
ENSG00000241223,0
ENSG00000241224,0
ENSG00000241225,0
ENSG00000241226,0
ENSG00000241227,0
ENSG00000241228,0
ENSG00000241229,0
ENSG00000241230,0
ENSG00000241231,0
ENSG00000241233,2
ENSG00000241241,0
ENSG00000241243,0
ENSG00000241244,113
ENSG00000241246,0
ENSG00000241248,0
ENSG00000241250,1
ENSG00000241251,1
ENSG00000241255,4
ENSG00000241257,0
ENSG00000241258,5882
ENSG00000241261,0
ENSG00000241269,5
ENSG00000241278,5
ENSG00000241280,55
ENSG00000241281,0
ENSG00000241282,2
ENSG00000241286,2
ENSG00000241288,101
ENSG00000241291,0
ENSG00000241293,0
ENSG00000241294,283
ENSG00000241295,0
ENSG00000241305,0
ENSG00000241307,0
ENSG00000241313,13
ENSG00000241316,14
ENSG00000241317,0
ENSG00000241318,0
ENSG00000241319,0
ENSG00000241322,103
ENSG00000241324,0
ENSG00000241326,0
ENSG00000241328,0
ENSG00000241333,0
ENSG00000241334,0
ENSG00000241336,0
ENSG00000241343,3286
ENSG00000241344,0
ENSG00000241345,0
ENSG00000241346,0
ENSG00000241347,0
ENSG00000241350,0
ENSG00000241351,6060
ENSG00000241352,24
ENSG00000241353,0
ENSG00000241354,2
ENSG00000241356,0
ENSG00000241357,4
ENSG00000241358,0
ENSG00000241359,31
ENSG00000241360,26
ENSG00000241361,21
ENSG00000241362,22
ENSG00000241367,0
ENSG00000241369,1
ENSG00000241370,495
ENSG00000241383,0
ENSG00000241385,0
ENSG00000241388,1
ENSG00000241391,0
ENSG00000241392,0
ENSG00000241395,0
ENSG00000241397,0
ENSG00000241399,243
ENSG00000241400,0
ENSG00000241404,15
ENSG00000241406,1
ENSG00000241409,0
ENSG00000241411,11
ENSG00000241413,1
ENSG00000241416,2
ENSG00000241418,0
ENSG00000241420,0
ENSG00000241423,0
ENSG00000241429,3
ENSG00000241431,30
ENSG00000241434,0
ENSG00000241438,0
ENSG00000241439,11
ENSG00000241449,3
ENSG00000241451,0
ENSG00000241456,1
ENSG00000241457,0
ENSG00000241458,0
ENSG00000241461,0
ENSG00000241462,0
ENSG00000241464,1
ENSG00000241468,6944
ENSG00000241469,0
ENSG00000241472,329
ENSG00000241473,1
ENSG00000241475,126
ENSG00000241476,0
ENSG00000241478,3
ENSG00000241479,1
ENSG00000241484,195
ENSG00000241487,0
ENSG00000241489,17
ENSG00000241490,1
ENSG00000241493,0
ENSG00000241494,6
ENSG00000241499,1
ENSG00000241505,0
ENSG00000241506,15
ENSG00000241511,1
ENSG00000241520,9
ENSG00000241524,0
ENSG00000241525,3
ENSG00000241526,0
ENSG00000241527,4
ENSG00000241529,1
ENSG00000241532,0
ENSG00000241535,1
ENSG00000241537,0
ENSG00000241539,0
ENSG00000241542,0
ENSG00000241544,0
ENSG00000241546,0
ENSG00000241547,9
ENSG00000241549,38
ENSG00000241550,0
ENSG00000241552,0
ENSG00000241553,6535
ENSG00000241556,13
ENSG00000241560,4
ENSG00000241562,0
ENSG00000241563,8
ENSG00000241566,2
ENSG00000241568,1
ENSG00000241570,0
ENSG00000241571,0
ENSG00000241572,0
ENSG00000241573,0
ENSG00000241577,0
ENSG00000241582,1
ENSG00000241587,0
ENSG00000241588,0
ENSG00000241590,0
ENSG00000241592,0
ENSG00000241593,0
ENSG00000241595,0
ENSG00000241596,0
ENSG00000241597,0
ENSG00000241598,4
ENSG00000241599,0
ENSG00000241604,0
ENSG00000241607,0
ENSG00000241612,6
ENSG00000241613,0
ENSG00000241621,0
ENSG00000241622,0
ENSG00000241625,0
ENSG00000241627,10
ENSG00000241631,0
ENSG00000241634,5
ENSG00000241635,27
ENSG00000241636,0
ENSG00000241640,0
ENSG00000241641,4
ENSG00000241644,204
ENSG00000241648,0
ENSG00000241651,2
ENSG00000241652,1
ENSG00000241654,0
ENSG00000241656,0
ENSG00000241657,9
ENSG00000241661,1
ENSG00000241665,0
ENSG00000241666,6
ENSG00000241667,0
ENSG00000241668,0
ENSG00000241669,0
ENSG00000241670,0
ENSG00000241671,0
ENSG00000241673,0
ENSG00000241678,4
ENSG00000241679,0
ENSG00000241680,3
ENSG00000241684,9
ENSG00000241685,5621
ENSG00000241690,1
ENSG00000241693,1
ENSG00000241695,0
ENSG00000241696,0
ENSG00000241697,1
ENSG00000241709,2
ENSG00000241717,12
ENSG00000241720,1
ENSG00000241721,0
ENSG00000241722,0
ENSG00000241723,0
ENSG00000241728,0
ENSG00000241735,1
ENSG00000241737,0
ENSG00000241738,0
ENSG00000241739,0
ENSG00000241741,26
ENSG00000241743,0
ENSG00000241744,0
ENSG00000241745,0
ENSG00000241746,1
ENSG00000241749,0
ENSG00000241754,0
ENSG00000241755,785
ENSG00000241756,0
ENSG00000241757,0
ENSG00000241764,152
ENSG00000241765,0
ENSG00000241767,0
ENSG00000241769,17
ENSG00000241770,2
ENSG00000241772,1
ENSG00000241774,0
ENSG00000241776,0
ENSG00000241777,0
ENSG00000241778,0
ENSG00000241781,1
ENSG00000241782,3
ENSG00000241785,0
ENSG00000241787,0
ENSG00000241788,0
ENSG00000241789,0
ENSG00000241790,0
ENSG00000241791,0
ENSG00000241792,0
ENSG00000241794,0
ENSG00000241804,0
ENSG00000241807,0
ENSG00000241808,0
ENSG00000241809,0
ENSG00000241810,1
ENSG00000241815,0
ENSG00000241818,4
ENSG00000241821,0
ENSG00000241825,0
ENSG00000241828,0
ENSG00000241829,18
ENSG00000241832,0
ENSG00000241834,0
ENSG00000241837,5757
ENSG00000241838,3
ENSG00000241839,1795
ENSG00000241846,0
ENSG00000241852,199
ENSG00000241853,0
ENSG00000241859,0
ENSG00000241860,11
ENSG00000241861,0
ENSG00000241866,0
ENSG00000241868,0
ENSG00000241869,0
ENSG00000241870,0
ENSG00000241874,0
ENSG00000241877,1
ENSG00000241878,1318
ENSG00000241879,0
ENSG00000241881,0
ENSG00000241882,1
ENSG00000241884,0
ENSG00000241886,1
ENSG00000241888,0
ENSG00000241889,5
ENSG00000241890,0
ENSG00000241891,0
ENSG00000241899,0
ENSG00000241905,0
ENSG00000241907,0
ENSG00000241911,0
ENSG00000241912,0
ENSG00000241913,0
ENSG00000241917,0
ENSG00000241921,0
ENSG00000241923,8
ENSG00000241926,0
ENSG00000241929,0
ENSG00000241932,0
ENSG00000241933,4
ENSG00000241935,11
ENSG00000241939,0
ENSG00000241941,0
ENSG00000241942,0
ENSG00000241943,0
ENSG00000241945,36
ENSG00000241946,0
ENSG00000241947,0
ENSG00000241950,0
ENSG00000241954,3
ENSG00000241956,0
ENSG00000241959,1
ENSG00000241961,1
ENSG00000241962,27
ENSG00000241963,0
ENSG00000241964,0
ENSG00000241965,1
ENSG00000241973,5343
ENSG00000241975,11
ENSG00000241978,10
ENSG00000241981,0
ENSG00000241983,5
ENSG00000241984,6
ENSG00000241985,1
ENSG00000241990,197
ENSG00000241991,0
ENSG00000241992,0
ENSG00000241993,0
ENSG00000241997,0
ENSG00000242001,4
ENSG00000242009,0
ENSG00000242012,0
ENSG00000242014,0
ENSG00000242017,0
ENSG00000242019,0
ENSG00000242020,0
ENSG00000242021,0
ENSG00000242028,107
ENSG00000242029,2
ENSG00000242034,1
ENSG00000242036,0
ENSG00000242041,0
ENSG00000242042,0
ENSG00000242048,1
ENSG00000242049,0
ENSG00000242052,6
ENSG00000242058,0
ENSG00000242060,5
ENSG00000242061,1
ENSG00000242062,0
ENSG00000242065,0
ENSG00000242066,0
ENSG00000242067,0
ENSG00000242068,0
ENSG00000242070,0
ENSG00000242071,84
ENSG00000242072,0
ENSG00000242073,0
ENSG00000242076,9
ENSG00000242078,7
ENSG00000242079,0
ENSG00000242080,0
ENSG00000242082,1
ENSG00000242083,3
ENSG00000242085,24
ENSG00000242086,691
ENSG00000242087,0
ENSG00000242088,0
ENSG00000242094,4
ENSG00000242097,0
ENSG00000242100,0
ENSG00000242101,0
ENSG00000242102,0
ENSG00000242103,0
ENSG00000242104,0
ENSG00000242107,0
ENSG00000242109,0
ENSG00000242110,538
ENSG00000242111,0
ENSG00000242113,1
ENSG00000242114,158
ENSG00000242118,0
ENSG00000242119,0
ENSG00000242120,0
ENSG00000242121,0
ENSG00000242123,0
ENSG00000242125,2552
ENSG00000242134,1
ENSG00000242135,1
ENSG00000242136,23
ENSG00000242137,0
ENSG00000242140,0
ENSG00000242142,0
ENSG00000242145,0
ENSG00000242147,4
ENSG00000242150,0
ENSG00000242151,0
ENSG00000242152,0
ENSG00000242153,0
ENSG00000242154,4
ENSG00000242156,0
ENSG00000242158,0
ENSG00000242159,0
ENSG00000242162,0
ENSG00000242163,0
ENSG00000242165,0
ENSG00000242169,0
ENSG00000242170,1
ENSG00000242173,57
ENSG00000242175,0
ENSG00000242176,0
ENSG00000242178,0
ENSG00000242180,0
ENSG00000242182,0
ENSG00000242186,0
ENSG00000242190,1
ENSG00000242193,154
ENSG00000242195,0
ENSG00000242197,0
ENSG00000242198,4
ENSG00000242199,0
ENSG00000242201,0
ENSG00000242206,0
ENSG00000242207,0
ENSG00000242208,5
ENSG00000242209,0
ENSG00000242214,0
ENSG00000242216,0
ENSG00000242220,75
ENSG00000242221,0
ENSG00000242222,0
ENSG00000242229,3
ENSG00000242236,0
ENSG00000242241,0
ENSG00000242242,1
ENSG00000242244,0
ENSG00000242246,0
ENSG00000242247,2373
ENSG00000242248,1
ENSG00000242251,0
ENSG00000242252,7
ENSG00000242255,0
ENSG00000242256,0
ENSG00000242258,21
ENSG00000242259,884
ENSG00000242261,0
ENSG00000242262,4
ENSG00000242265,19148
ENSG00000242266,0
ENSG00000242267,2
ENSG00000242268,0
ENSG00000242272,0
ENSG00000242276,3
ENSG00000242278,1
ENSG00000242279,0
ENSG00000242280,0
ENSG00000242281,0
ENSG00000242282,79
ENSG00000242285,0
ENSG00000242288,2
ENSG00000242290,0
ENSG00000242291,0
ENSG00000242292,1
ENSG00000242293,0
ENSG00000242294,150
ENSG00000242295,0
ENSG00000242296,0
ENSG00000242299,139
ENSG00000242307,0
ENSG00000242308,0
ENSG00000242314,0
ENSG00000242315,0
ENSG00000242317,0
ENSG00000242318,1
ENSG00000242320,0
ENSG00000242321,0
ENSG00000242324,1
ENSG00000242325,0
ENSG00000242326,0
ENSG00000242327,0
ENSG00000242329,0
ENSG00000242330,0
ENSG00000242337,5
ENSG00000242338,9
ENSG00000242339,0
ENSG00000242341,0
ENSG00000242348,1
ENSG00000242349,41
ENSG00000242352,1
ENSG00000242353,0
ENSG00000242358,0
ENSG00000242360,0
ENSG00000242362,0
ENSG00000242364,0
ENSG00000242365,0
ENSG00000242366,3
ENSG00000242370,0
ENSG00000242371,45
ENSG00000242372,4547
ENSG00000242375,28
ENSG00000242381,0
ENSG00000242385,0
ENSG00000242387,0
ENSG00000242389,0
ENSG00000242390,0
ENSG00000242391,0
ENSG00000242393,0
ENSG00000242396,15
ENSG00000242398,0
ENSG00000242399,0
ENSG00000242405,2
ENSG00000242407,0
ENSG00000242411,4
ENSG00000242412,2
ENSG00000242417,0
ENSG00000242419,20
ENSG00000242423,0
ENSG00000242428,0
ENSG00000242430,0
ENSG00000242431,0
ENSG00000242435,0
ENSG00000242436,0
ENSG00000242439,1
ENSG00000242440,0
ENSG00000242441,0
ENSG00000242444,0
ENSG00000242445,6
ENSG00000242456,0
ENSG00000242457,13
ENSG00000242461,0
ENSG00000242463,0
ENSG00000242472,0
ENSG00000242473,0
ENSG00000242474,46
ENSG00000242477,4
ENSG00000242479,0
ENSG00000242482,0
ENSG00000242483,0
ENSG00000242485,4476
ENSG00000242486,0
ENSG00000242488,0
ENSG00000242493,0
ENSG00000242498,5944
ENSG00000242507,0
ENSG00000242509,0
ENSG00000242510,0
ENSG00000242512,0
ENSG00000242515,0
ENSG00000242516,15
ENSG00000242520,25
ENSG00000242522,0
ENSG00000242524,0
ENSG00000242525,0
ENSG00000242527,0
ENSG00000242529,0
ENSG00000242531,0
ENSG00000242534,3
ENSG00000242536,0
ENSG00000242537,0
ENSG00000242539,0
ENSG00000242540,66
ENSG00000242545,0
ENSG00000242547,0
ENSG00000242550,1
ENSG00000242551,4
ENSG00000242552,0
ENSG00000242553,4
ENSG00000242559,0
ENSG00000242560,0
ENSG00000242561,0
ENSG00000242562,9
ENSG00000242565,0
ENSG00000242568,0
ENSG00000242571,4
ENSG00000242573,0
ENSG00000242574,1285
ENSG00000242575,3
ENSG00000242578,1
ENSG00000242580,10
ENSG00000242583,3
ENSG00000242586,0
ENSG00000242588,41
ENSG00000242590,0
ENSG00000242593,0
ENSG00000242595,0
ENSG00000242598,0
ENSG00000242599,44
ENSG00000242600,1
ENSG00000242602,1
ENSG00000242607,3
ENSG00000242608,0
ENSG00000242609,0
ENSG00000242610,0
ENSG00000242611,5
ENSG00000242612,437
ENSG00000242613,0
ENSG00000242614,1
ENSG00000242615,118
ENSG00000242616,198
ENSG00000242618,0
ENSG00000242622,98
ENSG00000242628,2
ENSG00000242631,0
ENSG00000242634,0
ENSG00000242635,0
ENSG00000242636,1
ENSG00000242638,0
ENSG00000242640,0
ENSG00000242641,0
ENSG00000242650,0
ENSG00000242651,0
ENSG00000242653,0
ENSG00000242654,0
ENSG00000242657,0
ENSG00000242659,0
ENSG00000242660,0
ENSG00000242661,0
ENSG00000242667,1
ENSG00000242668,0
ENSG00000242670,0
ENSG00000242671,0
ENSG00000242673,0
ENSG00000242675,0
ENSG00000242683,0
ENSG00000242686,1
ENSG00000242687,134
ENSG00000242688,0
ENSG00000242689,37
ENSG00000242692,0
ENSG00000242696,0
ENSG00000242697,17
ENSG00000242699,0
ENSG00000242703,0
ENSG00000242705,0
ENSG00000242706,0
ENSG00000242707,0
ENSG00000242709,0
ENSG00000242715,14
ENSG00000242719,0
ENSG00000242727,0
ENSG00000242728,0
ENSG00000242729,0
ENSG00000242731,1
ENSG00000242732,200
ENSG00000242735,0
ENSG00000242736,0
ENSG00000242737,2
ENSG00000242741,0
ENSG00000242747,0
ENSG00000242748,10
ENSG00000242752,0
ENSG00000242753,0
ENSG00000242756,4
ENSG00000242757,0
ENSG00000242759,2
ENSG00000242764,0
ENSG00000242766,12
ENSG00000242767,0
ENSG00000242768,0
ENSG00000242769,0
ENSG00000242770,0
ENSG00000242771,0
ENSG00000242775,1
ENSG00000242779,630
ENSG00000242781,0
ENSG00000242790,0
ENSG00000242791,3
ENSG00000242793,0
ENSG00000242794,0
ENSG00000242795,0
ENSG00000242797,0
ENSG00000242798,10
ENSG00000242802,2538
ENSG00000242807,0
ENSG00000242808,2
ENSG00000242810,0
ENSG00000242811,0
ENSG00000242814,4
ENSG00000242816,0
ENSG00000242818,0
ENSG00000242828,0
ENSG00000242829,1
ENSG00000242834,0
ENSG00000242836,0
ENSG00000242837,0
ENSG00000242841,0
ENSG00000242849,0
ENSG00000242850,0
ENSG00000242852,28
ENSG00000242853,1
ENSG00000242854,0
ENSG00000242855,0
ENSG00000242856,0
ENSG00000242858,4
ENSG00000242860,7
ENSG00000242861,246
ENSG00000242863,0
ENSG00000242865,0
ENSG00000242866,0
ENSG00000242875,0
ENSG00000242876,2
ENSG00000242879,0
ENSG00000242880,4
ENSG00000242882,2
ENSG00000242887,23
ENSG00000242888,0
ENSG00000242889,1
ENSG00000242893,0
ENSG00000242894,0
ENSG00000242899,0
ENSG00000242902,0
ENSG00000242908,0
ENSG00000242911,0
ENSG00000242912,1
ENSG00000242915,0
ENSG00000242922,0
ENSG00000242924,0
ENSG00000242925,0
ENSG00000242928,0
ENSG00000242931,0
ENSG00000242936,0
ENSG00000242941,0
ENSG00000242943,0
ENSG00000242945,0
ENSG00000242948,0
ENSG00000242950,1
ENSG00000242951,7
ENSG00000242952,5
ENSG00000242953,4
ENSG00000242958,0
ENSG00000242960,81
ENSG00000242963,0
ENSG00000242968,1
ENSG00000242970,5
ENSG00000242971,1
ENSG00000242973,0
ENSG00000242976,0
ENSG00000242978,1
ENSG00000242979,4
ENSG00000242983,0
ENSG00000242985,0
ENSG00000242986,0
ENSG00000242989,0
ENSG00000242990,0
ENSG00000242991,0
ENSG00000242992,6
ENSG00000242993,0
ENSG00000242995,0
ENSG00000242998,0
ENSG00000242999,0
ENSG00000243004,42
ENSG00000243005,0
ENSG00000243007,7
ENSG00000243008,0
ENSG00000243011,0
ENSG00000243012,0
ENSG00000243014,4
ENSG00000243015,0
ENSG00000243016,0
ENSG00000243018,2
ENSG00000243020,0
ENSG00000243022,0
ENSG00000243023,0
ENSG00000243024,13
ENSG00000243025,0
ENSG00000243027,0
ENSG00000243029,1
ENSG00000243033,0
ENSG00000243035,0
ENSG00000243038,0
ENSG00000243040,0
ENSG00000243044,0
ENSG00000243048,0
ENSG00000243049,0
ENSG00000243050,0
ENSG00000243051,1
ENSG00000243053,0
ENSG00000243055,3
ENSG00000243056,100
ENSG00000243058,0
ENSG00000243059,0
ENSG00000243062,0
ENSG00000243063,39
ENSG00000243064,0
ENSG00000243066,0
ENSG00000243069,64
ENSG00000243071,13
ENSG00000243072,0
ENSG00000243073,0
ENSG00000243075,0
ENSG00000243081,0
ENSG00000243083,0
ENSG00000243085,0
ENSG00000243089,0
ENSG00000243094,2
ENSG00000243095,0
ENSG00000243099,1
ENSG00000243101,0
ENSG00000243103,0
ENSG00000243104,0
ENSG00000243107,7
ENSG00000243113,0
ENSG00000243115,0
ENSG00000243116,0
ENSG00000243122,0
ENSG00000243124,0
ENSG00000243125,0
ENSG00000243129,0
ENSG00000243130,0
ENSG00000243135,83
ENSG00000243136,0
ENSG00000243137,15
ENSG00000243141,0
ENSG00000243144,3
ENSG00000243147,1000
ENSG00000243149,0
ENSG00000243150,0
ENSG00000243154,0
ENSG00000243155,47
ENSG00000243156,1373
ENSG00000243160,0
ENSG00000243164,0
ENSG00000243165,0
ENSG00000243167,3
ENSG00000243171,0
ENSG00000243173,2
ENSG00000243175,1
ENSG00000243176,10
ENSG00000243179,0
ENSG00000243181,9
ENSG00000243187,0
ENSG00000243188,0
ENSG00000243193,0
ENSG00000243195,0
ENSG00000243197,0
ENSG00000243199,162
ENSG00000243207,1
ENSG00000243220,4
ENSG00000243224,10
ENSG00000243225,3
ENSG00000243227,0
ENSG00000243230,8
ENSG00000243232,12
ENSG00000243234,7
ENSG00000243236,0
ENSG00000243238,95
ENSG00000243243,5
ENSG00000243244,236
ENSG00000243250,0
ENSG00000243251,2
ENSG00000243254,0
ENSG00000243256,0
ENSG00000243257,0
ENSG00000243260,1
ENSG00000243264,105
ENSG00000243265,0
ENSG00000243267,0
ENSG00000243273,0
ENSG00000243274,0
ENSG00000243276,0
ENSG00000243279,1123
ENSG00000243280,0
ENSG00000243284,5
ENSG00000243287,0
ENSG00000243289,2
ENSG00000243290,167
ENSG00000243295,0
ENSG00000243296,0
ENSG00000243297,1
ENSG00000243300,0
ENSG00000243302,217
ENSG00000243303,0
ENSG00000243304,2
ENSG00000243305,0
ENSG00000243307,0
ENSG00000243312,4
ENSG00000243313,0
ENSG00000243314,0
ENSG00000243316,0
ENSG00000243317,4514
ENSG00000243319,0
ENSG00000243321,0
ENSG00000243323,7
ENSG00000243328,0
ENSG00000243333,0
ENSG00000243335,976
ENSG00000243338,0
ENSG00000243339,2
ENSG00000243345,0
ENSG00000243346,0
ENSG00000243347,0
ENSG00000243349,0
ENSG00000243350,26
ENSG00000243352,0
ENSG00000243353,0
ENSG00000243355,0
ENSG00000243359,0
ENSG00000243364,3722
ENSG00000243365,0
ENSG00000243366,0
ENSG00000243368,20
ENSG00000243370,0
ENSG00000243373,0
ENSG00000243374,0
ENSG00000243378,0
ENSG00000243383,0
ENSG00000243384,0
ENSG00000243385,0
ENSG00000243388,2
ENSG00000243389,7
ENSG00000243396,0
ENSG00000243398,1
ENSG00000243402,0
ENSG00000243403,5
ENSG00000243404,2
ENSG00000243406,11
ENSG00000243410,0
ENSG00000243414,3
ENSG00000243415,1
ENSG00000243417,0
ENSG00000243420,0
ENSG00000243422,7
ENSG00000243423,0
ENSG00000243424,0
ENSG00000243426,0
ENSG00000243429,29
ENSG00000243431,8
ENSG00000243433,1
ENSG00000243437,0
ENSG00000243438,0
ENSG00000243439,0
ENSG00000243440,3
ENSG00000243444,14
ENSG00000243445,3
ENSG00000243446,0
ENSG00000243449,91
ENSG00000243453,0
ENSG00000243455,3
ENSG00000243466,7413
ENSG00000243468,0
ENSG00000243469,0
ENSG00000243477,249
ENSG00000243478,1
ENSG00000243479,223
ENSG00000243480,1
ENSG00000243483,0
ENSG00000243485,0
ENSG00000243486,1
ENSG00000243488,0
ENSG00000243489,0
ENSG00000243491,3
ENSG00000243494,0
ENSG00000243495,0
ENSG00000243498,1
ENSG00000243499,0
ENSG00000243500,0
ENSG00000243501,0
ENSG00000243503,0
ENSG00000243504,0
ENSG00000243505,0
ENSG00000243507,0
ENSG00000243508,0
ENSG00000243509,0
ENSG00000243510,0
ENSG00000243514,0
ENSG00000243516,0
ENSG00000243517,11
ENSG00000243518,2
ENSG00000243519,1
ENSG00000243521,0
ENSG00000243531,0
ENSG00000243532,0
ENSG00000243537,9
ENSG00000243538,0
ENSG00000243539,0
ENSG00000243541,0
ENSG00000243543,8
ENSG00000243544,0
ENSG00000243546,0
ENSG00000243547,26
ENSG00000243548,0
ENSG00000243549,0
ENSG00000243550,4
ENSG00000243554,32
ENSG00000243560,4
ENSG00000243562,0
ENSG00000243566,13
ENSG00000243568,0
ENSG00000243572,0
ENSG00000243574,0
ENSG00000243581,0
ENSG00000243583,0
ENSG00000243584,0
ENSG00000243587,18
ENSG00000243591,0
ENSG00000243592,2
ENSG00000243593,0
ENSG00000243596,0
ENSG00000243601,0
ENSG00000243607,1
ENSG00000243609,0
ENSG00000243613,0
ENSG00000243620,3
ENSG00000243621,0
ENSG00000243627,0
ENSG00000243629,1
ENSG00000243633,0
ENSG00000243635,2
ENSG00000243636,0
ENSG00000243641,0
ENSG00000243642,2
ENSG00000243643,0
ENSG00000243646,2331
ENSG00000243648,2
ENSG00000243649,211
ENSG00000243650,5
ENSG00000243655,0
ENSG00000243658,0
ENSG00000243659,1
ENSG00000243660,273
ENSG00000243661,0
ENSG00000243663,20
ENSG00000243664,0
ENSG00000243667,175
ENSG00000243669,0
ENSG00000243671,0
ENSG00000243672,0
ENSG00000243674,0
ENSG00000243675,3
ENSG00000243678,1997
ENSG00000243679,236
ENSG00000243680,7
ENSG00000243686,0
ENSG00000243687,2
ENSG00000243694,0
ENSG00000243695,0
ENSG00000243696,20
ENSG00000243697,10
ENSG00000243700,0
ENSG00000243701,69
ENSG00000243702,0
ENSG00000243704,1
ENSG00000243705,0
ENSG00000243708,23
ENSG00000243709,2
ENSG00000243710,381
ENSG00000243711,0
ENSG00000243715,0
ENSG00000243716,97
ENSG00000243720,1
ENSG00000243721,7
ENSG00000243723,0
ENSG00000243725,268
ENSG00000243729,0
ENSG00000243730,0
ENSG00000243733,0
ENSG00000243738,2
ENSG00000243742,123
ENSG00000243744,5
ENSG00000243746,9
ENSG00000243749,149
ENSG00000243753,144
ENSG00000243758,0
ENSG00000243759,22
ENSG00000243761,0
ENSG00000243762,0
ENSG00000243766,0
ENSG00000243770,0
ENSG00000243771,0
ENSG00000243772,0
ENSG00000243775,1
ENSG00000243777,1
ENSG00000243779,1
ENSG00000243780,0
ENSG00000243781,0
ENSG00000243782,0
ENSG00000243789,7
ENSG00000243792,0
ENSG00000243794,0
ENSG00000243795,6
ENSG00000243797,3
ENSG00000243799,1
ENSG00000243801,0
ENSG00000243802,0
ENSG00000243806,5
ENSG00000243810,0
ENSG00000243811,130
ENSG00000243813,0
ENSG00000243817,0
ENSG00000243818,0
ENSG00000243819,98
ENSG00000243822,10
ENSG00000243824,1
ENSG00000243828,0
ENSG00000243829,9
ENSG00000243830,2
ENSG00000243831,1
ENSG00000243832,0
ENSG00000243836,22
ENSG00000243838,7
ENSG00000243844,0
ENSG00000243845,0
ENSG00000243847,3
ENSG00000243849,0
ENSG00000243853,0
ENSG00000243854,0
ENSG00000243855,0
ENSG00000243856,0
ENSG00000243859,2
ENSG00000243861,0
ENSG00000243864,0
ENSG00000243870,0
ENSG00000243871,1
ENSG00000243872,0
ENSG00000243873,0
ENSG00000243877,0
ENSG00000243883,0
ENSG00000243885,18
ENSG00000243886,0
ENSG00000243888,0
ENSG00000243889,0
ENSG00000243894,0
ENSG00000243896,36
ENSG00000243900,1
ENSG00000243902,5
ENSG00000243903,0
ENSG00000243904,3
ENSG00000243905,0
ENSG00000243910,9
ENSG00000243911,0
ENSG00000243914,0
ENSG00000243915,0
ENSG00000243916,0
ENSG00000243918,1
ENSG00000243920,0
ENSG00000243925,0
ENSG00000243926,30
ENSG00000243927,3705
ENSG00000243929,0
ENSG00000243930,0
ENSG00000243939,0
ENSG00000243943,898
ENSG00000243944,0
ENSG00000243945,0
ENSG00000243951,0
ENSG00000243953,1
ENSG00000243954,0
ENSG00000243955,763
ENSG00000243957,0
ENSG00000243959,0
ENSG00000243960,3
ENSG00000243961,7
ENSG00000243964,35
ENSG00000243967,0
ENSG00000243968,1
ENSG00000243969,0
ENSG00000243970,24
ENSG00000243974,13
ENSG00000243976,0
ENSG00000243977,1
ENSG00000243978,8
ENSG00000243979,1
ENSG00000243980,0
ENSG00000243981,25
ENSG00000243986,1
ENSG00000243988,2
ENSG00000243989,133
ENSG00000243991,0
ENSG00000243993,0
ENSG00000243995,0
ENSG00000244000,0
ENSG00000244002,2
ENSG00000244003,0
ENSG00000244004,0
ENSG00000244005,1364
ENSG00000244006,0
ENSG00000244009,4
ENSG00000244018,6
ENSG00000244019,0
ENSG00000244020,0
ENSG00000244021,3
ENSG00000244024,0
ENSG00000244025,0
ENSG00000244026,405
ENSG00000244031,0
ENSG00000244033,0
ENSG00000244034,0
ENSG00000244036,1
ENSG00000244038,15785
ENSG00000244039,0
ENSG00000244040,2
ENSG00000244041,85
ENSG00000244043,0
ENSG00000244044,0
ENSG00000244045,686
ENSG00000244048,0
ENSG00000244050,0
ENSG00000244052,6
ENSG00000244053,1
ENSG00000244055,16
ENSG00000244056,2
ENSG00000244057,0
ENSG00000244060,0
ENSG00000244061,0
ENSG00000244062,0
ENSG00000244063,3
ENSG00000244065,0
ENSG00000244066,0
ENSG00000244067,8
ENSG00000244071,2
ENSG00000244073,7
ENSG00000244076,0
ENSG00000244080,0
ENSG00000244081,0
ENSG00000244083,0
ENSG00000244086,8
ENSG00000244088,1
ENSG00000244089,0
ENSG00000244091,0
ENSG00000244094,0
ENSG00000244097,2
ENSG00000244099,0
ENSG00000244101,0
ENSG00000244104,1
ENSG00000244107,0
ENSG00000244112,0
ENSG00000244113,0
ENSG00000244115,0
ENSG00000244116,0
ENSG00000244119,14
ENSG00000244122,32
ENSG00000244124,2
ENSG00000244125,0
ENSG00000244128,0
ENSG00000244130,0
ENSG00000244131,0
ENSG00000244134,0
ENSG00000244137,3
ENSG00000244139,0
ENSG00000244142,0
ENSG00000244144,0
ENSG00000244146,0
ENSG00000244151,29
ENSG00000244153,0
ENSG00000244155,1
ENSG00000244157,0
ENSG00000244158,0
ENSG00000244159,0
ENSG00000244161,33
ENSG00000244165,244
ENSG00000244167,0
ENSG00000244169,0
ENSG00000244171,0
ENSG00000244176,1
ENSG00000244183,0
ENSG00000244184,18
ENSG00000244187,2002
ENSG00000244192,1
ENSG00000244193,0
ENSG00000244194,0
ENSG00000244196,1
ENSG00000244197,0
ENSG00000244198,31
ENSG00000244199,0
ENSG00000244203,9
ENSG00000244211,0
ENSG00000244213,0
ENSG00000244214,0
ENSG00000244215,5
ENSG00000244217,1
ENSG00000244218,2
ENSG00000244219,51
ENSG00000244222,0
ENSG00000244226,0
ENSG00000244227,2
ENSG00000244229,1
ENSG00000244230,0
ENSG00000244231,0
ENSG00000244232,1
ENSG00000244234,0
ENSG00000244235,0
ENSG00000244236,0
ENSG00000244237,0
ENSG00000244239,0
ENSG00000244242,456
ENSG00000244244,0
ENSG00000244245,1
ENSG00000244246,0
ENSG00000244247,0
ENSG00000244249,0
ENSG00000244251,2
ENSG00000244252,0
ENSG00000244253,0
ENSG00000244255,1
ENSG00000244256,14
ENSG00000244257,1
ENSG00000244259,0
ENSG00000244260,0
ENSG00000244264,0
ENSG00000244265,1
ENSG00000244266,0
ENSG00000244267,0
ENSG00000244268,0
ENSG00000244270,0
ENSG00000244273,1
ENSG00000244274,79
ENSG00000244278,0
ENSG00000244280,0
ENSG00000244281,0
ENSG00000244283,0
ENSG00000244286,1
ENSG00000244289,0
ENSG00000244292,0
ENSG00000244294,4
ENSG00000244295,0
ENSG00000244296,0
ENSG00000244297,0
ENSG00000244300,10
ENSG00000244301,1
ENSG00000244302,0
ENSG00000244306,75
ENSG00000244307,0
ENSG00000244308,3
ENSG00000244310,4
ENSG00000244313,743
ENSG00000244314,0
ENSG00000244318,0
ENSG00000244321,0
ENSG00000244326,0
ENSG00000244327,1
ENSG00000244328,0
ENSG00000244329,0
ENSG00000244331,2
ENSG00000244332,0
ENSG00000244335,0
ENSG00000244337,0
ENSG00000244342,0
ENSG00000244345,1
ENSG00000244346,2
ENSG00000244349,24
ENSG00000244355,0
ENSG00000244356,0
ENSG00000244357,4
ENSG00000244358,0
ENSG00000244361,0
ENSG00000244362,0
ENSG00000244363,12
ENSG00000244371,1
ENSG00000244372,0
ENSG00000244376,0
ENSG00000244378,2
ENSG00000244380,1
ENSG00000244381,3
ENSG00000244382,0
ENSG00000244383,0
ENSG00000244384,0
ENSG00000244389,0
ENSG00000244390,1
ENSG00000244391,0
ENSG00000244392,0
ENSG00000244395,0
ENSG00000244398,226
ENSG00000244399,0
ENSG00000244400,0
ENSG00000244402,4
ENSG00000244404,0
ENSG00000244405,674
ENSG00000244411,0
ENSG00000244413,1
ENSG00000244414,0
ENSG00000244422,0
ENSG00000244425,8
ENSG00000244427,0
ENSG00000244429,0
ENSG00000244432,0
ENSG00000244433,0
ENSG00000244436,0
ENSG00000244437,2418
ENSG00000244441,0
ENSG00000244451,1
ENSG00000244456,0
ENSG00000244457,0
ENSG00000244459,29
ENSG00000244461,0
ENSG00000244462,3731
ENSG00000244464,0
ENSG00000244468,3948
ENSG00000244470,0
ENSG00000244471,0
ENSG00000244474,2
ENSG00000244476,3
ENSG00000244479,111
ENSG00000244480,6
ENSG00000244482,40
ENSG00000244485,1
ENSG00000244486,558
ENSG00000244490,1
ENSG00000244491,0
ENSG00000244493,0
ENSG00000244501,0
ENSG00000244502,2
ENSG00000244503,1
ENSG00000244509,941
ENSG00000244510,0
ENSG00000244512,1
ENSG00000244513,30
ENSG00000244514,0
ENSG00000244515,9
ENSG00000244521,0
ENSG00000244527,2
ENSG00000244528,1
ENSG00000244532,0
ENSG00000244534,0
ENSG00000244535,2
ENSG00000244537,0
ENSG00000244538,21
ENSG00000244540,1
ENSG00000244541,0
ENSG00000244544,0
ENSG00000244545,0
ENSG00000244550,0
ENSG00000244551,0
ENSG00000244556,4
ENSG00000244558,9
ENSG00000244559,0
ENSG00000244560,34
ENSG00000244561,0
ENSG00000244563,0
ENSG00000244564,0
ENSG00000244565,0
ENSG00000244567,177
ENSG00000244568,0
ENSG00000244571,1
ENSG00000244573,2
ENSG00000244575,1532
ENSG00000244578,3
ENSG00000244582,0
ENSG00000244585,2
ENSG00000244586,9
ENSG00000244588,0
ENSG00000244593,0
ENSG00000244604,1
ENSG00000244607,47
ENSG00000244610,0
ENSG00000244615,0
ENSG00000244617,37
ENSG00000244618,0
ENSG00000244619,0
ENSG00000244620,4
ENSG00000244621,0
ENSG00000244623,3
ENSG00000244624,0
ENSG00000244625,77
ENSG00000244627,176
ENSG00000244630,0
ENSG00000244632,0
ENSG00000244640,0
ENSG00000244641,0
ENSG00000244642,1
ENSG00000244646,0
ENSG00000244649,3
ENSG00000244650,0
ENSG00000244652,0
ENSG00000244653,0
ENSG00000244657,0
ENSG00000244661,0
ENSG00000244662,0
ENSG00000244668,2
ENSG00000244669,0
ENSG00000244671,0
ENSG00000244674,0
ENSG00000244675,16
ENSG00000244676,1
ENSG00000244677,0
ENSG00000244681,0
ENSG00000244682,23
ENSG00000244687,2039
ENSG00000244691,2
ENSG00000244692,0
ENSG00000244693,14
ENSG00000244694,17
ENSG00000244699,28
ENSG00000244701,102
ENSG00000244703,0
ENSG00000244705,0
ENSG00000244706,0
ENSG00000244708,6
ENSG00000244710,1
ENSG00000244712,2
ENSG00000244716,13
ENSG00000244717,0
ENSG00000244720,1
ENSG00000244722,2
ENSG00000244723,1
ENSG00000244730,0
ENSG00000244731,402
ENSG00000244732,0
ENSG00000244733,4
ENSG00000244734,154
ENSG00000244738,0
ENSG00000244740,0
ENSG00000244743,0
ENSG00000244748,0
ENSG00000244752,6
ENSG00000244753,2
ENSG00000244754,2993
ENSG00000244756,0
ENSG00000244757,6
ENSG00000244791,2
ENSG00000244879,466
ENSG00000244921,4
ENSG00000244926,13
ENSG00000244932,14
ENSG00000244945,38
ENSG00000244952,6
ENSG00000244953,5
ENSG00000244968,294
ENSG00000244998,0
ENSG00000245008,0
ENSG00000245017,10
ENSG00000245025,14
ENSG00000245059,0
ENSG00000245060,1388
ENSG00000245067,0
ENSG00000245080,202
ENSG00000245105,29
ENSG00000245112,1
ENSG00000245146,50
ENSG00000245148,3
ENSG00000245149,48
ENSG00000245156,33
ENSG00000245164,109
ENSG00000245205,8
ENSG00000245213,38
ENSG00000245248,38
ENSG00000245261,0
ENSG00000245275,23
ENSG00000245281,23
ENSG00000245293,0
ENSG00000245311,0
ENSG00000245317,56
ENSG00000245322,0
ENSG00000245330,2
ENSG00000245384,1
ENSG00000245385,0
ENSG00000245466,1
ENSG00000245468,31
ENSG00000245479,2
ENSG00000245482,0
ENSG00000245498,16
ENSG00000245522,28
ENSG00000245526,1
ENSG00000245532,6196
ENSG00000245534,26
ENSG00000245552,20
ENSG00000245556,197
ENSG00000245571,234
ENSG00000245573,46
ENSG00000245598,4
ENSG00000245614,35
ENSG00000245648,7
ENSG00000245651,0
ENSG00000245662,99
ENSG00000245667,1
ENSG00000245680,505
ENSG00000245685,11
ENSG00000245688,0
ENSG00000245694,1245
ENSG00000245711,2
ENSG00000245719,1
ENSG00000245729,0
ENSG00000245748,7
ENSG00000245750,325
ENSG00000245768,0
ENSG00000245812,28
ENSG00000245832,1
ENSG00000245848,819
ENSG00000245849,180
ENSG00000245857,2
ENSG00000245864,0
ENSG00000245869,2
ENSG00000245870,0
ENSG00000245888,15
ENSG00000245904,14
ENSG00000245910,475
ENSG00000245928,1
ENSG00000245937,1714
ENSG00000245954,25
ENSG00000245958,426
ENSG00000245970,67
ENSG00000245975,28
ENSG00000246016,39
ENSG00000246022,5
ENSG00000246067,174
ENSG00000246082,105
ENSG00000246084,5
ENSG00000246089,144
ENSG00000246090,45
ENSG00000246095,0
ENSG00000246100,75
ENSG00000246115,0
ENSG00000246130,0
ENSG00000246145,1
ENSG00000246174,105
ENSG00000246203,33
ENSG00000246211,0
ENSG00000246214,8
ENSG00000246223,317
ENSG00000246225,2
ENSG00000246228,0
ENSG00000246250,5
ENSG00000246263,140
ENSG00000246273,145
ENSG00000246283,0
ENSG00000246308,99
ENSG00000246316,0
ENSG00000246323,3
ENSG00000246331,1
ENSG00000246334,13
ENSG00000246339,13
ENSG00000246350,0
ENSG00000246363,1
ENSG00000246366,4
ENSG00000246375,1
ENSG00000246379,2
ENSG00000246394,1
ENSG00000246422,0
ENSG00000246430,7
ENSG00000246448,0
ENSG00000246451,108
ENSG00000246465,20
ENSG00000246477,1
ENSG00000246523,71
ENSG00000246526,19
ENSG00000246528,0
ENSG00000246541,0
ENSG00000246548,2
ENSG00000246560,104
ENSG00000246575,141
ENSG00000246582,92
ENSG00000246596,10
ENSG00000246627,10
ENSG00000246640,7
ENSG00000246662,1
ENSG00000246695,119
ENSG00000246705,9631
ENSG00000246731,17
ENSG00000246740,10
ENSG00000246763,20
ENSG00000246774,0
ENSG00000246777,6
ENSG00000246790,8
ENSG00000246792,2
ENSG00000246820,0
ENSG00000246851,1
ENSG00000246859,65
ENSG00000246863,7
ENSG00000246876,8
ENSG00000246877,2
ENSG00000246889,43
ENSG00000246898,80
ENSG00000246922,84
ENSG00000246982,11
ENSG00000246985,31
ENSG00000247011,34
ENSG00000247033,0
ENSG00000247049,0
ENSG00000247077,4979
ENSG00000247081,39
ENSG00000247092,453
ENSG00000247095,93
ENSG00000247121,83
ENSG00000247130,0
ENSG00000247131,0
ENSG00000247134,9
ENSG00000247137,38
ENSG00000247151,5
ENSG00000247157,41
ENSG00000247193,0
ENSG00000247199,1
ENSG00000247213,1
ENSG00000247228,0
ENSG00000247240,158
ENSG00000247271,1101
ENSG00000247287,55
ENSG00000247311,2
ENSG00000247315,1553
ENSG00000247317,20
ENSG00000247324,5
ENSG00000247345,0
ENSG00000247363,10
ENSG00000247372,0
ENSG00000247373,99
ENSG00000247381,0
ENSG00000247400,549
ENSG00000247402,1
ENSG00000247416,1
ENSG00000247473,1
ENSG00000247498,98
ENSG00000247516,671
ENSG00000247556,4896
ENSG00000247570,1
ENSG00000247572,265
ENSG00000247595,36
ENSG00000247596,3307
ENSG00000247624,0
ENSG00000247626,434
ENSG00000247627,1679
ENSG00000247675,7
ENSG00000247679,116
ENSG00000247699,0
ENSG00000247708,45
ENSG00000247728,11
ENSG00000247732,0
ENSG00000247735,56
ENSG00000247746,678
ENSG00000247763,2
ENSG00000247765,3
ENSG00000247774,317
ENSG00000247775,1
ENSG00000247796,109
ENSG00000247809,20
ENSG00000247810,0
ENSG00000247828,190
ENSG00000247844,0
ENSG00000247853,61
ENSG00000247867,1
ENSG00000247872,2
ENSG00000247877,23
ENSG00000247903,386
ENSG00000247911,0
ENSG00000247925,1
ENSG00000247934,65
ENSG00000247950,61
ENSG00000247970,3
ENSG00000247982,49
ENSG00000247993,0
ENSG00000248008,483
ENSG00000248015,0
ENSG00000248019,41
ENSG00000248027,39
ENSG00000248029,1
ENSG00000248049,311
ENSG00000248050,1
ENSG00000248079,13
ENSG00000248092,154
ENSG00000248098,172
ENSG00000248099,13
ENSG00000248100,1
ENSG00000248101,0
ENSG00000248103,14
ENSG00000248104,0
ENSG00000248105,1
ENSG00000248106,0
ENSG00000248107,0
ENSG00000248109,0
ENSG00000248112,0
ENSG00000248113,1
ENSG00000248114,4
ENSG00000248115,1
ENSG00000248117,0
ENSG00000248118,118
ENSG00000248120,0
ENSG00000248121,0
ENSG00000248122,0
ENSG00000248124,34
ENSG00000248125,0
ENSG00000248126,10
ENSG00000248127,0
ENSG00000248128,0
ENSG00000248131,175
ENSG00000248132,0
ENSG00000248133,0
ENSG00000248134,0
ENSG00000248136,0
ENSG00000248137,0
ENSG00000248138,8
ENSG00000248139,0
ENSG00000248143,0
ENSG00000248144,32
ENSG00000248145,0
ENSG00000248148,0
ENSG00000248150,10
ENSG00000248152,0
ENSG00000248155,0
ENSG00000248156,0
ENSG00000248159,6
ENSG00000248160,0
ENSG00000248161,17
ENSG00000248162,0
ENSG00000248165,1
ENSG00000248167,2
ENSG00000248170,0
ENSG00000248172,0
ENSG00000248173,0
ENSG00000248174,0
ENSG00000248176,0
ENSG00000248180,3
ENSG00000248184,0
ENSG00000248185,1
ENSG00000248187,0
ENSG00000248188,0
ENSG00000248191,0
ENSG00000248192,0
ENSG00000248195,0
ENSG00000248196,0
ENSG00000248197,0
ENSG00000248199,0
ENSG00000248200,0
ENSG00000248202,0
ENSG00000248203,0
ENSG00000248205,0
ENSG00000248206,0
ENSG00000248208,1
ENSG00000248209,0
ENSG00000248210,1
ENSG00000248211,0
ENSG00000248213,4
ENSG00000248215,0
ENSG00000248216,0
ENSG00000248221,0
ENSG00000248222,0
ENSG00000248223,0
ENSG00000248227,0
ENSG00000248228,0
ENSG00000248229,0
ENSG00000248231,0
ENSG00000248234,0
ENSG00000248235,3
ENSG00000248236,0
ENSG00000248237,0
ENSG00000248238,12
ENSG00000248240,8
ENSG00000248242,1
ENSG00000248243,2
ENSG00000248245,2
ENSG00000248249,0
ENSG00000248254,0
ENSG00000248256,1
ENSG00000248257,0
ENSG00000248259,0
ENSG00000248261,0
ENSG00000248262,0
ENSG00000248265,55
ENSG00000248266,0
ENSG00000248268,11
ENSG00000248271,0
ENSG00000248275,282
ENSG00000248278,43
ENSG00000248279,0
ENSG00000248280,32
ENSG00000248281,0
ENSG00000248282,0
ENSG00000248283,0
ENSG00000248285,0
ENSG00000248286,0
ENSG00000248287,0
ENSG00000248288,0
ENSG00000248290,1
ENSG00000248293,0
ENSG00000248294,0
ENSG00000248295,0
ENSG00000248296,0
ENSG00000248300,0
ENSG00000248302,0
ENSG00000248305,0
ENSG00000248307,0
ENSG00000248308,0
ENSG00000248309,6
ENSG00000248311,0
ENSG00000248313,0
ENSG00000248315,0
ENSG00000248317,0
ENSG00000248318,0
ENSG00000248319,9
ENSG00000248320,0
ENSG00000248322,0
ENSG00000248323,7
ENSG00000248327,0
ENSG00000248328,0
ENSG00000248329,5
ENSG00000248330,0
ENSG00000248332,0
ENSG00000248333,1655
ENSG00000248334,36
ENSG00000248335,0
ENSG00000248336,1
ENSG00000248337,0
ENSG00000248338,0
ENSG00000248339,1
ENSG00000248340,0
ENSG00000248343,0
ENSG00000248345,0
ENSG00000248346,0
ENSG00000248347,1
ENSG00000248349,0
ENSG00000248350,0
ENSG00000248351,0
ENSG00000248355,0
ENSG00000248356,0
ENSG00000248358,0
ENSG00000248359,51
ENSG00000248360,137
ENSG00000248362,8
ENSG00000248363,3
ENSG00000248364,0
ENSG00000248365,0
ENSG00000248366,0
ENSG00000248367,17
ENSG00000248369,0
ENSG00000248370,1
ENSG00000248371,0
ENSG00000248373,1
ENSG00000248374,0
ENSG00000248375,25
ENSG00000248376,0
ENSG00000248377,1
ENSG00000248378,0
ENSG00000248383,5
ENSG00000248385,0
ENSG00000248387,1
ENSG00000248388,2
ENSG00000248391,0
ENSG00000248393,0
ENSG00000248394,9
ENSG00000248396,0
ENSG00000248397,0
ENSG00000248399,0
ENSG00000248400,0
ENSG00000248401,0
ENSG00000248403,0
ENSG00000248405,27
ENSG00000248406,0
ENSG00000248408,0
ENSG00000248409,2
ENSG00000248415,4
ENSG00000248416,0
ENSG00000248417,0
ENSG00000248418,0
ENSG00000248419,0
ENSG00000248420,0
ENSG00000248422,0
ENSG00000248423,0
ENSG00000248424,0
ENSG00000248425,0
ENSG00000248426,0
ENSG00000248428,3
ENSG00000248429,234
ENSG00000248430,0
ENSG00000248431,504
ENSG00000248432,0
ENSG00000248434,0
ENSG00000248439,0
ENSG00000248440,0
ENSG00000248441,21
ENSG00000248442,0
ENSG00000248443,0
ENSG00000248444,0
ENSG00000248445,19
ENSG00000248447,0
ENSG00000248448,0
ENSG00000248449,3
ENSG00000248452,1
ENSG00000248455,0
ENSG00000248456,0
ENSG00000248457,2
ENSG00000248458,1
ENSG00000248459,0
ENSG00000248461,0
ENSG00000248462,0
ENSG00000248464,1
ENSG00000248466,0
ENSG00000248467,0
ENSG00000248468,1
ENSG00000248469,0
ENSG00000248471,0
ENSG00000248472,0
ENSG00000248473,2
ENSG00000248474,0
ENSG00000248475,0
ENSG00000248476,7
ENSG00000248477,7
ENSG00000248478,0
ENSG00000248479,0
ENSG00000248480,0
ENSG00000248482,0
ENSG00000248483,1
ENSG00000248484,0
ENSG00000248485,27
ENSG00000248486,0
ENSG00000248487,430
ENSG00000248488,0
ENSG00000248489,13
ENSG00000248490,0
ENSG00000248491,1
ENSG00000248492,1
ENSG00000248493,0
ENSG00000248494,3
ENSG00000248498,5
ENSG00000248503,40
ENSG00000248505,0
ENSG00000248506,0
ENSG00000248507,0
ENSG00000248508,184
ENSG00000248510,0
ENSG00000248511,0
ENSG00000248514,1
ENSG00000248515,18
ENSG00000248516,3
ENSG00000248517,7
ENSG00000248518,0
ENSG00000248521,0
ENSG00000248522,1
ENSG00000248525,0
ENSG00000248527,14968
ENSG00000248528,5
ENSG00000248529,0
ENSG00000248530,0
ENSG00000248531,0
ENSG00000248532,0
ENSG00000248533,0
ENSG00000248537,1
ENSG00000248538,0
ENSG00000248539,0
ENSG00000248540,8
ENSG00000248542,0
ENSG00000248543,0
ENSG00000248544,2
ENSG00000248545,0
ENSG00000248546,0
ENSG00000248547,8
ENSG00000248548,0
ENSG00000248550,0
ENSG00000248551,0
ENSG00000248552,0
ENSG00000248553,0
ENSG00000248554,7
ENSG00000248555,0
ENSG00000248557,3
ENSG00000248559,15
ENSG00000248560,0
ENSG00000248564,1
ENSG00000248565,0
ENSG00000248567,0
ENSG00000248568,0
ENSG00000248569,46
ENSG00000248571,9
ENSG00000248572,0
ENSG00000248573,0
ENSG00000248574,0
ENSG00000248576,1
ENSG00000248577,0
ENSG00000248578,1
ENSG00000248583,1
ENSG00000248585,1
ENSG00000248586,0
ENSG00000248587,2
ENSG00000248588,0
ENSG00000248590,2
ENSG00000248591,0
ENSG00000248592,14
ENSG00000248593,56
ENSG00000248596,4
ENSG00000248597,1
ENSG00000248599,1
ENSG00000248600,0
ENSG00000248601,0
ENSG00000248605,0
ENSG00000248607,0
ENSG00000248608,0
ENSG00000248610,2
ENSG00000248611,0
ENSG00000248613,3
ENSG00000248616,0
ENSG00000248618,0
ENSG00000248621,0
ENSG00000248624,0
ENSG00000248625,0
ENSG00000248626,5
ENSG00000248627,0
ENSG00000248629,0
ENSG00000248632,7
ENSG00000248633,1
ENSG00000248634,1
ENSG00000248635,0
ENSG00000248636,4
ENSG00000248637,0
ENSG00000248639,1
ENSG00000248640,2
ENSG00000248641,7
ENSG00000248642,0
ENSG00000248643,103
ENSG00000248645,0
ENSG00000248646,0
ENSG00000248647,0
ENSG00000248648,4
ENSG00000248651,0
ENSG00000248652,1
ENSG00000248654,0
ENSG00000248656,0
ENSG00000248659,0
ENSG00000248660,0
ENSG00000248663,0
ENSG00000248664,6
ENSG00000248667,0
ENSG00000248668,13
ENSG00000248669,0
ENSG00000248671,15
ENSG00000248672,0
ENSG00000248673,1
ENSG00000248674,0
ENSG00000248676,0
ENSG00000248677,0
ENSG00000248682,0
ENSG00000248684,0
ENSG00000248685,109
ENSG00000248686,0
ENSG00000248687,0
ENSG00000248690,12
ENSG00000248692,0
ENSG00000248693,0
ENSG00000248694,0
ENSG00000248696,0
ENSG00000248697,1
ENSG00000248698,1
ENSG00000248699,0
ENSG00000248701,0
ENSG00000248702,0
ENSG00000248703,0
ENSG00000248704,0
ENSG00000248705,2
ENSG00000248708,0
ENSG00000248709,0
ENSG00000248710,0
ENSG00000248711,0
ENSG00000248712,34
ENSG00000248713,0
ENSG00000248714,1
ENSG00000248715,0
ENSG00000248716,0
ENSG00000248717,0
ENSG00000248719,0
ENSG00000248720,0
ENSG00000248722,0
ENSG00000248724,2
ENSG00000248725,0
ENSG00000248727,7
ENSG00000248729,0
ENSG00000248730,0
ENSG00000248733,0
ENSG00000248734,11
ENSG00000248735,0
ENSG00000248736,0
ENSG00000248738,0
ENSG00000248739,0
ENSG00000248740,0
ENSG00000248744,0
ENSG00000248745,0
ENSG00000248746,3
ENSG00000248747,0
ENSG00000248748,1
ENSG00000248749,0
ENSG00000248750,0
ENSG00000248751,0
ENSG00000248752,0
ENSG00000248753,2
ENSG00000248755,0
ENSG00000248757,2
ENSG00000248758,0
ENSG00000248761,0
ENSG00000248762,14
ENSG00000248763,0
ENSG00000248764,0
ENSG00000248765,0
ENSG00000248766,0
ENSG00000248767,0
ENSG00000248769,0
ENSG00000248770,0
ENSG00000248771,18
ENSG00000248772,0
ENSG00000248773,4
ENSG00000248774,11
ENSG00000248775,0
ENSG00000248777,0
ENSG00000248778,0
ENSG00000248779,1
ENSG00000248780,2
ENSG00000248781,0
ENSG00000248783,69
ENSG00000248785,2
ENSG00000248787,8
ENSG00000248789,0
ENSG00000248790,0
ENSG00000248791,0
ENSG00000248792,0
ENSG00000248794,2
ENSG00000248795,27
ENSG00000248796,14
ENSG00000248799,0
ENSG00000248801,1
ENSG00000248802,2
ENSG00000248803,0
ENSG00000248807,0
ENSG00000248809,1
ENSG00000248810,3
ENSG00000248813,0
ENSG00000248816,0
ENSG00000248817,4
ENSG00000248820,0
ENSG00000248821,0
ENSG00000248822,0
ENSG00000248824,0
ENSG00000248826,0
ENSG00000248827,0
ENSG00000248828,0
ENSG00000248830,2
ENSG00000248831,1
ENSG00000248834,0
ENSG00000248837,0
ENSG00000248838,0
ENSG00000248839,0
ENSG00000248840,0
ENSG00000248842,0
ENSG00000248843,0
ENSG00000248844,0
ENSG00000248846,1
ENSG00000248847,0
ENSG00000248848,0
ENSG00000248850,0
ENSG00000248851,0
ENSG00000248853,0
ENSG00000248854,1
ENSG00000248858,47
ENSG00000248859,1
ENSG00000248861,0
ENSG00000248863,4
ENSG00000248864,0
ENSG00000248866,122
ENSG00000248867,0
ENSG00000248869,2
ENSG00000248870,1
ENSG00000248871,0
ENSG00000248872,0
ENSG00000248873,6
ENSG00000248874,0
ENSG00000248876,0
ENSG00000248877,0
ENSG00000248878,0
ENSG00000248880,0
ENSG00000248881,0
ENSG00000248883,0
ENSG00000248884,21
ENSG00000248885,5
ENSG00000248886,0
ENSG00000248890,4
ENSG00000248891,0
ENSG00000248893,0
ENSG00000248895,0
ENSG00000248896,5
ENSG00000248898,0
ENSG00000248901,0
ENSG00000248903,0
ENSG00000248905,256
ENSG00000248907,0
ENSG00000248908,0
ENSG00000248909,1
ENSG00000248911,0
ENSG00000248912,0
ENSG00000248913,0
ENSG00000248915,0
ENSG00000248916,1
ENSG00000248918,0
ENSG00000248919,12
ENSG00000248920,0
ENSG00000248921,0
ENSG00000248923,10
ENSG00000248924,0
ENSG00000248925,59
ENSG00000248926,0
ENSG00000248927,1
ENSG00000248928,0
ENSG00000248929,0
ENSG00000248930,0
ENSG00000248931,0
ENSG00000248932,96
ENSG00000248933,0
ENSG00000248935,0
ENSG00000248936,0
ENSG00000248939,0
ENSG00000248942,0
ENSG00000248943,0
ENSG00000248944,0
ENSG00000248946,0
ENSG00000248949,0
ENSG00000248950,0
ENSG00000248951,0
ENSG00000248954,0
ENSG00000248955,1
ENSG00000248956,0
ENSG00000248958,0
ENSG00000248962,0
ENSG00000248964,146
ENSG00000248965,0
ENSG00000248966,2
ENSG00000248967,2
ENSG00000248968,3
ENSG00000248969,0
ENSG00000248971,19
ENSG00000248973,0
ENSG00000248975,0
ENSG00000248977,0
ENSG00000248978,0
ENSG00000248979,0
ENSG00000248980,0
ENSG00000248984,0
ENSG00000248986,0
ENSG00000248987,0
ENSG00000248988,30
ENSG00000248990,0
ENSG00000248991,1
ENSG00000248993,0
ENSG00000248994,8
ENSG00000248995,0
ENSG00000248996,16
ENSG00000248998,1
ENSG00000248999,0
ENSG00000249000,0
ENSG00000249001,0
ENSG00000249002,0
ENSG00000249003,0
ENSG00000249004,0
ENSG00000249005,0
ENSG00000249006,0
ENSG00000249007,22
ENSG00000249008,1
ENSG00000249012,2
ENSG00000249013,0
ENSG00000249014,11
ENSG00000249016,0
ENSG00000249017,0
ENSG00000249018,0
ENSG00000249019,3
ENSG00000249020,0
ENSG00000249021,0
ENSG00000249022,1
ENSG00000249023,0
ENSG00000249025,0
ENSG00000249026,8
ENSG00000249028,2
ENSG00000249031,1
ENSG00000249035,0
ENSG00000249036,0
ENSG00000249038,0
ENSG00000249041,0
ENSG00000249042,714
ENSG00000249045,0
ENSG00000249047,3
ENSG00000249048,0
ENSG00000249049,0
ENSG00000249050,0
ENSG00000249051,0
ENSG00000249052,0
ENSG00000249053,1
ENSG00000249054,0
ENSG00000249055,0
ENSG00000249056,0
ENSG00000249057,0
ENSG00000249061,0
ENSG00000249064,3
ENSG00000249065,0
ENSG00000249066,0
ENSG00000249068,1
ENSG00000249069,0
ENSG00000249071,0
ENSG00000249072,1
ENSG00000249073,0
ENSG00000249074,0
ENSG00000249077,0
ENSG00000249079,1
ENSG00000249081,0
ENSG00000249082,1
ENSG00000249084,1
ENSG00000249085,1
ENSG00000249086,0
ENSG00000249087,117
ENSG00000249089,0
ENSG00000249091,0
ENSG00000249092,1
ENSG00000249094,0
ENSG00000249096,17
ENSG00000249098,0
ENSG00000249099,0
ENSG00000249100,0
ENSG00000249101,0
ENSG00000249102,0
ENSG00000249104,0
ENSG00000249105,0
ENSG00000249106,0
ENSG00000249109,0
ENSG00000249111,0
ENSG00000249112,0
ENSG00000249114,0
ENSG00000249115,990
ENSG00000249116,144
ENSG00000249119,7
ENSG00000249122,0
ENSG00000249125,0
ENSG00000249127,0
ENSG00000249128,1
ENSG00000249129,13
ENSG00000249131,0
ENSG00000249135,0
ENSG00000249138,4
ENSG00000249139,1
ENSG00000249140,1
ENSG00000249141,17
ENSG00000249142,1
ENSG00000249145,0
ENSG00000249148,0
ENSG00000249149,0
ENSG00000249150,0
ENSG00000249152,0
ENSG00000249153,0
ENSG00000249156,0
ENSG00000249157,0
ENSG00000249158,79
ENSG00000249159,73
ENSG00000249160,0
ENSG00000249162,0
ENSG00000249163,2
ENSG00000249166,0
ENSG00000249167,0
ENSG00000249169,0
ENSG00000249170,0
ENSG00000249171,0
ENSG00000249173,20
ENSG00000249174,0
ENSG00000249175,0
ENSG00000249176,0
ENSG00000249177,0
ENSG00000249180,0
ENSG00000249183,0
ENSG00000249184,0
ENSG00000249186,0
ENSG00000249188,0
ENSG00000249189,1
ENSG00000249191,0
ENSG00000249192,0
ENSG00000249193,32
ENSG00000249196,2
ENSG00000249197,0
ENSG00000249198,1
ENSG00000249199,0
ENSG00000249200,0
ENSG00000249201,2
ENSG00000249203,0
ENSG00000249206,0
ENSG00000249207,0
ENSG00000249209,11
ENSG00000249210,2
ENSG00000249212,0
ENSG00000249213,0
ENSG00000249215,0
ENSG00000249216,0
ENSG00000249219,0
ENSG00000249222,1
ENSG00000249225,0
ENSG00000249226,6
ENSG00000249228,0
ENSG00000249229,0
ENSG00000249230,0
ENSG00000249231,7
ENSG00000249234,0
ENSG00000249235,0
ENSG00000249236,2
ENSG00000249237,0
ENSG00000249238,0
ENSG00000249239,0
ENSG00000249240,1
ENSG00000249241,0
ENSG00000249242,480
ENSG00000249244,11
ENSG00000249245,1
ENSG00000249247,0
ENSG00000249249,32
ENSG00000249251,0
ENSG00000249252,0
ENSG00000249253,0
ENSG00000249255,0
ENSG00000249256,1
ENSG00000249257,0
ENSG00000249258,2
ENSG00000249259,0
ENSG00000249261,0
ENSG00000249262,0
ENSG00000249263,1
ENSG00000249264,119
ENSG00000249265,0
ENSG00000249266,0
ENSG00000249267,37
ENSG00000249269,0
ENSG00000249270,0
ENSG00000249271,0
ENSG00000249272,1
ENSG00000249274,1
ENSG00000249275,0
ENSG00000249276,0
ENSG00000249277,0
ENSG00000249278,0
ENSG00000249279,6
ENSG00000249282,0
ENSG00000249283,0
ENSG00000249284,0
ENSG00000249285,0
ENSG00000249286,1
ENSG00000249287,0
ENSG00000249288,1
ENSG00000249289,0
ENSG00000249290,0
ENSG00000249293,0
ENSG00000249295,0
ENSG00000249297,0
ENSG00000249301,0
ENSG00000249302,1
ENSG00000249304,0
ENSG00000249305,0
ENSG00000249306,3
ENSG00000249307,18
ENSG00000249309,0
ENSG00000249310,0
ENSG00000249311,0
ENSG00000249312,2
ENSG00000249316,1
ENSG00000249317,0
ENSG00000249318,0
ENSG00000249319,8
ENSG00000249320,0
ENSG00000249321,0
ENSG00000249326,3
ENSG00000249328,1
ENSG00000249329,0
ENSG00000249330,0
ENSG00000249332,0
ENSG00000249333,0
ENSG00000249334,2
ENSG00000249335,0
ENSG00000249337,0
ENSG00000249338,0
ENSG00000249339,0
ENSG00000249341,0
ENSG00000249343,0
ENSG00000249345,32
ENSG00000249346,0
ENSG00000249347,0
ENSG00000249348,68
ENSG00000249349,0
ENSG00000249351,0
ENSG00000249352,2
ENSG00000249353,96
ENSG00000249357,0
ENSG00000249359,1
ENSG00000249360,1
ENSG00000249362,0
ENSG00000249363,0
ENSG00000249364,0
ENSG00000249365,0
ENSG00000249367,1
ENSG00000249368,0
ENSG00000249372,0
ENSG00000249373,0
ENSG00000249375,2
ENSG00000249378,17
ENSG00000249379,6
ENSG00000249380,0
ENSG00000249381,0
ENSG00000249382,0
ENSG00000249383,1
ENSG00000249386,0
ENSG00000249387,0
ENSG00000249388,2
ENSG00000249392,5
ENSG00000249395,0
ENSG00000249396,0
ENSG00000249400,0
ENSG00000249403,0
ENSG00000249404,0
ENSG00000249405,0
ENSG00000249406,1
ENSG00000249407,0
ENSG00000249409,0
ENSG00000249410,0
ENSG00000249411,0
ENSG00000249412,2
ENSG00000249413,1
ENSG00000249416,0
ENSG00000249417,0
ENSG00000249418,0
ENSG00000249419,1
ENSG00000249421,0
ENSG00000249423,0
ENSG00000249425,10
ENSG00000249426,0
ENSG00000249427,0
ENSG00000249428,1
ENSG00000249429,2
ENSG00000249430,213
ENSG00000249433,0
ENSG00000249435,0
ENSG00000249436,2
ENSG00000249437,16
ENSG00000249438,0
ENSG00000249439,1
ENSG00000249441,0
ENSG00000249443,0
ENSG00000249444,0
ENSG00000249446,0
ENSG00000249448,0
ENSG00000249449,0
ENSG00000249451,2
ENSG00000249452,0
ENSG00000249453,0
ENSG00000249454,0
ENSG00000249456,12
ENSG00000249458,0
ENSG00000249459,198
ENSG00000249460,0
ENSG00000249462,0
ENSG00000249463,1
ENSG00000249464,61
ENSG00000249465,2
ENSG00000249467,0
ENSG00000249471,163
ENSG00000249472,0
ENSG00000249474,0
ENSG00000249476,26
ENSG00000249478,0
ENSG00000249479,0
ENSG00000249481,0
ENSG00000249482,0
ENSG00000249483,0
ENSG00000249484,9
ENSG00000249485,37
ENSG00000249486,1
ENSG00000249487,3
ENSG00000249488,0
ENSG00000249489,1
ENSG00000249490,0
ENSG00000249491,0
ENSG00000249492,20
ENSG00000249493,0
ENSG00000249494,6
ENSG00000249495,0
ENSG00000249497,0
ENSG00000249500,0
ENSG00000249501,0
ENSG00000249502,2
ENSG00000249503,0
ENSG00000249504,0
ENSG00000249505,0
ENSG00000249506,5
ENSG00000249509,1
ENSG00000249510,0
ENSG00000249513,0
ENSG00000249514,0
ENSG00000249515,0
ENSG00000249516,1
ENSG00000249518,0
ENSG00000249519,0
ENSG00000249520,0
ENSG00000249521,1
ENSG00000249522,0
ENSG00000249525,0
ENSG00000249526,1
ENSG00000249531,0
ENSG00000249532,2
ENSG00000249534,0
ENSG00000249539,0
ENSG00000249540,0
ENSG00000249541,0
ENSG00000249542,0
ENSG00000249545,0
ENSG00000249547,0
ENSG00000249550,1
ENSG00000249551,0
ENSG00000249553,0
ENSG00000249555,0
ENSG00000249557,1
ENSG00000249558,0
ENSG00000249562,0
ENSG00000249563,0
ENSG00000249564,0
ENSG00000249565,7
ENSG00000249568,0
ENSG00000249572,78
ENSG00000249574,14
ENSG00000249577,0
ENSG00000249579,0
ENSG00000249580,0
ENSG00000249581,0
ENSG00000249582,0
ENSG00000249584,0
ENSG00000249588,0
ENSG00000249590,0
ENSG00000249592,41
ENSG00000249593,1
ENSG00000249599,0
ENSG00000249600,0
ENSG00000249601,0
ENSG00000249602,48
ENSG00000249604,0
ENSG00000249605,0
ENSG00000249606,0
ENSG00000249607,0
ENSG00000249609,2
ENSG00000249610,1
ENSG00000249613,0
ENSG00000249614,0
ENSG00000249616,0
ENSG00000249617,1
ENSG00000249618,5
ENSG00000249619,0
ENSG00000249620,0
ENSG00000249621,0
ENSG00000249623,0
ENSG00000249624,0
ENSG00000249626,157
ENSG00000249627,0
ENSG00000249628,9
ENSG00000249631,0
ENSG00000249633,0
ENSG00000249634,0
ENSG00000249635,1
ENSG00000249637,41
ENSG00000249638,0
ENSG00000249639,0
ENSG00000249641,124
ENSG00000249642,0
ENSG00000249645,0
ENSG00000249646,0
ENSG00000249647,1
ENSG00000249649,0
ENSG00000249650,2
ENSG00000249654,0
ENSG00000249655,2
ENSG00000249658,0
ENSG00000249661,23
ENSG00000249662,0
ENSG00000249664,1
ENSG00000249666,0
ENSG00000249667,0
ENSG00000249668,0
ENSG00000249669,56
ENSG00000249673,383
ENSG00000249675,0
ENSG00000249678,0
ENSG00000249679,21
ENSG00000249680,0
ENSG00000249681,0
ENSG00000249684,43
ENSG00000249685,1
ENSG00000249686,0
ENSG00000249688,0
ENSG00000249689,0
ENSG00000249690,0
ENSG00000249691,0
ENSG00000249692,0
ENSG00000249693,2
ENSG00000249695,0
ENSG00000249697,2
ENSG00000249698,0
ENSG00000249699,0
ENSG00000249700,158
ENSG00000249706,5
ENSG00000249708,0
ENSG00000249709,47
ENSG00000249710,0
ENSG00000249713,0
ENSG00000249715,10
ENSG00000249717,1
ENSG00000249721,2
ENSG00000249722,0
ENSG00000249725,0
ENSG00000249726,0
ENSG00000249727,0
ENSG00000249729,0
ENSG00000249730,0
ENSG00000249731,0
ENSG00000249734,1
ENSG00000249735,0
ENSG00000249736,0
ENSG00000249737,3
ENSG00000249738,1
ENSG00000249740,20
ENSG00000249741,7
ENSG00000249742,0
ENSG00000249743,0
ENSG00000249744,0
ENSG00000249745,1
ENSG00000249746,0
ENSG00000249747,0
ENSG00000249748,0
ENSG00000249751,130
ENSG00000249752,0
ENSG00000249753,7
ENSG00000249754,0
ENSG00000249755,0
ENSG00000249761,0
ENSG00000249763,0
ENSG00000249764,0
ENSG00000249766,0
ENSG00000249767,2
ENSG00000249768,0
ENSG00000249770,0
ENSG00000249771,0
ENSG00000249772,0
ENSG00000249773,9
ENSG00000249774,0
ENSG00000249776,0
ENSG00000249777,0
ENSG00000249778,0
ENSG00000249779,2
ENSG00000249780,5
ENSG00000249781,1
ENSG00000249782,0
ENSG00000249784,1
ENSG00000249785,4
ENSG00000249786,16
ENSG00000249787,1
ENSG00000249790,2
ENSG00000249791,4
ENSG00000249792,0
ENSG00000249795,0
ENSG00000249797,1
ENSG00000249798,1
ENSG00000249799,1
ENSG00000249803,0
ENSG00000249806,3
ENSG00000249807,7
ENSG00000249808,0
ENSG00000249811,0
ENSG00000249815,0
ENSG00000249816,0
ENSG00000249818,0
ENSG00000249819,0
ENSG00000249820,0
ENSG00000249825,34
ENSG00000249828,0
ENSG00000249829,1
ENSG00000249830,0
ENSG00000249831,0
ENSG00000249833,0
ENSG00000249834,0
ENSG00000249835,3
ENSG00000249837,0
ENSG00000249838,0
ENSG00000249839,0
ENSG00000249840,0
ENSG00000249842,0
ENSG00000249843,0
ENSG00000249844,0
ENSG00000249846,49
ENSG00000249847,0
ENSG00000249848,0
ENSG00000249849,0
ENSG00000249850,3
ENSG00000249851,0
ENSG00000249852,12
ENSG00000249853,0
ENSG00000249854,0
ENSG00000249855,82
ENSG00000249856,1
ENSG00000249857,0
ENSG00000249858,2
ENSG00000249859,405
ENSG00000249860,0
ENSG00000249861,0
ENSG00000249863,23
ENSG00000249865,0
ENSG00000249866,0
ENSG00000249867,0
ENSG00000249868,2
ENSG00000249869,0
ENSG00000249870,0
ENSG00000249873,0
ENSG00000249875,0
ENSG00000249876,0
ENSG00000249877,0
ENSG00000249878,0
ENSG00000249881,1
ENSG00000249882,0
ENSG00000249883,0
ENSG00000249884,2
ENSG00000249885,16
ENSG00000249887,0
ENSG00000249888,0
ENSG00000249889,2
ENSG00000249890,0
ENSG00000249891,0
ENSG00000249892,0
ENSG00000249893,0
ENSG00000249894,3
ENSG00000249896,3
ENSG00000249898,32
ENSG00000249899,1
ENSG00000249901,0
ENSG00000249904,0
ENSG00000249906,1
ENSG00000249908,6
ENSG00000249909,0
ENSG00000249910,0
ENSG00000249911,1
ENSG00000249912,0
ENSG00000249915,9076
ENSG00000249916,1
ENSG00000249917,3
ENSG00000249919,0
ENSG00000249920,1
ENSG00000249921,0
ENSG00000249923,2
ENSG00000249924,0
ENSG00000249926,0
ENSG00000249927,0
ENSG00000249928,0
ENSG00000249930,0
ENSG00000249931,1
ENSG00000249934,0
ENSG00000249936,76
ENSG00000249937,0
ENSG00000249941,0
ENSG00000249942,5
ENSG00000249943,0
ENSG00000249944,0
ENSG00000249945,0
ENSG00000249947,14
ENSG00000249948,3
ENSG00000249950,0
ENSG00000249951,0
ENSG00000249955,0
ENSG00000249956,18
ENSG00000249958,4
ENSG00000249959,0
ENSG00000249960,0
ENSG00000249961,26
ENSG00000249962,0
ENSG00000249963,0
ENSG00000249965,3
ENSG00000249966,0
ENSG00000249967,0
ENSG00000249970,0
ENSG00000249971,0
ENSG00000249973,1
ENSG00000249975,0
ENSG00000249976,0
ENSG00000249977,0
ENSG00000249978,4
ENSG00000249981,0
ENSG00000249982,1
ENSG00000249984,1
ENSG00000249985,0
ENSG00000249986,1
ENSG00000249987,0
ENSG00000249988,2
ENSG00000249990,0
ENSG00000249992,97
ENSG00000249993,4
ENSG00000249994,0
ENSG00000249995,0
ENSG00000249996,13
ENSG00000249997,0
ENSG00000249998,0
ENSG00000250001,0
ENSG00000250003,0
ENSG00000250006,0
ENSG00000250007,0
ENSG00000250011,3
ENSG00000250012,9
ENSG00000250013,0
ENSG00000250015,4
ENSG00000250016,0
ENSG00000250017,0
ENSG00000250020,0
ENSG00000250021,22
ENSG00000250024,0
ENSG00000250025,0
ENSG00000250026,0
ENSG00000250027,5
ENSG00000250030,0
ENSG00000250031,0
ENSG00000250032,0
ENSG00000250033,0
ENSG00000250034,0
ENSG00000250036,0
ENSG00000250037,1
ENSG00000250038,1
ENSG00000250039,2
ENSG00000250040,0
ENSG00000250041,7
ENSG00000250042,0
ENSG00000250043,0
ENSG00000250045,0
ENSG00000250046,1
ENSG00000250048,1
ENSG00000250049,0
ENSG00000250050,1
ENSG00000250053,0
ENSG00000250055,0
ENSG00000250056,82
ENSG00000250057,1
ENSG00000250060,75
ENSG00000250061,0
ENSG00000250062,1
ENSG00000250064,0
ENSG00000250066,0
ENSG00000250067,164
ENSG00000250068,9
ENSG00000250069,1
ENSG00000250071,0
ENSG00000250072,0
ENSG00000250073,20
ENSG00000250074,0
ENSG00000250075,4
ENSG00000250076,1
ENSG00000250078,0
ENSG00000250079,8
ENSG00000250080,0
ENSG00000250081,8
ENSG00000250082,0
ENSG00000250084,0
ENSG00000250088,0
ENSG00000250090,0
ENSG00000250091,58
ENSG00000250092,0
ENSG00000250095,0
ENSG00000250098,0
ENSG00000250099,0
ENSG00000250100,0
ENSG00000250101,0
ENSG00000250102,0
ENSG00000250103,0
ENSG00000250105,0
ENSG00000250106,0
ENSG00000250107,1
ENSG00000250111,0
ENSG00000250114,0
ENSG00000250115,0
ENSG00000250116,7
ENSG00000250118,0
ENSG00000250120,53
ENSG00000250122,0
ENSG00000250124,0
ENSG00000250125,0
ENSG00000250126,0
ENSG00000250127,0
ENSG00000250129,2
ENSG00000250130,1
ENSG00000250131,12
ENSG00000250132,212
ENSG00000250133,242
ENSG00000250135,0
ENSG00000250137,0
ENSG00000250138,13
ENSG00000250140,2
ENSG00000250141,0
ENSG00000250144,4
ENSG00000250145,0
ENSG00000250147,0
ENSG00000250148,1
ENSG00000250149,0
ENSG00000250150,0
ENSG00000250151,10
ENSG00000250155,16
ENSG00000250156,0
ENSG00000250158,0
ENSG00000250159,11
ENSG00000250161,0
ENSG00000250162,0
ENSG00000250164,0
ENSG00000250166,0
ENSG00000250167,0
ENSG00000250169,0
ENSG00000250170,0
ENSG00000250173,0
ENSG00000250174,0
ENSG00000250180,0
ENSG00000250182,127
ENSG00000250183,0
ENSG00000250185,0
ENSG00000250186,0
ENSG00000250189,0
ENSG00000250190,0
ENSG00000250191,0
ENSG00000250192,0
ENSG00000250193,0
ENSG00000250194,0
ENSG00000250195,0
ENSG00000250197,0
ENSG00000250198,0
ENSG00000250200,0
ENSG00000250202,0
ENSG00000250204,0
ENSG00000250205,0
ENSG00000250207,0
ENSG00000250208,52
ENSG00000250210,0
ENSG00000250213,0
ENSG00000250214,0
ENSG00000250215,1
ENSG00000250218,0
ENSG00000250219,1
ENSG00000250220,49
ENSG00000250221,5
ENSG00000250222,28
ENSG00000250223,0
ENSG00000250227,0
ENSG00000250229,0
ENSG00000250230,5
ENSG00000250231,0
ENSG00000250232,3
ENSG00000250234,0
ENSG00000250237,3
ENSG00000250238,0
ENSG00000250240,0
ENSG00000250241,0
ENSG00000250242,0
ENSG00000250243,0
ENSG00000250244,4
ENSG00000250247,0
ENSG00000250249,0
ENSG00000250250,0
ENSG00000250251,84
ENSG00000250252,0
ENSG00000250253,0
ENSG00000250254,1
ENSG00000250256,1
ENSG00000250257,0
ENSG00000250258,0
ENSG00000250259,0
ENSG00000250260,2
ENSG00000250261,0
ENSG00000250263,0
ENSG00000250264,3
ENSG00000250266,0
ENSG00000250267,0
ENSG00000250268,0
ENSG00000250271,0
ENSG00000250272,0
ENSG00000250273,0
ENSG00000250274,3
ENSG00000250277,0
ENSG00000250280,0
ENSG00000250282,0
ENSG00000250284,0
ENSG00000250286,0
ENSG00000250289,0
ENSG00000250290,1
ENSG00000250292,0
ENSG00000250293,0
ENSG00000250295,1
ENSG00000250296,0
ENSG00000250298,0
ENSG00000250299,14
ENSG00000250300,0
ENSG00000250302,0
ENSG00000250303,23
ENSG00000250304,0
ENSG00000250305,90
ENSG00000250306,0
ENSG00000250307,0
ENSG00000250308,0
ENSG00000250309,0
ENSG00000250310,0
ENSG00000250312,111
ENSG00000250313,0
ENSG00000250315,1
ENSG00000250316,0
ENSG00000250317,161
ENSG00000250318,131
ENSG00000250319,0
ENSG00000250320,3
ENSG00000250321,3
ENSG00000250322,0
ENSG00000250324,0
ENSG00000250325,0
ENSG00000250326,10
ENSG00000250327,3
ENSG00000250328,9
ENSG00000250329,6
ENSG00000250330,0
ENSG00000250331,2
ENSG00000250332,0
ENSG00000250333,0
ENSG00000250334,1
ENSG00000250337,0
ENSG00000250338,0
ENSG00000250339,0
ENSG00000250340,0
ENSG00000250341,0
ENSG00000250342,0
ENSG00000250343,1
ENSG00000250344,0
ENSG00000250345,0
ENSG00000250346,1
ENSG00000250347,1
ENSG00000250348,0
ENSG00000250349,0
ENSG00000250350,0
ENSG00000250351,0
ENSG00000250354,0
ENSG00000250355,0
ENSG00000250356,0
ENSG00000250357,0
ENSG00000250358,0
ENSG00000250359,0
ENSG00000250360,0
ENSG00000250361,0
ENSG00000250362,2
ENSG00000250363,0
ENSG00000250365,19
ENSG00000250366,10
ENSG00000250371,1
ENSG00000250372,0
ENSG00000250374,1
ENSG00000250375,1
ENSG00000250376,0
ENSG00000250377,0
ENSG00000250378,3
ENSG00000250379,0
ENSG00000250381,0
ENSG00000250383,2
ENSG00000250384,0
ENSG00000250385,0
ENSG00000250386,0
ENSG00000250387,11
ENSG00000250389,0
ENSG00000250390,1
ENSG00000250391,0
ENSG00000250392,0
ENSG00000250393,0
ENSG00000250397,17
ENSG00000250398,0
ENSG00000250400,0
ENSG00000250402,0
ENSG00000250403,0
ENSG00000250404,15
ENSG00000250405,0
ENSG00000250406,0
ENSG00000250407,0
ENSG00000250409,0
ENSG00000250410,3
ENSG00000250411,0
ENSG00000250412,9
ENSG00000250413,20
ENSG00000250415,0
ENSG00000250416,0
ENSG00000250417,0
ENSG00000250418,0
ENSG00000250420,12
ENSG00000250421,1
ENSG00000250422,0
ENSG00000250423,5
ENSG00000250424,5
ENSG00000250425,0
ENSG00000250426,0
ENSG00000250427,1
ENSG00000250428,0
ENSG00000250430,0
ENSG00000250431,0
ENSG00000250432,3
ENSG00000250433,1
ENSG00000250436,0
ENSG00000250437,0
ENSG00000250438,0
ENSG00000250441,0
ENSG00000250442,0
ENSG00000250444,13
ENSG00000250446,0
ENSG00000250447,1
ENSG00000250448,1
ENSG00000250451,98
ENSG00000250453,25
ENSG00000250455,0
ENSG00000250456,0
ENSG00000250458,0
ENSG00000250461,21
ENSG00000250462,252
ENSG00000250464,0
ENSG00000250467,0
ENSG00000250470,12
ENSG00000250471,2
ENSG00000250472,1
ENSG00000250473,0
ENSG00000250474,29
ENSG00000250475,0
ENSG00000250476,1
ENSG00000250479,977
ENSG00000250480,0
ENSG00000250481,0
ENSG00000250482,0
ENSG00000250483,2
ENSG00000250484,0
ENSG00000250485,0
ENSG00000250486,10
ENSG00000250488,40
ENSG00000250490,19
ENSG00000250492,1
ENSG00000250493,0
ENSG00000250494,0
ENSG00000250496,0
ENSG00000250497,0
ENSG00000250500,2
ENSG00000250501,0
ENSG00000250503,0
ENSG00000250504,0
ENSG00000250505,0
ENSG00000250506,18
ENSG00000250507,0
ENSG00000250508,78
ENSG00000250509,3
ENSG00000250510,78
ENSG00000250511,0
ENSG00000250514,0
ENSG00000250515,0
ENSG00000250516,0
ENSG00000250517,0
ENSG00000250519,13
ENSG00000250522,1
ENSG00000250523,2
ENSG00000250524,0
ENSG00000250526,0
ENSG00000250529,0
ENSG00000250532,0
ENSG00000250535,0
ENSG00000250536,2
ENSG00000250538,11
ENSG00000250539,14
ENSG00000250540,0
ENSG00000250541,0
ENSG00000250543,0
ENSG00000250544,0
ENSG00000250546,0
ENSG00000250547,0
ENSG00000250548,8
ENSG00000250550,0
ENSG00000250551,6
ENSG00000250555,0
ENSG00000250556,0
ENSG00000250558,0
ENSG00000250560,0
ENSG00000250561,0
ENSG00000250562,0
ENSG00000250563,13
ENSG00000250564,2
ENSG00000250565,413
ENSG00000250566,0
ENSG00000250567,1
ENSG00000250568,4
ENSG00000250569,10
ENSG00000250571,416
ENSG00000250572,0
ENSG00000250573,0
ENSG00000250574,0
ENSG00000250575,0
ENSG00000250576,0
ENSG00000250577,0
ENSG00000250579,0
ENSG00000250580,0
ENSG00000250582,0
ENSG00000250583,0
ENSG00000250584,2
ENSG00000250585,0
ENSG00000250587,0
ENSG00000250588,32
ENSG00000250590,51
ENSG00000250591,0
ENSG00000250592,0
ENSG00000250594,0
ENSG00000250596,0
ENSG00000250597,0
ENSG00000250599,0
ENSG00000250600,1
ENSG00000250602,20
ENSG00000250603,0
ENSG00000250604,0
ENSG00000250608,16
ENSG00000250609,0
ENSG00000250611,0
ENSG00000250612,0
ENSG00000250613,0
ENSG00000250614,0
ENSG00000250615,0
ENSG00000250616,254
ENSG00000250618,0
ENSG00000250619,0
ENSG00000250620,11
ENSG00000250622,0
ENSG00000250623,0
ENSG00000250624,0
ENSG00000250625,0
ENSG00000250626,0
ENSG00000250627,0
ENSG00000250629,1
ENSG00000250630,0
ENSG00000250632,0
ENSG00000250634,0
ENSG00000250635,0
ENSG00000250636,0
ENSG00000250637,0
ENSG00000250640,0
ENSG00000250641,1
ENSG00000250642,0
ENSG00000250643,1
ENSG00000250644,24
ENSG00000250645,0
ENSG00000250646,0
ENSG00000250650,0
ENSG00000250651,1
ENSG00000250654,13
ENSG00000250655,0
ENSG00000250656,3
ENSG00000250657,0
ENSG00000250658,0
ENSG00000250659,1
ENSG00000250662,0
ENSG00000250665,0
ENSG00000250666,0
ENSG00000250667,0
ENSG00000250668,0
ENSG00000250669,0
ENSG00000250670,0
ENSG00000250672,0
ENSG00000250673,5
ENSG00000250674,0
ENSG00000250677,0
ENSG00000250678,0
ENSG00000250681,0
ENSG00000250682,0
ENSG00000250684,0
ENSG00000250685,1
ENSG00000250686,1
ENSG00000250687,2
ENSG00000250688,0
ENSG00000250692,0
ENSG00000250693,0
ENSG00000250694,0
ENSG00000250696,105
ENSG00000250697,3
ENSG00000250698,0
ENSG00000250699,1
ENSG00000250703,0
ENSG00000250704,0
ENSG00000250705,1
ENSG00000250706,0
ENSG00000250708,0
ENSG00000250709,0
ENSG00000250710,0
ENSG00000250711,0
ENSG00000250712,0
ENSG00000250714,0
ENSG00000250715,0
ENSG00000250716,1
ENSG00000250719,0
ENSG00000250721,0
ENSG00000250722,2994
ENSG00000250723,0
ENSG00000250725,0
ENSG00000250726,0
ENSG00000250727,1
ENSG00000250728,0
ENSG00000250730,0
ENSG00000250731,25
ENSG00000250732,0
ENSG00000250733,0
ENSG00000250734,2
ENSG00000250735,2
ENSG00000250739,0
ENSG00000250740,5
ENSG00000250741,0
ENSG00000250742,204
ENSG00000250745,0
ENSG00000250746,6
ENSG00000250747,0
ENSG00000250748,1
ENSG00000250749,0
ENSG00000250750,0
ENSG00000250751,0
ENSG00000250752,1
ENSG00000250753,10
ENSG00000250754,0
ENSG00000250756,0
ENSG00000250760,0
ENSG00000250761,6
ENSG00000250762,6
ENSG00000250764,10
ENSG00000250765,0
ENSG00000250767,0
ENSG00000250768,0
ENSG00000250769,2
ENSG00000250770,3
ENSG00000250771,21
ENSG00000250772,0
ENSG00000250775,0
ENSG00000250777,0
ENSG00000250778,0
ENSG00000250781,0
ENSG00000250782,0
ENSG00000250786,36
ENSG00000250787,0
ENSG00000250788,0
ENSG00000250790,15
ENSG00000250791,0
ENSG00000250794,7
ENSG00000250796,2
ENSG00000250799,0
ENSG00000250801,0
ENSG00000250802,47
ENSG00000250803,0
ENSG00000250804,0
ENSG00000250806,0
ENSG00000250807,0
ENSG00000250808,0
ENSG00000250812,0
ENSG00000250813,0
ENSG00000250814,0
ENSG00000250815,2
ENSG00000250816,0
ENSG00000250819,0
ENSG00000250820,0
ENSG00000250821,0
ENSG00000250822,0
ENSG00000250825,0
ENSG00000250826,2
ENSG00000250827,0
ENSG00000250828,0
ENSG00000250829,0
ENSG00000250830,0
ENSG00000250831,0
ENSG00000250833,0
ENSG00000250834,0
ENSG00000250835,0
ENSG00000250838,0
ENSG00000250839,0
ENSG00000250842,0
ENSG00000250844,0
ENSG00000250846,0
ENSG00000250847,0
ENSG00000250848,19
ENSG00000250850,0
ENSG00000250853,3
ENSG00000250855,0
ENSG00000250857,0
ENSG00000250858,0
ENSG00000250859,46
ENSG00000250860,2
ENSG00000250862,0
ENSG00000250863,0
ENSG00000250865,0
ENSG00000250866,0
ENSG00000250868,0
ENSG00000250869,2
ENSG00000250874,56
ENSG00000250877,0
ENSG00000250878,2
ENSG00000250882,1
ENSG00000250884,0
ENSG00000250885,0
ENSG00000250886,2
ENSG00000250887,0
ENSG00000250888,0
ENSG00000250889,2
ENSG00000250890,0
ENSG00000250891,5
ENSG00000250892,35
ENSG00000250893,5
ENSG00000250894,0
ENSG00000250895,0
ENSG00000250896,19
ENSG00000250897,0
ENSG00000250899,177
ENSG00000250900,0
ENSG00000250902,0
ENSG00000250903,123
ENSG00000250905,0
ENSG00000250906,1
ENSG00000250908,0
ENSG00000250909,8
ENSG00000250910,0
ENSG00000250913,0
ENSG00000250914,0
ENSG00000250915,0
ENSG00000250917,3
ENSG00000250919,0
ENSG00000250920,0
ENSG00000250921,0
ENSG00000250922,0
ENSG00000250923,1
ENSG00000250927,0
ENSG00000250928,0
ENSG00000250929,0
ENSG00000250930,0
ENSG00000250933,1
ENSG00000250934,7
ENSG00000250938,1
ENSG00000250939,0
ENSG00000250940,0
ENSG00000250942,2
ENSG00000250945,0
ENSG00000250946,0
ENSG00000250947,0
ENSG00000250948,1
ENSG00000250949,0
ENSG00000250950,7
ENSG00000250951,0
ENSG00000250954,2
ENSG00000250955,0
ENSG00000250956,1
ENSG00000250957,0
ENSG00000250958,0
ENSG00000250959,46
ENSG00000250961,5
ENSG00000250962,0
ENSG00000250966,176
ENSG00000250968,0
ENSG00000250969,0
ENSG00000250971,1
ENSG00000250972,0
ENSG00000250973,0
ENSG00000250974,4
ENSG00000250976,0
ENSG00000250977,0
ENSG00000250978,0
ENSG00000250979,0
ENSG00000250980,0
ENSG00000250981,0
ENSG00000250982,11
ENSG00000250983,0
ENSG00000250984,0
ENSG00000250986,58
ENSG00000250988,45
ENSG00000250989,0
ENSG00000250990,4
ENSG00000250992,0
ENSG00000250993,0
ENSG00000250994,0
ENSG00000250995,5
ENSG00000250997,3
ENSG00000250999,9
ENSG00000251000,7
ENSG00000251001,0
ENSG00000251002,29
ENSG00000251003,2
ENSG00000251005,0
ENSG00000251008,1
ENSG00000251009,2
ENSG00000251010,0
ENSG00000251011,0
ENSG00000251012,0
ENSG00000251013,1
ENSG00000251014,0
ENSG00000251015,7
ENSG00000251017,0
ENSG00000251018,0
ENSG00000251019,0
ENSG00000251022,292
ENSG00000251023,20
ENSG00000251024,0
ENSG00000251025,0
ENSG00000251026,35
ENSG00000251027,0
ENSG00000251031,0
ENSG00000251032,0
ENSG00000251033,0
ENSG00000251034,21
ENSG00000251035,0
ENSG00000251038,0
ENSG00000251039,1327
ENSG00000251040,0
ENSG00000251041,0
ENSG00000251044,0
ENSG00000251045,0
ENSG00000251046,0
ENSG00000251048,0
ENSG00000251049,0
ENSG00000251050,2
ENSG00000251051,0
ENSG00000251054,0
ENSG00000251055,0
ENSG00000251056,5
ENSG00000251058,0
ENSG00000251059,0
ENSG00000251061,0
ENSG00000251062,0
ENSG00000251066,2
ENSG00000251072,1
ENSG00000251073,3
ENSG00000251074,0
ENSG00000251075,0
ENSG00000251076,0
ENSG00000251078,0
ENSG00000251079,1
ENSG00000251080,0
ENSG00000251081,0
ENSG00000251085,1
ENSG00000251087,0
ENSG00000251088,0
ENSG00000251090,0
ENSG00000251093,0
ENSG00000251095,3
ENSG00000251099,0
ENSG00000251101,0
ENSG00000251102,5
ENSG00000251105,0
ENSG00000251106,0
ENSG00000251107,1
ENSG00000251108,1
ENSG00000251111,1
ENSG00000251112,0
ENSG00000251113,0
ENSG00000251118,1
ENSG00000251122,0
ENSG00000251123,1
ENSG00000251125,0
ENSG00000251126,0
ENSG00000251127,0
ENSG00000251128,1
ENSG00000251129,0
ENSG00000251131,4
ENSG00000251132,0
ENSG00000251135,0
ENSG00000251136,158
ENSG00000251137,0
ENSG00000251138,21
ENSG00000251139,4
ENSG00000251141,11
ENSG00000251142,0
ENSG00000251143,25
ENSG00000251144,3
ENSG00000251147,0
ENSG00000251148,0
ENSG00000251149,0
ENSG00000251151,262
ENSG00000251152,0
ENSG00000251154,0
ENSG00000251155,0
ENSG00000251158,0
ENSG00000251159,0
ENSG00000251161,44
ENSG00000251162,0
ENSG00000251163,0
ENSG00000251164,0
ENSG00000251165,1
ENSG00000251166,0
ENSG00000251168,10
ENSG00000251169,1
ENSG00000251170,0
ENSG00000251171,0
ENSG00000251172,0
ENSG00000251173,0
ENSG00000251174,0
ENSG00000251175,2
ENSG00000251176,0
ENSG00000251177,0
ENSG00000251178,0
ENSG00000251179,12
ENSG00000251182,0
ENSG00000251183,0
ENSG00000251184,0
ENSG00000251185,1
ENSG00000251186,2
ENSG00000251187,5
ENSG00000251188,10
ENSG00000251189,0
ENSG00000251191,58
ENSG00000251192,207
ENSG00000251193,0
ENSG00000251194,2
ENSG00000251195,0
ENSG00000251196,0
ENSG00000251199,0
ENSG00000251200,0
ENSG00000251201,16
ENSG00000251203,0
ENSG00000251204,0
ENSG00000251205,0
ENSG00000251206,0
ENSG00000251209,0
ENSG00000251210,0
ENSG00000251211,18
ENSG00000251212,0
ENSG00000251213,0
ENSG00000251214,0
ENSG00000251215,0
ENSG00000251216,0
ENSG00000251218,0
ENSG00000251219,0
ENSG00000251220,0
ENSG00000251221,4
ENSG00000251223,0
ENSG00000251224,0
ENSG00000251226,151
ENSG00000251228,0
ENSG00000251229,0
ENSG00000251230,1
ENSG00000251234,5
ENSG00000251235,0
ENSG00000251236,0
ENSG00000251237,0
ENSG00000251239,0
ENSG00000251243,0
ENSG00000251244,0
ENSG00000251246,0
ENSG00000251247,185
ENSG00000251248,0
ENSG00000251249,0
ENSG00000251250,0
ENSG00000251252,0
ENSG00000251253,0
ENSG00000251254,0
ENSG00000251256,0
ENSG00000251257,2
ENSG00000251258,1
ENSG00000251259,9
ENSG00000251260,0
ENSG00000251261,0
ENSG00000251264,0
ENSG00000251266,0
ENSG00000251270,0
ENSG00000251271,17
ENSG00000251273,345
ENSG00000251275,0
ENSG00000251276,0
ENSG00000251278,0
ENSG00000251279,4
ENSG00000251281,1
ENSG00000251283,0
ENSG00000251284,0
ENSG00000251285,0
ENSG00000251286,0
ENSG00000251287,29
ENSG00000251288,1
ENSG00000251291,0
ENSG00000251292,0
ENSG00000251293,0
ENSG00000251294,0
ENSG00000251296,0
ENSG00000251297,7
ENSG00000251298,1
ENSG00000251299,0
ENSG00000251300,0
ENSG00000251301,36
ENSG00000251303,0
ENSG00000251304,0
ENSG00000251306,0
ENSG00000251307,17
ENSG00000251308,0
ENSG00000251309,1
ENSG00000251310,0
ENSG00000251311,0
ENSG00000251312,0
ENSG00000251313,0
ENSG00000251314,4
ENSG00000251317,0
ENSG00000251320,5
ENSG00000251321,0
ENSG00000251322,863
ENSG00000251323,5
ENSG00000251324,0
ENSG00000251325,0
ENSG00000251326,0
ENSG00000251329,0
ENSG00000251330,6
ENSG00000251331,1
ENSG00000251332,0
ENSG00000251333,7
ENSG00000251334,0
ENSG00000251336,0
ENSG00000251338,0
ENSG00000251339,0
ENSG00000251340,2
ENSG00000251342,0
ENSG00000251345,0
ENSG00000251347,0
ENSG00000251348,3
ENSG00000251349,0
ENSG00000251350,1
ENSG00000251352,0
ENSG00000251353,0
ENSG00000251354,0
ENSG00000251356,0
ENSG00000251357,2
ENSG00000251359,22
ENSG00000251360,0
ENSG00000251361,1
ENSG00000251363,80
ENSG00000251364,30
ENSG00000251365,5
ENSG00000251366,0
ENSG00000251367,0
ENSG00000251368,0
ENSG00000251369,344
ENSG00000251370,0
ENSG00000251371,0
ENSG00000251372,0
ENSG00000251373,0
ENSG00000251374,0
ENSG00000251376,0
ENSG00000251377,6
ENSG00000251378,0
ENSG00000251379,2
ENSG00000251380,0
ENSG00000251381,23
ENSG00000251383,0
ENSG00000251385,0
ENSG00000251387,0
ENSG00000251388,0
ENSG00000251389,0
ENSG00000251391,0
ENSG00000251393,7
ENSG00000251395,0
ENSG00000251396,20
ENSG00000251398,0
ENSG00000251399,0
ENSG00000251400,9
ENSG00000251401,0
ENSG00000251402,2
ENSG00000251405,4
ENSG00000251407,0
ENSG00000251408,3
ENSG00000251409,0
ENSG00000251410,0
ENSG00000251411,20
ENSG00000251412,0
ENSG00000251413,0
ENSG00000251414,9
ENSG00000251416,0
ENSG00000251417,10
ENSG00000251418,0
ENSG00000251419,0
ENSG00000251421,0
ENSG00000251423,0
ENSG00000251424,1
ENSG00000251426,0
ENSG00000251427,0
ENSG00000251429,22
ENSG00000251430,0
ENSG00000251431,0
ENSG00000251432,83
ENSG00000251433,0
ENSG00000251434,0
ENSG00000251435,0
ENSG00000251436,0
ENSG00000251437,0
ENSG00000251438,0
ENSG00000251439,0
ENSG00000251440,0
ENSG00000251441,1
ENSG00000251442,262
ENSG00000251443,4
ENSG00000251445,17
ENSG00000251446,0
ENSG00000251447,0
ENSG00000251448,0
ENSG00000251449,0
ENSG00000251450,2
ENSG00000251451,14
ENSG00000251452,0
ENSG00000251453,3
ENSG00000251454,0
ENSG00000251455,24
ENSG00000251456,0
ENSG00000251458,0
ENSG00000251459,1
ENSG00000251460,0
ENSG00000251461,0
ENSG00000251463,5
ENSG00000251464,2
ENSG00000251467,2
ENSG00000251468,2
ENSG00000251470,0
ENSG00000251471,0
ENSG00000251473,0
ENSG00000251474,202
ENSG00000251476,1
ENSG00000251477,0
ENSG00000251478,0
ENSG00000251482,0
ENSG00000251483,0
ENSG00000251484,0
ENSG00000251485,17
ENSG00000251487,5
ENSG00000251488,0
ENSG00000251489,0
ENSG00000251490,2
ENSG00000251491,0
ENSG00000251492,0
ENSG00000251493,16
ENSG00000251495,2
ENSG00000251497,3
ENSG00000251498,0
ENSG00000251501,0
ENSG00000251503,32
ENSG00000251504,0
ENSG00000251506,0
ENSG00000251508,0
ENSG00000251510,0
ENSG00000251511,0
ENSG00000251513,2
ENSG00000251515,0
ENSG00000251516,0
ENSG00000251517,0
ENSG00000251518,0
ENSG00000251520,1
ENSG00000251521,0
ENSG00000251523,0
ENSG00000251525,0
ENSG00000251526,17
ENSG00000251527,0
ENSG00000251529,2
ENSG00000251532,9
ENSG00000251533,16
ENSG00000251535,0
ENSG00000251536,0
ENSG00000251537,60
ENSG00000251538,2
ENSG00000251539,0
ENSG00000251542,0
ENSG00000251543,0
ENSG00000251544,2
ENSG00000251545,0
ENSG00000251546,15
ENSG00000251548,2
ENSG00000251549,0
ENSG00000251550,0
ENSG00000251552,0
ENSG00000251553,0
ENSG00000251555,2
ENSG00000251556,7
ENSG00000251557,0
ENSG00000251562,3363
ENSG00000251563,0
ENSG00000251566,0
ENSG00000251567,0
ENSG00000251568,0
ENSG00000251569,0
ENSG00000251571,0
ENSG00000251572,0
ENSG00000251573,0
ENSG00000251574,0
ENSG00000251575,0
ENSG00000251576,1
ENSG00000251577,0
ENSG00000251578,3
ENSG00000251579,0
ENSG00000251580,131
ENSG00000251583,6
ENSG00000251584,0
ENSG00000251585,0
ENSG00000251586,1
ENSG00000251587,0
ENSG00000251588,0
ENSG00000251590,3
ENSG00000251591,0
ENSG00000251593,4
ENSG00000251595,64
ENSG00000251596,1
ENSG00000251597,0
ENSG00000251598,2
ENSG00000251599,0
ENSG00000251600,0
ENSG00000251601,0
ENSG00000251602,369
ENSG00000251603,53
ENSG00000251604,0
ENSG00000251605,0
ENSG00000251608,0
ENSG00000251609,1
ENSG00000251610,0
ENSG00000251611,15
ENSG00000251613,0
ENSG00000251614,0
ENSG00000251615,310
ENSG00000251616,0
ENSG00000251618,0
ENSG00000251619,0
ENSG00000251620,0
ENSG00000251621,0
ENSG00000251623,0
ENSG00000251624,2
ENSG00000251627,0
ENSG00000251628,0
ENSG00000251629,1
ENSG00000251630,1
ENSG00000251632,1
ENSG00000251633,1
ENSG00000251634,15
ENSG00000251635,0
ENSG00000251636,0
ENSG00000251637,5
ENSG00000251638,0
ENSG00000251639,2
ENSG00000251642,0
ENSG00000251643,0
ENSG00000251644,0
ENSG00000251647,0
ENSG00000251648,0
ENSG00000251649,0
ENSG00000251652,0
ENSG00000251654,7
ENSG00000251655,1
ENSG00000251656,0
ENSG00000251660,0
ENSG00000251661,7
ENSG00000251663,0
ENSG00000251664,218
ENSG00000251665,2
ENSG00000251666,5
ENSG00000251667,7
ENSG00000251668,0
ENSG00000251669,316
ENSG00000251670,3
ENSG00000251675,2
ENSG00000251676,3
ENSG00000251678,0
ENSG00000251679,0
ENSG00000251680,0
ENSG00000251682,0
ENSG00000251685,2
ENSG00000251686,0
ENSG00000251687,2
ENSG00000251688,0
ENSG00000251689,2
ENSG00000251691,0
ENSG00000251692,4
ENSG00000251694,0
ENSG00000251696,0
ENSG00000251697,0
ENSG00000251698,0
ENSG00000251702,0
ENSG00000251703,0
ENSG00000251704,0
ENSG00000251705,0
ENSG00000251706,2
ENSG00000251707,0
ENSG00000251710,0
ENSG00000251711,0
ENSG00000251712,0
ENSG00000251713,0
ENSG00000251714,0
ENSG00000251715,0
ENSG00000251717,0
ENSG00000251718,0
ENSG00000251719,0
ENSG00000251720,1
ENSG00000251722,0
ENSG00000251724,0
ENSG00000251725,0
ENSG00000251726,0
ENSG00000251727,0
ENSG00000251728,3
ENSG00000251729,0
ENSG00000251730,0
ENSG00000251731,0
ENSG00000251732,0
ENSG00000251733,0
ENSG00000251735,0
ENSG00000251738,0
ENSG00000251739,0
ENSG00000251741,0
ENSG00000251742,0
ENSG00000251744,0
ENSG00000251745,1
ENSG00000251746,0
ENSG00000251747,0
ENSG00000251748,0
ENSG00000251750,0
ENSG00000251751,0
ENSG00000251752,1
ENSG00000251753,0
ENSG00000251754,0
ENSG00000251756,0
ENSG00000251757,0
ENSG00000251759,0
ENSG00000251760,0
ENSG00000251761,2
ENSG00000251763,0
ENSG00000251764,0
ENSG00000251766,0
ENSG00000251767,0
ENSG00000251768,0
ENSG00000251770,0
ENSG00000251772,0
ENSG00000251773,0
ENSG00000251774,0
ENSG00000251775,1
ENSG00000251776,0
ENSG00000251778,0
ENSG00000251779,0
ENSG00000251781,0
ENSG00000251783,0
ENSG00000251785,0
ENSG00000251787,0
ENSG00000251788,0
ENSG00000251789,0
ENSG00000251791,3
ENSG00000251792,0
ENSG00000251794,1
ENSG00000251796,0
ENSG00000251798,0
ENSG00000251799,0
ENSG00000251802,0
ENSG00000251803,6
ENSG00000251804,0
ENSG00000251805,0
ENSG00000251807,0
ENSG00000251808,0
ENSG00000251809,0
ENSG00000251810,0
ENSG00000251811,0
ENSG00000251812,0
ENSG00000251813,0
ENSG00000251814,0
ENSG00000251815,0
ENSG00000251816,0
ENSG00000251818,0
ENSG00000251819,0
ENSG00000251821,3
ENSG00000251822,0
ENSG00000251823,0
ENSG00000251825,0
ENSG00000251828,0
ENSG00000251829,0
ENSG00000251830,0
ENSG00000251831,0
ENSG00000251834,0
ENSG00000251835,0
ENSG00000251837,0
ENSG00000251838,0
ENSG00000251839,0
ENSG00000251840,0
ENSG00000251841,0
ENSG00000251842,0
ENSG00000251843,0
ENSG00000251844,0
ENSG00000251849,0
ENSG00000251850,0
ENSG00000251851,0
ENSG00000251852,0
ENSG00000251854,0
ENSG00000251856,0
ENSG00000251857,0
ENSG00000251858,0
ENSG00000251859,0
ENSG00000251861,0
ENSG00000251862,0
ENSG00000251864,0
ENSG00000251865,0
ENSG00000251866,0
ENSG00000251867,25
ENSG00000251868,0
ENSG00000251869,0
ENSG00000251870,0
ENSG00000251871,0
ENSG00000251873,0
ENSG00000251874,0
ENSG00000251875,0
ENSG00000251876,0
ENSG00000251877,0
ENSG00000251878,0
ENSG00000251879,0
ENSG00000251880,6
ENSG00000251882,0
ENSG00000251883,0
ENSG00000251884,0
ENSG00000251886,0
ENSG00000251887,0
ENSG00000251888,0
ENSG00000251889,0
ENSG00000251890,0
ENSG00000251891,0
ENSG00000251892,0
ENSG00000251893,0
ENSG00000251895,0
ENSG00000251896,0
ENSG00000251897,0
ENSG00000251898,0
ENSG00000251899,0
ENSG00000251900,0
ENSG00000251904,0
ENSG00000251905,0
ENSG00000251906,0
ENSG00000251907,0
ENSG00000251908,0
ENSG00000251912,0
ENSG00000251913,0
ENSG00000251914,0
ENSG00000251915,0
ENSG00000251916,0
ENSG00000251917,0
ENSG00000251919,0
ENSG00000251920,0
ENSG00000251922,0
ENSG00000251923,0
ENSG00000251924,0
ENSG00000251925,0
ENSG00000251927,0
ENSG00000251929,0
ENSG00000251931,0
ENSG00000251933,0
ENSG00000251934,1
ENSG00000251935,0
ENSG00000251936,0
ENSG00000251937,0
ENSG00000251939,0
ENSG00000251940,0
ENSG00000251941,0
ENSG00000251942,0
ENSG00000251943,0
ENSG00000251946,0
ENSG00000251947,0
ENSG00000251951,0
ENSG00000251952,0
ENSG00000251953,0
ENSG00000251954,1
ENSG00000251955,0
ENSG00000251956,0
ENSG00000251957,0
ENSG00000251958,0
ENSG00000251960,0
ENSG00000251961,0
ENSG00000251962,0
ENSG00000251963,0
ENSG00000251965,0
ENSG00000251966,0
ENSG00000251967,0
ENSG00000251969,0
ENSG00000251970,0
ENSG00000251971,0
ENSG00000251972,0
ENSG00000251973,0
ENSG00000251974,0
ENSG00000251975,0
ENSG00000251976,0
ENSG00000251977,0
ENSG00000251978,0
ENSG00000251980,0
ENSG00000251981,0
ENSG00000251982,0
ENSG00000251983,0
ENSG00000251985,0
ENSG00000251986,0
ENSG00000251987,0
ENSG00000251988,5
ENSG00000251989,0
ENSG00000251990,0
ENSG00000251991,1
ENSG00000251992,0
ENSG00000251993,0
ENSG00000251994,13
ENSG00000251996,0
ENSG00000251997,1
ENSG00000251998,0
ENSG00000251999,0
ENSG00000252000,0
ENSG00000252001,0
ENSG00000252002,0
ENSG00000252003,0
ENSG00000252004,0
ENSG00000252005,0
ENSG00000252008,0
ENSG00000252010,6
ENSG00000252011,0
ENSG00000252012,0
ENSG00000252013,0
ENSG00000252014,0
ENSG00000252015,0
ENSG00000252016,0
ENSG00000252017,0
ENSG00000252018,0
ENSG00000252019,0
ENSG00000252020,0
ENSG00000252021,0
ENSG00000252022,0
ENSG00000252023,0
ENSG00000252025,0
ENSG00000252026,1
ENSG00000252027,0
ENSG00000252028,0
ENSG00000252029,0
ENSG00000252030,0
ENSG00000252031,0
ENSG00000252032,0
ENSG00000252033,0
ENSG00000252034,0
ENSG00000252035,0
ENSG00000252036,0
ENSG00000252037,0
ENSG00000252038,0
ENSG00000252039,0
ENSG00000252040,0
ENSG00000252041,0
ENSG00000252042,0
ENSG00000252045,0
ENSG00000252046,0
ENSG00000252047,0
ENSG00000252049,0
ENSG00000252050,0
ENSG00000252051,0
ENSG00000252053,0
ENSG00000252057,0
ENSG00000252059,0
ENSG00000252060,0
ENSG00000252061,2
ENSG00000252062,0
ENSG00000252063,0
ENSG00000252064,0
ENSG00000252065,0
ENSG00000252066,0
ENSG00000252067,0
ENSG00000252068,0
ENSG00000252069,0
ENSG00000252070,0
ENSG00000252072,0
ENSG00000252073,0
ENSG00000252074,0
ENSG00000252076,0
ENSG00000252079,0
ENSG00000252080,0
ENSG00000252081,0
ENSG00000252082,1
ENSG00000252083,0
ENSG00000252084,0
ENSG00000252086,0
ENSG00000252087,0
ENSG00000252089,0
ENSG00000252091,0
ENSG00000252094,0
ENSG00000252096,0
ENSG00000252097,0
ENSG00000252098,0
ENSG00000252100,0
ENSG00000252101,1
ENSG00000252102,0
ENSG00000252103,1
ENSG00000252104,0
ENSG00000252105,0
ENSG00000252106,0
ENSG00000252107,0
ENSG00000252108,0
ENSG00000252111,0
ENSG00000252112,0
ENSG00000252113,0
ENSG00000252115,0
ENSG00000252116,0
ENSG00000252117,0
ENSG00000252118,2
ENSG00000252119,0
ENSG00000252120,0
ENSG00000252121,0
ENSG00000252122,0
ENSG00000252124,0
ENSG00000252125,0
ENSG00000252126,0
ENSG00000252128,0
ENSG00000252129,1
ENSG00000252130,0
ENSG00000252131,0
ENSG00000252132,2
ENSG00000252133,0
ENSG00000252135,0
ENSG00000252136,0
ENSG00000252137,0
ENSG00000252138,0
ENSG00000252139,0
ENSG00000252141,0
ENSG00000252142,0
ENSG00000252143,0
ENSG00000252145,0
ENSG00000252146,0
ENSG00000252147,3
ENSG00000252148,0
ENSG00000252149,0
ENSG00000252150,6
ENSG00000252151,0
ENSG00000252153,0
ENSG00000252155,0
ENSG00000252156,0
ENSG00000252157,0
ENSG00000252158,0
ENSG00000252161,0
ENSG00000252162,0
ENSG00000252163,0
ENSG00000252164,0
ENSG00000252166,0
ENSG00000252167,0
ENSG00000252169,0
ENSG00000252170,0
ENSG00000252171,0
ENSG00000252172,3
ENSG00000252173,0
ENSG00000252174,2
ENSG00000252177,0
ENSG00000252178,0
ENSG00000252179,0
ENSG00000252181,0
ENSG00000252182,0
ENSG00000252183,1
ENSG00000252184,0
ENSG00000252185,0
ENSG00000252186,0
ENSG00000252188,0
ENSG00000252190,0
ENSG00000252191,0
ENSG00000252192,0
ENSG00000252193,0
ENSG00000252198,0
ENSG00000252199,0
ENSG00000252200,1
ENSG00000252202,4
ENSG00000252204,0
ENSG00000252205,0
ENSG00000252206,3
ENSG00000252207,0
ENSG00000252209,0
ENSG00000252210,0
ENSG00000252211,0
ENSG00000252212,4
ENSG00000252213,0
ENSG00000252214,0
ENSG00000252215,0
ENSG00000252217,0
ENSG00000252218,0
ENSG00000252219,0
ENSG00000252220,0
ENSG00000252222,0
ENSG00000252223,0
ENSG00000252224,0
ENSG00000252225,0
ENSG00000252228,0
ENSG00000252230,0
ENSG00000252231,0
ENSG00000252233,0
ENSG00000252234,1
ENSG00000252236,0
ENSG00000252237,0
ENSG00000252238,0
ENSG00000252242,0
ENSG00000252243,0
ENSG00000252244,1
ENSG00000252246,0
ENSG00000252247,0
ENSG00000252249,0
ENSG00000252250,0
ENSG00000252252,0
ENSG00000252254,0
ENSG00000252255,1
ENSG00000252257,0
ENSG00000252258,0
ENSG00000252259,0
ENSG00000252260,0
ENSG00000252261,0
ENSG00000252262,0
ENSG00000252263,0
ENSG00000252264,0
ENSG00000252266,0
ENSG00000252267,0
ENSG00000252268,0
ENSG00000252269,0
ENSG00000252270,0
ENSG00000252271,0
ENSG00000252272,0
ENSG00000252273,0
ENSG00000252274,6
ENSG00000252275,0
ENSG00000252277,0
ENSG00000252279,0
ENSG00000252282,0
ENSG00000252283,0
ENSG00000252284,0
ENSG00000252287,0
ENSG00000252288,0
ENSG00000252289,0
ENSG00000252290,0
ENSG00000252291,0
ENSG00000252292,0
ENSG00000252294,1
ENSG00000252296,0
ENSG00000252297,0
ENSG00000252301,0
ENSG00000252302,0
ENSG00000252305,0
ENSG00000252306,0
ENSG00000252307,0
ENSG00000252308,0
ENSG00000252309,0
ENSG00000252311,3
ENSG00000252312,0
ENSG00000252313,0
ENSG00000252315,0
ENSG00000252316,0
ENSG00000252317,0
ENSG00000252319,0
ENSG00000252320,0
ENSG00000252321,0
ENSG00000252322,0
ENSG00000252323,0
ENSG00000252324,0
ENSG00000252325,0
ENSG00000252326,0
ENSG00000252328,0
ENSG00000252329,0
ENSG00000252330,0
ENSG00000252332,9
ENSG00000252333,1
ENSG00000252334,2
ENSG00000252335,0
ENSG00000252336,0
ENSG00000252337,0
ENSG00000252338,0
ENSG00000252339,1
ENSG00000252341,2
ENSG00000252342,0
ENSG00000252343,0
ENSG00000252346,0
ENSG00000252347,0
ENSG00000252348,0
ENSG00000252349,0
ENSG00000252350,0
ENSG00000252351,0
ENSG00000252352,0
ENSG00000252353,0
ENSG00000252355,0
ENSG00000252357,0
ENSG00000252358,0
ENSG00000252361,1
ENSG00000252362,0
ENSG00000252363,0
ENSG00000252364,0
ENSG00000252366,0
ENSG00000252367,0
ENSG00000252368,0
ENSG00000252369,0
ENSG00000252370,1
ENSG00000252371,0
ENSG00000252373,0
ENSG00000252374,0
ENSG00000252375,0
ENSG00000252376,1
ENSG00000252377,0
ENSG00000252383,0
ENSG00000252385,0
ENSG00000252386,0
ENSG00000252390,0
ENSG00000252391,0
ENSG00000252393,1
ENSG00000252395,0
ENSG00000252396,0
ENSG00000252397,0
ENSG00000252398,0
ENSG00000252400,0
ENSG00000252401,0
ENSG00000252404,0
ENSG00000252407,0
ENSG00000252408,0
ENSG00000252409,0
ENSG00000252410,0
ENSG00000252411,0
ENSG00000252412,6
ENSG00000252413,0
ENSG00000252414,2
ENSG00000252415,0
ENSG00000252416,0
ENSG00000252417,0
ENSG00000252420,0
ENSG00000252421,0
ENSG00000252422,0
ENSG00000252423,0
ENSG00000252424,0
ENSG00000252425,0
ENSG00000252426,0
ENSG00000252427,0
ENSG00000252428,0
ENSG00000252429,0
ENSG00000252430,0
ENSG00000252431,0
ENSG00000252432,0
ENSG00000252433,0
ENSG00000252436,0
ENSG00000252437,0
ENSG00000252438,0
ENSG00000252439,0
ENSG00000252441,0
ENSG00000252443,0
ENSG00000252444,0
ENSG00000252445,0
ENSG00000252446,0
ENSG00000252448,0
ENSG00000252449,0
ENSG00000252450,0
ENSG00000252451,0
ENSG00000252452,0
ENSG00000252453,0
ENSG00000252454,0
ENSG00000252455,0
ENSG00000252456,0
ENSG00000252457,0
ENSG00000252458,0
ENSG00000252459,0
ENSG00000252460,0
ENSG00000252461,2
ENSG00000252462,0
ENSG00000252464,10
ENSG00000252466,0
ENSG00000252467,0
ENSG00000252468,0
ENSG00000252469,1
ENSG00000252470,0
ENSG00000252471,0
ENSG00000252472,0
ENSG00000252473,0
ENSG00000252474,0
ENSG00000252475,0
ENSG00000252479,0
ENSG00000252480,0
ENSG00000252481,11
ENSG00000252482,0
ENSG00000252483,2
ENSG00000252484,0
ENSG00000252485,0
ENSG00000252486,0
ENSG00000252487,0
ENSG00000252489,0
ENSG00000252490,0
ENSG00000252491,0
ENSG00000252494,0
ENSG00000252496,0
ENSG00000252497,0
ENSG00000252498,2
ENSG00000252499,0
ENSG00000252500,0
ENSG00000252501,0
ENSG00000252503,4
ENSG00000252504,0
ENSG00000252505,0
ENSG00000252506,0
ENSG00000252507,0
ENSG00000252508,0
ENSG00000252509,0
ENSG00000252510,0
ENSG00000252511,0
ENSG00000252512,0
ENSG00000252513,0
ENSG00000252514,0
ENSG00000252515,0
ENSG00000252516,3
ENSG00000252517,0
ENSG00000252519,0
ENSG00000252521,0
ENSG00000252523,0
ENSG00000252524,0
ENSG00000252526,0
ENSG00000252530,0
ENSG00000252532,0
ENSG00000252533,0
ENSG00000252534,0
ENSG00000252535,0
ENSG00000252537,0
ENSG00000252539,0
ENSG00000252540,0
ENSG00000252541,0
ENSG00000252542,1
ENSG00000252544,0
ENSG00000252545,0
ENSG00000252546,1
ENSG00000252548,0
ENSG00000252549,2
ENSG00000252550,0
ENSG00000252552,0
ENSG00000252553,0
ENSG00000252554,0
ENSG00000252555,0
ENSG00000252556,0
ENSG00000252558,0
ENSG00000252560,0
ENSG00000252561,0
ENSG00000252562,0
ENSG00000252563,0
ENSG00000252568,0
ENSG00000252569,0
ENSG00000252574,0
ENSG00000252575,0
ENSG00000252577,11
ENSG00000252578,0
ENSG00000252580,0
ENSG00000252581,0
ENSG00000252582,0
ENSG00000252583,0
ENSG00000252584,0
ENSG00000252585,2
ENSG00000252587,0
ENSG00000252590,0
ENSG00000252591,0
ENSG00000252593,0
ENSG00000252594,0
ENSG00000252595,0
ENSG00000252597,0
ENSG00000252598,0
ENSG00000252599,0
ENSG00000252601,0
ENSG00000252603,0
ENSG00000252604,0
ENSG00000252606,0
ENSG00000252607,0
ENSG00000252608,0
ENSG00000252611,0
ENSG00000252612,2
ENSG00000252614,0
ENSG00000252615,0
ENSG00000252616,0
ENSG00000252618,0
ENSG00000252619,2
ENSG00000252620,1
ENSG00000252621,35
ENSG00000252622,0
ENSG00000252623,0
ENSG00000252624,0
ENSG00000252625,0
ENSG00000252626,0
ENSG00000252627,0
ENSG00000252628,0
ENSG00000252629,0
ENSG00000252633,0
ENSG00000252634,0
ENSG00000252635,0
ENSG00000252636,0
ENSG00000252637,0
ENSG00000252639,0
ENSG00000252640,1
ENSG00000252641,3
ENSG00000252642,0
ENSG00000252643,3
ENSG00000252644,0
ENSG00000252645,0
ENSG00000252647,0
ENSG00000252648,0
ENSG00000252649,0
ENSG00000252650,0
ENSG00000252651,0
ENSG00000252652,0
ENSG00000252653,0
ENSG00000252654,0
ENSG00000252655,0
ENSG00000252656,0
ENSG00000252657,0
ENSG00000252658,0
ENSG00000252659,0
ENSG00000252660,0
ENSG00000252661,0
ENSG00000252662,0
ENSG00000252664,0
ENSG00000252667,0
ENSG00000252671,2
ENSG00000252673,0
ENSG00000252674,0
ENSG00000252676,0
ENSG00000252677,0
ENSG00000252680,0
ENSG00000252681,0
ENSG00000252682,0
ENSG00000252684,1
ENSG00000252685,0
ENSG00000252686,0
ENSG00000252688,0
ENSG00000252689,0
ENSG00000252690,18
ENSG00000252691,0
ENSG00000252692,0
ENSG00000252693,0
ENSG00000252694,0
ENSG00000252695,0
ENSG00000252696,0
ENSG00000252697,0
ENSG00000252699,0
ENSG00000252700,0
ENSG00000252702,0
ENSG00000252704,0
ENSG00000252705,0
ENSG00000252707,0
ENSG00000252710,0
ENSG00000252711,0
ENSG00000252712,0
ENSG00000252713,0
ENSG00000252714,0
ENSG00000252716,0
ENSG00000252717,0
ENSG00000252718,0
ENSG00000252719,0
ENSG00000252720,0
ENSG00000252721,0
ENSG00000252722,0
ENSG00000252723,0
ENSG00000252724,0
ENSG00000252725,0
ENSG00000252726,0
ENSG00000252727,0
ENSG00000252729,0
ENSG00000252731,0
ENSG00000252733,0
ENSG00000252734,0
ENSG00000252735,0
ENSG00000252739,0
ENSG00000252742,0
ENSG00000252743,0
ENSG00000252744,0
ENSG00000252745,0
ENSG00000252746,0
ENSG00000252747,1
ENSG00000252748,0
ENSG00000252749,0
ENSG00000252750,0
ENSG00000252751,0
ENSG00000252752,0
ENSG00000252755,2
ENSG00000252756,0
ENSG00000252757,0
ENSG00000252758,0
ENSG00000252759,0
ENSG00000252760,0
ENSG00000252761,0
ENSG00000252762,0
ENSG00000252763,0
ENSG00000252764,0
ENSG00000252765,0
ENSG00000252766,0
ENSG00000252767,0
ENSG00000252768,3
ENSG00000252769,0
ENSG00000252770,0
ENSG00000252772,0
ENSG00000252774,0
ENSG00000252776,0
ENSG00000252777,0
ENSG00000252778,0
ENSG00000252779,0
ENSG00000252780,0
ENSG00000252782,1
ENSG00000252783,0
ENSG00000252784,0
ENSG00000252787,0
ENSG00000252789,0
ENSG00000252794,0
ENSG00000252795,0
ENSG00000252796,0
ENSG00000252797,0
ENSG00000252798,0
ENSG00000252800,0
ENSG00000252801,0
ENSG00000252802,0
ENSG00000252804,0
ENSG00000252806,0
ENSG00000252807,0
ENSG00000252809,0
ENSG00000252810,0
ENSG00000252811,0
ENSG00000252812,0
ENSG00000252814,0
ENSG00000252815,0
ENSG00000252816,0
ENSG00000252817,7
ENSG00000252820,0
ENSG00000252821,1
ENSG00000252822,0
ENSG00000252823,0
ENSG00000252824,0
ENSG00000252826,0
ENSG00000252827,0
ENSG00000252828,0
ENSG00000252830,0
ENSG00000252832,0
ENSG00000252833,0
ENSG00000252835,2
ENSG00000252837,0
ENSG00000252839,0
ENSG00000252840,0
ENSG00000252845,0
ENSG00000252846,0
ENSG00000252847,0
ENSG00000252848,0
ENSG00000252850,0
ENSG00000252852,0
ENSG00000252854,0
ENSG00000252855,0
ENSG00000252856,0
ENSG00000252857,0
ENSG00000252858,0
ENSG00000252859,0
ENSG00000252860,0
ENSG00000252861,0
ENSG00000252863,0
ENSG00000252864,0
ENSG00000252866,0
ENSG00000252867,2
ENSG00000252868,0
ENSG00000252869,0
ENSG00000252870,0
ENSG00000252872,0
ENSG00000252874,3
ENSG00000252877,0
ENSG00000252879,0
ENSG00000252881,0
ENSG00000252882,0
ENSG00000252884,0
ENSG00000252886,0
ENSG00000252887,0
ENSG00000252888,0
ENSG00000252889,0
ENSG00000252890,0
ENSG00000252891,0
ENSG00000252892,0
ENSG00000252894,0
ENSG00000252896,0
ENSG00000252897,0
ENSG00000252898,0
ENSG00000252900,0
ENSG00000252901,0
ENSG00000252902,0
ENSG00000252903,0
ENSG00000252904,0
ENSG00000252905,0
ENSG00000252906,0
ENSG00000252908,0
ENSG00000252909,0
ENSG00000252913,0
ENSG00000252914,1
ENSG00000252915,2
ENSG00000252916,6
ENSG00000252917,0
ENSG00000252918,0
ENSG00000252919,0
ENSG00000252920,0
ENSG00000252922,0
ENSG00000252923,0
ENSG00000252927,0
ENSG00000252928,0
ENSG00000252929,1
ENSG00000252930,0
ENSG00000252931,0
ENSG00000252933,2
ENSG00000252934,0
ENSG00000252935,0
ENSG00000252936,0
ENSG00000252937,0
ENSG00000252940,0
ENSG00000252941,0
ENSG00000252942,1
ENSG00000252943,0
ENSG00000252944,0
ENSG00000252945,0
ENSG00000252947,1
ENSG00000252948,0
ENSG00000252949,0
ENSG00000252950,1
ENSG00000252951,0
ENSG00000252952,0
ENSG00000252953,0
ENSG00000252955,0
ENSG00000252956,2
ENSG00000252957,0
ENSG00000252958,0
ENSG00000252959,0
ENSG00000252960,0
ENSG00000252962,0
ENSG00000252963,0
ENSG00000252964,0
ENSG00000252965,8
ENSG00000252969,0
ENSG00000252970,0
ENSG00000252971,0
ENSG00000252972,0
ENSG00000252973,0
ENSG00000252974,0
ENSG00000252975,0
ENSG00000252976,0
ENSG00000252977,0
ENSG00000252978,0
ENSG00000252979,0
ENSG00000252980,0
ENSG00000252982,0
ENSG00000252983,0
ENSG00000252984,1
ENSG00000252985,0
ENSG00000252986,0
ENSG00000252987,0
ENSG00000252988,0
ENSG00000252989,0
ENSG00000252990,0
ENSG00000252991,0
ENSG00000252992,1
ENSG00000252993,0
ENSG00000252994,0
ENSG00000252995,0
ENSG00000252996,0
ENSG00000252997,0
ENSG00000252998,0
ENSG00000252999,0
ENSG00000253000,0
ENSG00000253001,0
ENSG00000253002,0
ENSG00000253003,0
ENSG00000253005,1
ENSG00000253006,0
ENSG00000253007,0
ENSG00000253008,1
ENSG00000253010,0
ENSG00000253011,0
ENSG00000253012,0
ENSG00000253013,0
ENSG00000253015,0
ENSG00000253016,0
ENSG00000253017,0
ENSG00000253019,0
ENSG00000253020,0
ENSG00000253021,0
ENSG00000253022,0
ENSG00000253023,0
ENSG00000253024,0
ENSG00000253025,0
ENSG00000253026,0
ENSG00000253027,0
ENSG00000253028,0
ENSG00000253030,0
ENSG00000253031,0
ENSG00000253032,0
ENSG00000253035,0
ENSG00000253037,0
ENSG00000253038,0
ENSG00000253039,0
ENSG00000253040,0
ENSG00000253041,0
ENSG00000253042,0
ENSG00000253043,0
ENSG00000253046,0
ENSG00000253047,8
ENSG00000253048,0
ENSG00000253049,0
ENSG00000253051,0
ENSG00000253053,0
ENSG00000253054,0
ENSG00000253055,0
ENSG00000253056,0
ENSG00000253057,0
ENSG00000253058,1
ENSG00000253059,0
ENSG00000253060,0
ENSG00000253063,0
ENSG00000253064,0
ENSG00000253065,0
ENSG00000253066,0
ENSG00000253067,0
ENSG00000253069,0
ENSG00000253070,0
ENSG00000253072,0
ENSG00000253073,0
ENSG00000253074,0
ENSG00000253075,0
ENSG00000253077,0
ENSG00000253078,0
ENSG00000253079,0
ENSG00000253080,0
ENSG00000253081,0
ENSG00000253082,0
ENSG00000253083,0
ENSG00000253084,1
ENSG00000253085,0
ENSG00000253086,0
ENSG00000253087,0
ENSG00000253088,0
ENSG00000253089,0
ENSG00000253090,0
ENSG00000253092,0
ENSG00000253093,0
ENSG00000253094,0
ENSG00000253096,0
ENSG00000253097,0
ENSG00000253098,0
ENSG00000253099,0
ENSG00000253100,0
ENSG00000253102,15
ENSG00000253103,0
ENSG00000253104,0
ENSG00000253105,1
ENSG00000253106,44
ENSG00000253107,0
ENSG00000253108,0
ENSG00000253109,0
ENSG00000253110,0
ENSG00000253111,1
ENSG00000253112,2
ENSG00000253114,0
ENSG00000253115,0
ENSG00000253116,0
ENSG00000253117,0
ENSG00000253118,0
ENSG00000253119,0
ENSG00000253120,6
ENSG00000253121,1
ENSG00000253122,0
ENSG00000253123,21
ENSG00000253124,0
ENSG00000253125,116
ENSG00000253126,0
ENSG00000253127,0
ENSG00000253130,3
ENSG00000253131,0
ENSG00000253132,2
ENSG00000253133,2
ENSG00000253134,0
ENSG00000253135,0
ENSG00000253137,0
ENSG00000253138,0
ENSG00000253139,0
ENSG00000253140,1
ENSG00000253141,0
ENSG00000253142,0
ENSG00000253143,6
ENSG00000253144,0
ENSG00000253146,0
ENSG00000253147,0
ENSG00000253148,0
ENSG00000253149,0
ENSG00000253152,0
ENSG00000253153,1
ENSG00000253154,0
ENSG00000253155,0
ENSG00000253156,0
ENSG00000253158,0
ENSG00000253159,29
ENSG00000253160,0
ENSG00000253161,9
ENSG00000253162,0
ENSG00000253163,0
ENSG00000253164,1
ENSG00000253165,0
ENSG00000253166,0
ENSG00000253167,3
ENSG00000253168,0
ENSG00000253169,0
ENSG00000253170,0
ENSG00000253171,0
ENSG00000253172,0
ENSG00000253173,1
ENSG00000253174,4
ENSG00000253175,0
ENSG00000253176,0
ENSG00000253177,3
ENSG00000253178,0
ENSG00000253179,0
ENSG00000253180,5
ENSG00000253181,0
ENSG00000253182,63
ENSG00000253183,1
ENSG00000253184,0
ENSG00000253186,0
ENSG00000253187,2
ENSG00000253188,0
ENSG00000253189,0
ENSG00000253190,0
ENSG00000253191,0
ENSG00000253194,1
ENSG00000253195,0
ENSG00000253196,18
ENSG00000253197,0
ENSG00000253198,0
ENSG00000253199,0
ENSG00000253200,47
ENSG00000253202,0
ENSG00000253203,45
ENSG00000253204,0
ENSG00000253205,0
ENSG00000253206,0
ENSG00000253207,0
ENSG00000253208,0
ENSG00000253209,0
ENSG00000253210,22
ENSG00000253213,0
ENSG00000253214,4
ENSG00000253215,1
ENSG00000253216,0
ENSG00000253217,3
ENSG00000253218,1
ENSG00000253219,0
ENSG00000253220,0
ENSG00000253223,0
ENSG00000253224,0
ENSG00000253225,0
ENSG00000253226,0
ENSG00000253227,1
ENSG00000253228,1
ENSG00000253229,0
ENSG00000253230,0
ENSG00000253231,0
ENSG00000253232,0
ENSG00000253233,0
ENSG00000253234,4
ENSG00000253235,0
ENSG00000253236,0
ENSG00000253237,0
ENSG00000253238,0
ENSG00000253239,16
ENSG00000253240,0
ENSG00000253241,1
ENSG00000253242,0
ENSG00000253244,0
ENSG00000253245,0
ENSG00000253247,19
ENSG00000253248,0
ENSG00000253250,19
ENSG00000253251,79
ENSG00000253252,0
ENSG00000253256,0
ENSG00000253257,0
ENSG00000253258,0
ENSG00000253259,0
ENSG00000253260,0
ENSG00000253261,0
ENSG00000253262,0
ENSG00000253263,0
ENSG00000253264,0
ENSG00000253265,0
ENSG00000253266,0
ENSG00000253267,0
ENSG00000253269,0
ENSG00000253270,0
ENSG00000253271,0
ENSG00000253273,0
ENSG00000253274,99
ENSG00000253275,0
ENSG00000253276,1044
ENSG00000253278,0
ENSG00000253279,3
ENSG00000253280,0
ENSG00000253281,0
ENSG00000253282,0
ENSG00000253283,0
ENSG00000253284,6
ENSG00000253286,0
ENSG00000253287,0
ENSG00000253288,0
ENSG00000253290,0
ENSG00000253291,4
ENSG00000253292,2
ENSG00000253293,72
ENSG00000253294,0
ENSG00000253295,0
ENSG00000253297,1
ENSG00000253298,0
ENSG00000253299,0
ENSG00000253300,0
ENSG00000253301,0
ENSG00000253302,1
ENSG00000253303,0
ENSG00000253304,918
ENSG00000253305,33
ENSG00000253307,12
ENSG00000253308,0
ENSG00000253309,13
ENSG00000253310,0
ENSG00000253311,0
ENSG00000253312,0
ENSG00000253313,120
ENSG00000253314,1
ENSG00000253315,0
ENSG00000253317,1
ENSG00000253318,0
ENSG00000253319,0
ENSG00000253320,35
ENSG00000253321,0
ENSG00000253322,0
ENSG00000253325,4
ENSG00000253326,4
ENSG00000253327,16
ENSG00000253328,3
ENSG00000253329,1
ENSG00000253330,4
ENSG00000253331,0
ENSG00000253332,0
ENSG00000253333,0
ENSG00000253334,2
ENSG00000253335,0
ENSG00000253336,0
ENSG00000253338,7
ENSG00000253339,8
ENSG00000253340,0
ENSG00000253341,221
ENSG00000253342,0
ENSG00000253343,2
ENSG00000253344,0
ENSG00000253345,0
ENSG00000253346,0
ENSG00000253347,0
ENSG00000253348,10
ENSG00000253349,0
ENSG00000253351,0
ENSG00000253352,9876
ENSG00000253354,2
ENSG00000253355,1
ENSG00000253356,1
ENSG00000253357,0
ENSG00000253358,0
ENSG00000253359,4
ENSG00000253361,25
ENSG00000253362,0
ENSG00000253363,106
ENSG00000253364,21
ENSG00000253365,0
ENSG00000253366,0
ENSG00000253367,0
ENSG00000253368,373
ENSG00000253369,2
ENSG00000253370,0
ENSG00000253371,0
ENSG00000253372,13
ENSG00000253373,0
ENSG00000253374,1
ENSG00000253376,0
ENSG00000253377,0
ENSG00000253379,3
ENSG00000253380,0
ENSG00000253381,2
ENSG00000253382,0
ENSG00000253383,0
ENSG00000253384,2
ENSG00000253385,0
ENSG00000253386,0
ENSG00000253387,0
ENSG00000253388,0
ENSG00000253389,3
ENSG00000253390,5
ENSG00000253391,0
ENSG00000253392,35
ENSG00000253393,0
ENSG00000253394,0
ENSG00000253395,7
ENSG00000253396,0
ENSG00000253397,0
ENSG00000253398,0
ENSG00000253399,0
ENSG00000253400,0
ENSG00000253401,0
ENSG00000253403,0
ENSG00000253404,36
ENSG00000253405,0
ENSG00000253406,0
ENSG00000253407,0
ENSG00000253408,4
ENSG00000253409,1
ENSG00000253410,0
ENSG00000253412,0
ENSG00000253413,0
ENSG00000253414,6
ENSG00000253415,0
ENSG00000253416,0
ENSG00000253417,38
ENSG00000253418,0
ENSG00000253420,0
ENSG00000253421,0
ENSG00000253422,0
ENSG00000253423,0
ENSG00000253424,0
ENSG00000253425,0
ENSG00000253426,5
ENSG00000253427,0
ENSG00000253428,1
ENSG00000253429,0
ENSG00000253430,0
ENSG00000253431,3
ENSG00000253432,0
ENSG00000253433,1
ENSG00000253434,5
ENSG00000253435,0
ENSG00000253437,0
ENSG00000253438,3
ENSG00000253439,1
ENSG00000253440,1
ENSG00000253441,2
ENSG00000253444,1
ENSG00000253445,0
ENSG00000253447,0
ENSG00000253448,0
ENSG00000253449,0
ENSG00000253451,3
ENSG00000253452,0
ENSG00000253454,0
ENSG00000253455,1
ENSG00000253456,0
ENSG00000253457,3
ENSG00000253458,0
ENSG00000253460,0
ENSG00000253461,0
ENSG00000253462,0
ENSG00000253463,0
ENSG00000253465,0
ENSG00000253467,0
ENSG00000253468,0
ENSG00000253469,0
ENSG00000253470,0
ENSG00000253471,0
ENSG00000253472,0
ENSG00000253474,1
ENSG00000253475,0
ENSG00000253476,3
ENSG00000253477,24
ENSG00000253479,0
ENSG00000253480,0
ENSG00000253481,1
ENSG00000253482,0
ENSG00000253483,3
ENSG00000253484,0
ENSG00000253485,15
ENSG00000253486,0
ENSG00000253487,0
ENSG00000253488,0
ENSG00000253489,0
ENSG00000253490,37
ENSG00000253491,0
ENSG00000253492,0
ENSG00000253493,0
ENSG00000253495,0
ENSG00000253496,0
ENSG00000253497,43
ENSG00000253499,1
ENSG00000253500,0
ENSG00000253501,0
ENSG00000253502,0
ENSG00000253503,1
ENSG00000253504,0
ENSG00000253505,1
ENSG00000253506,0
ENSG00000253507,0
ENSG00000253508,0
ENSG00000253509,0
ENSG00000253510,1
ENSG00000253512,1
ENSG00000253513,3
ENSG00000253515,0
ENSG00000253516,6
ENSG00000253517,0
ENSG00000253519,4
ENSG00000253520,13
ENSG00000253521,0
ENSG00000253522,24
ENSG00000253523,1
ENSG00000253524,0
ENSG00000253525,5
ENSG00000253526,0
ENSG00000253527,0
ENSG00000253528,8
ENSG00000253530,0
ENSG00000253532,1
ENSG00000253534,0
ENSG00000253535,0
ENSG00000253536,0
ENSG00000253537,25
ENSG00000253538,0
ENSG00000253539,0
ENSG00000253540,60
ENSG00000253541,4
ENSG00000253542,0
ENSG00000253543,0
ENSG00000253544,1
ENSG00000253545,5
ENSG00000253546,0
ENSG00000253547,0
ENSG00000253548,0
ENSG00000253549,1
ENSG00000253550,0
ENSG00000253551,0
ENSG00000253552,39
ENSG00000253553,2
ENSG00000253554,0
ENSG00000253555,0
ENSG00000253556,0
ENSG00000253557,0
ENSG00000253558,0
ENSG00000253559,30
ENSG00000253560,0
ENSG00000253561,0
ENSG00000253562,0
ENSG00000253563,0
ENSG00000253564,0
ENSG00000253567,1
ENSG00000253568,0
ENSG00000253569,0
ENSG00000253570,148
ENSG00000253571,0
ENSG00000253572,0
ENSG00000253573,0
ENSG00000253574,0
ENSG00000253576,0
ENSG00000253577,0
ENSG00000253578,0
ENSG00000253579,0
ENSG00000253580,0
ENSG00000253581,0
ENSG00000253582,3
ENSG00000253583,0
ENSG00000253584,0
ENSG00000253585,0
ENSG00000253586,0
ENSG00000253587,0
ENSG00000253588,0
ENSG00000253590,0
ENSG00000253591,0
ENSG00000253592,0
ENSG00000253593,1
ENSG00000253595,1
ENSG00000253596,0
ENSG00000253598,17
ENSG00000253600,0
ENSG00000253602,0
ENSG00000253603,0
ENSG00000253604,1
ENSG00000253605,36
ENSG00000253606,1
ENSG00000253607,0
ENSG00000253608,3
ENSG00000253610,0
ENSG00000253611,0
ENSG00000253612,0
ENSG00000253613,0
ENSG00000253614,0
ENSG00000253615,0
ENSG00000253616,1
ENSG00000253617,0
ENSG00000253618,2
ENSG00000253619,0
ENSG00000253620,4
ENSG00000253621,1
ENSG00000253622,0
ENSG00000253623,0
ENSG00000253625,2
ENSG00000253626,236
ENSG00000253627,0
ENSG00000253628,0
ENSG00000253629,0
ENSG00000253630,0
ENSG00000253631,1
ENSG00000253632,176
ENSG00000253633,1
ENSG00000253634,0
ENSG00000253635,0
ENSG00000253636,13
ENSG00000253637,0
ENSG00000253638,0
ENSG00000253639,0
ENSG00000253641,5
ENSG00000253642,0
ENSG00000253643,0
ENSG00000253644,0
ENSG00000253645,0
ENSG00000253646,0
ENSG00000253647,0
ENSG00000253648,0
ENSG00000253649,10
ENSG00000253650,0
ENSG00000253651,0
ENSG00000253652,1
ENSG00000253653,1
ENSG00000253654,0
ENSG00000253655,0
ENSG00000253656,0
ENSG00000253657,0
ENSG00000253658,0
ENSG00000253659,18
ENSG00000253660,26
ENSG00000253661,5
ENSG00000253663,0
ENSG00000253664,0
ENSG00000253665,2
ENSG00000253666,3
ENSG00000253667,12
ENSG00000253668,0
ENSG00000253669,40
ENSG00000253670,0
ENSG00000253671,12
ENSG00000253672,0
ENSG00000253673,0
ENSG00000253674,0
ENSG00000253675,0
ENSG00000253676,17
ENSG00000253677,0
ENSG00000253678,0
ENSG00000253679,0
ENSG00000253680,0
ENSG00000253681,0
ENSG00000253682,0
ENSG00000253683,103
ENSG00000253684,0
ENSG00000253685,0
ENSG00000253686,8
ENSG00000253687,0
ENSG00000253688,2
ENSG00000253690,2
ENSG00000253691,2
ENSG00000253692,0
ENSG00000253693,0
ENSG00000253695,2
ENSG00000253696,1
ENSG00000253697,1
ENSG00000253698,0
ENSG00000253699,0
ENSG00000253701,26
ENSG00000253702,0
ENSG00000253703,2
ENSG00000253704,11
ENSG00000253706,1
ENSG00000253707,0
ENSG00000253708,3
ENSG00000253709,0
ENSG00000253710,120
ENSG00000253711,0
ENSG00000253712,1
ENSG00000253713,0
ENSG00000253714,0
ENSG00000253715,0
ENSG00000253716,164
ENSG00000253717,0
ENSG00000253719,15069
ENSG00000253720,1
ENSG00000253721,0
ENSG00000253722,0
ENSG00000253723,0
ENSG00000253725,0
ENSG00000253726,0
ENSG00000253728,0
ENSG00000253729,5199
ENSG00000253730,1
ENSG00000253731,36
ENSG00000253732,0
ENSG00000253733,0
ENSG00000253734,0
ENSG00000253735,0
ENSG00000253736,0
ENSG00000253737,0
ENSG00000253738,1297
ENSG00000253739,0
ENSG00000253740,0
ENSG00000253741,76
ENSG00000253742,2
ENSG00000253743,0
ENSG00000253744,0
ENSG00000253745,0
ENSG00000253746,3
ENSG00000253747,0
ENSG00000253748,0
ENSG00000253749,1
ENSG00000253750,0
ENSG00000253752,0
ENSG00000253754,2
ENSG00000253755,4976
ENSG00000253756,0
ENSG00000253759,0
ENSG00000253760,0
ENSG00000253762,0
ENSG00000253763,4
ENSG00000253764,0
ENSG00000253765,0
ENSG00000253766,0
ENSG00000253767,3
ENSG00000253768,0
ENSG00000253770,0
ENSG00000253771,0
ENSG00000253772,0
ENSG00000253773,61
ENSG00000253774,2
ENSG00000253775,0
ENSG00000253776,0
ENSG00000253777,0
ENSG00000253778,0
ENSG00000253779,0
ENSG00000253780,0
ENSG00000253781,0
ENSG00000253782,0
ENSG00000253783,0
ENSG00000253784,0
ENSG00000253785,9
ENSG00000253786,0
ENSG00000253787,0
ENSG00000253789,0
ENSG00000253790,0
ENSG00000253792,0
ENSG00000253793,0
ENSG00000253794,0
ENSG00000253795,0
ENSG00000253796,1
ENSG00000253797,719
ENSG00000253798,0
ENSG00000253799,0
ENSG00000253800,0
ENSG00000253801,0
ENSG00000253802,2
ENSG00000253803,0
ENSG00000253805,0
ENSG00000253806,0
ENSG00000253807,0
ENSG00000253808,0
ENSG00000253809,0
ENSG00000253810,0
ENSG00000253811,0
ENSG00000253813,0
ENSG00000253814,0
ENSG00000253816,1
ENSG00000253817,1
ENSG00000253818,52
ENSG00000253819,11
ENSG00000253820,0
ENSG00000253821,0
ENSG00000253822,2
ENSG00000253823,0
ENSG00000253824,7
ENSG00000253825,0
ENSG00000253826,0
ENSG00000253828,0
ENSG00000253829,6
ENSG00000253831,5
ENSG00000253832,0
ENSG00000253833,3
ENSG00000253834,0
ENSG00000253836,1
ENSG00000253837,3
ENSG00000253838,0
ENSG00000253839,0
ENSG00000253840,0
ENSG00000253841,0
ENSG00000253842,0
ENSG00000253843,0
ENSG00000253844,0
ENSG00000253845,0
ENSG00000253846,41
ENSG00000253848,3
ENSG00000253849,0
ENSG00000253851,0
ENSG00000253852,1
ENSG00000253853,1
ENSG00000253854,37
ENSG00000253855,0
ENSG00000253857,0
ENSG00000253858,0
ENSG00000253859,0
ENSG00000253860,0
ENSG00000253861,0
ENSG00000253862,2
ENSG00000253865,6
ENSG00000253866,0
ENSG00000253868,0
ENSG00000253869,1
ENSG00000253870,0
ENSG00000253871,0
ENSG00000253872,0
ENSG00000253873,12
ENSG00000253874,0
ENSG00000253875,0
ENSG00000253877,6
ENSG00000253878,55
ENSG00000253879,0
ENSG00000253880,0
ENSG00000253881,0
ENSG00000253882,32
ENSG00000253883,3
ENSG00000253884,0
ENSG00000253885,0
ENSG00000253886,0
ENSG00000253887,0
ENSG00000253888,0
ENSG00000253889,0
ENSG00000253891,0
ENSG00000253892,1
ENSG00000253893,2
ENSG00000253894,0
ENSG00000253895,0
ENSG00000253896,0
ENSG00000253897,0
ENSG00000253898,10
ENSG00000253899,1
ENSG00000253900,22
ENSG00000253901,0
ENSG00000253903,0
ENSG00000253906,0
ENSG00000253907,0
ENSG00000253908,2
ENSG00000253910,14
ENSG00000253911,0
ENSG00000253912,0
ENSG00000253913,0
ENSG00000253915,1
ENSG00000253916,0
ENSG00000253917,4
ENSG00000253919,8
ENSG00000253920,1
ENSG00000253921,30
ENSG00000253923,0
ENSG00000253924,1
ENSG00000253925,0
ENSG00000253926,0
ENSG00000253927,0
ENSG00000253929,1
ENSG00000253930,28
ENSG00000253931,1
ENSG00000253932,0
ENSG00000253934,0
ENSG00000253935,0
ENSG00000253936,5
ENSG00000253937,0
ENSG00000253939,0
ENSG00000253940,0
ENSG00000253941,0
ENSG00000253942,0
ENSG00000253943,0
ENSG00000253944,1
ENSG00000253945,0
ENSG00000253946,0
ENSG00000253947,0
ENSG00000253948,43
ENSG00000253949,0
ENSG00000253951,0
ENSG00000253952,0
ENSG00000253953,13
ENSG00000253954,17
ENSG00000253955,5
ENSG00000253956,0
ENSG00000253957,6
ENSG00000253958,180
ENSG00000253959,0
ENSG00000253960,0
ENSG00000253961,5
ENSG00000253963,0
ENSG00000253964,0
ENSG00000253965,0
ENSG00000253966,2
ENSG00000253967,352
ENSG00000253968,0
ENSG00000253970,0
ENSG00000253971,1
ENSG00000253972,2
ENSG00000253973,0
ENSG00000253974,0
ENSG00000253975,0
ENSG00000253976,0
ENSG00000253977,0
ENSG00000253978,6
ENSG00000253979,0
ENSG00000253980,0
ENSG00000253981,25
ENSG00000253982,200
ENSG00000253983,5
ENSG00000253985,0
ENSG00000253986,5
ENSG00000253988,1
ENSG00000253989,0
ENSG00000253991,0
ENSG00000253992,0
ENSG00000253993,0
ENSG00000253994,0
ENSG00000253995,0
ENSG00000253997,0
ENSG00000253998,13
ENSG00000253999,0
ENSG00000254000,0
ENSG00000254001,0
ENSG00000254002,0
ENSG00000254003,1
ENSG00000254004,1894
ENSG00000254006,0
ENSG00000254007,0
ENSG00000254008,0
ENSG00000254009,0
ENSG00000254010,0
ENSG00000254011,0
ENSG00000254012,1
ENSG00000254013,0
ENSG00000254014,0
ENSG00000254015,0
ENSG00000254016,9
ENSG00000254017,0
ENSG00000254018,0
ENSG00000254019,0
ENSG00000254020,0
ENSG00000254021,0
ENSG00000254023,0
ENSG00000254024,36
ENSG00000254025,0
ENSG00000254026,0
ENSG00000254027,1
ENSG00000254028,2
ENSG00000254029,0
ENSG00000254030,1
ENSG00000254031,0
ENSG00000254033,0
ENSG00000254034,0
ENSG00000254035,11
ENSG00000254036,1
ENSG00000254037,0
ENSG00000254038,7
ENSG00000254039,0
ENSG00000254040,0
ENSG00000254041,1
ENSG00000254042,2
ENSG00000254043,0
ENSG00000254044,0
ENSG00000254045,0
ENSG00000254046,2
ENSG00000254047,0
ENSG00000254048,0
ENSG00000254049,0
ENSG00000254050,0
ENSG00000254051,0
ENSG00000254052,0
ENSG00000254053,0
ENSG00000254054,0
ENSG00000254055,0
ENSG00000254056,21
ENSG00000254057,1
ENSG00000254060,0
ENSG00000254061,0
ENSG00000254063,1
ENSG00000254064,5
ENSG00000254065,4
ENSG00000254066,0
ENSG00000254067,0
ENSG00000254069,0
ENSG00000254070,0
ENSG00000254073,0
ENSG00000254075,0
ENSG00000254076,0
ENSG00000254077,0
ENSG00000254079,0
ENSG00000254080,0
ENSG00000254081,0
ENSG00000254082,0
ENSG00000254083,0
ENSG00000254084,1
ENSG00000254086,0
ENSG00000254087,744
ENSG00000254088,4
ENSG00000254089,0
ENSG00000254090,0
ENSG00000254091,0
ENSG00000254092,0
ENSG00000254093,217
ENSG00000254094,0
ENSG00000254095,0
ENSG00000254097,0
ENSG00000254098,7
ENSG00000254099,2
ENSG00000254100,8
ENSG00000254101,32
ENSG00000254102,3
ENSG00000254103,0
ENSG00000254104,0
ENSG00000254105,0
ENSG00000254106,0
ENSG00000254109,137
ENSG00000254111,0
ENSG00000254112,0
ENSG00000254113,0
ENSG00000254114,0
ENSG00000254115,0
ENSG00000254118,0
ENSG00000254119,12
ENSG00000254120,0
ENSG00000254122,54
ENSG00000254123,0
ENSG00000254124,0
ENSG00000254126,6
ENSG00000254127,0
ENSG00000254129,0
ENSG00000254130,0
ENSG00000254131,1
ENSG00000254132,0
ENSG00000254134,0
ENSG00000254135,0
ENSG00000254136,0
ENSG00000254138,0
ENSG00000254139,1
ENSG00000254140,0
ENSG00000254141,0
ENSG00000254142,1
ENSG00000254143,2
ENSG00000254144,11
ENSG00000254145,0
ENSG00000254146,0
ENSG00000254150,0
ENSG00000254151,0
ENSG00000254152,11
ENSG00000254153,52
ENSG00000254154,8
ENSG00000254156,0
ENSG00000254157,0
ENSG00000254158,0
ENSG00000254160,0
ENSG00000254161,0
ENSG00000254162,45
ENSG00000254163,0
ENSG00000254164,1
ENSG00000254165,14
ENSG00000254166,1
ENSG00000254167,2
ENSG00000254170,2
ENSG00000254171,0
ENSG00000254172,0
ENSG00000254173,0
ENSG00000254174,16
ENSG00000254175,0
ENSG00000254176,4
ENSG00000254177,0
ENSG00000254178,0
ENSG00000254180,1
ENSG00000254181,0
ENSG00000254182,0
ENSG00000254183,0
ENSG00000254185,0
ENSG00000254186,0
ENSG00000254187,0
ENSG00000254189,0
ENSG00000254190,0
ENSG00000254192,1
ENSG00000254193,0
ENSG00000254194,0
ENSG00000254195,0
ENSG00000254197,0
ENSG00000254198,139
ENSG00000254199,0
ENSG00000254200,1
ENSG00000254201,0
ENSG00000254202,0
ENSG00000254203,0
ENSG00000254204,4
ENSG00000254205,0
ENSG00000254206,17
ENSG00000254207,0
ENSG00000254208,2
ENSG00000254209,0
ENSG00000254211,23
ENSG00000254212,0
ENSG00000254213,0
ENSG00000254215,0
ENSG00000254216,0
ENSG00000254219,0
ENSG00000254220,1
ENSG00000254221,482
ENSG00000254222,0
ENSG00000254223,0
ENSG00000254224,2
ENSG00000254225,0
ENSG00000254226,5
ENSG00000254227,2
ENSG00000254228,1
ENSG00000254229,0
ENSG00000254230,0
ENSG00000254231,32
ENSG00000254233,1
ENSG00000254235,0
ENSG00000254236,0
ENSG00000254237,0
ENSG00000254238,0
ENSG00000254239,0
ENSG00000254240,0
ENSG00000254241,0
ENSG00000254242,0
ENSG00000254244,1
ENSG00000254245,27
ENSG00000254246,0
ENSG00000254247,0
ENSG00000254248,47
ENSG00000254249,0
ENSG00000254251,2
ENSG00000254252,0
ENSG00000254253,0
ENSG00000254254,0
ENSG00000254255,0
ENSG00000254256,0
ENSG00000254258,0
ENSG00000254260,1
ENSG00000254261,0
ENSG00000254262,0
ENSG00000254263,0
ENSG00000254264,0
ENSG00000254265,0
ENSG00000254266,0
ENSG00000254267,2
ENSG00000254268,0
ENSG00000254269,0
ENSG00000254270,2
ENSG00000254271,2
ENSG00000254272,0
ENSG00000254273,0
ENSG00000254274,0
ENSG00000254275,0
ENSG00000254277,0
ENSG00000254278,0
ENSG00000254279,0
ENSG00000254281,1
ENSG00000254283,0
ENSG00000254285,53
ENSG00000254286,22
ENSG00000254287,2
ENSG00000254288,0
ENSG00000254289,0
ENSG00000254290,2
ENSG00000254291,0
ENSG00000254292,0
ENSG00000254293,0
ENSG00000254294,0
ENSG00000254295,0
ENSG00000254297,0
ENSG00000254298,0
ENSG00000254299,1
ENSG00000254300,0
ENSG00000254302,0
ENSG00000254303,0
ENSG00000254305,2
ENSG00000254306,0
ENSG00000254307,0
ENSG00000254308,0
ENSG00000254309,0
ENSG00000254310,0
ENSG00000254311,0
ENSG00000254312,0
ENSG00000254313,0
ENSG00000254314,0
ENSG00000254315,0
ENSG00000254316,0
ENSG00000254317,18
ENSG00000254319,3
ENSG00000254320,0
ENSG00000254321,0
ENSG00000254324,0
ENSG00000254325,0
ENSG00000254326,3
ENSG00000254328,0
ENSG00000254329,1
ENSG00000254330,0
ENSG00000254331,1
ENSG00000254332,62
ENSG00000254333,4
ENSG00000254334,0
ENSG00000254335,0
ENSG00000254336,0
ENSG00000254337,1
ENSG00000254338,0
ENSG00000254339,0
ENSG00000254340,6
ENSG00000254341,0
ENSG00000254342,0
ENSG00000254343,62
ENSG00000254344,0
ENSG00000254345,0
ENSG00000254346,0
ENSG00000254347,0
ENSG00000254348,0
ENSG00000254349,23
ENSG00000254350,0
ENSG00000254351,0
ENSG00000254352,3
ENSG00000254355,0
ENSG00000254357,0
ENSG00000254358,0
ENSG00000254361,0
ENSG00000254362,0
ENSG00000254363,9
ENSG00000254364,0
ENSG00000254365,0
ENSG00000254366,4
ENSG00000254367,25
ENSG00000254369,5
ENSG00000254370,2
ENSG00000254372,0
ENSG00000254373,1
ENSG00000254376,0
ENSG00000254377,0
ENSG00000254380,0
ENSG00000254381,0
ENSG00000254383,0
ENSG00000254384,0
ENSG00000254387,1
ENSG00000254388,0
ENSG00000254389,518
ENSG00000254391,0
ENSG00000254392,0
ENSG00000254394,0
ENSG00000254395,184
ENSG00000254396,0
ENSG00000254397,2
ENSG00000254398,3
ENSG00000254399,20
ENSG00000254400,0
ENSG00000254401,0
ENSG00000254402,0
ENSG00000254403,0
ENSG00000254404,0
ENSG00000254406,4
ENSG00000254407,0
ENSG00000254408,0
ENSG00000254409,9
ENSG00000254411,0
ENSG00000254412,0
ENSG00000254413,45
ENSG00000254414,0
ENSG00000254415,129
ENSG00000254416,1
ENSG00000254417,4
ENSG00000254418,1
ENSG00000254419,6
ENSG00000254420,5
ENSG00000254422,0
ENSG00000254423,1
ENSG00000254424,0
ENSG00000254425,0
ENSG00000254427,1
ENSG00000254428,11
ENSG00000254429,2
ENSG00000254430,0
ENSG00000254431,2
ENSG00000254432,0
ENSG00000254433,15
ENSG00000254434,0
ENSG00000254436,0
ENSG00000254437,0
ENSG00000254438,0
ENSG00000254440,1
ENSG00000254441,0
ENSG00000254442,0
ENSG00000254443,0
ENSG00000254444,1
ENSG00000254445,0
ENSG00000254447,0
ENSG00000254449,1
ENSG00000254450,0
ENSG00000254451,1
ENSG00000254452,0
ENSG00000254453,0
ENSG00000254454,0
ENSG00000254455,0
ENSG00000254456,0
ENSG00000254457,0
ENSG00000254458,2
ENSG00000254459,0
ENSG00000254460,0
ENSG00000254461,9
ENSG00000254462,0
ENSG00000254463,2
ENSG00000254464,0
ENSG00000254465,0
ENSG00000254466,2
ENSG00000254467,0
ENSG00000254468,0
ENSG00000254469,52
ENSG00000254470,487
ENSG00000254471,0
ENSG00000254472,0
ENSG00000254473,89
ENSG00000254475,0
ENSG00000254477,12
ENSG00000254478,0
ENSG00000254479,2
ENSG00000254480,56
ENSG00000254481,2
ENSG00000254482,0
ENSG00000254483,0
ENSG00000254484,2
ENSG00000254485,33
ENSG00000254486,0
ENSG00000254487,0
ENSG00000254488,0
ENSG00000254489,0
ENSG00000254490,0
ENSG00000254491,0
ENSG00000254492,0
ENSG00000254495,1
ENSG00000254496,0
ENSG00000254497,0
ENSG00000254498,0
ENSG00000254499,0
ENSG00000254500,0
ENSG00000254501,2
ENSG00000254502,1
ENSG00000254503,7
ENSG00000254505,546
ENSG00000254506,2
ENSG00000254507,0
ENSG00000254508,0
ENSG00000254509,7
ENSG00000254510,8
ENSG00000254511,0
ENSG00000254512,2
ENSG00000254514,0
ENSG00000254515,0
ENSG00000254516,0
ENSG00000254517,0
ENSG00000254518,0
ENSG00000254519,5
ENSG00000254521,2
ENSG00000254522,0
ENSG00000254524,0
ENSG00000254526,0
ENSG00000254527,1
ENSG00000254528,3
ENSG00000254529,0
ENSG00000254530,0
ENSG00000254531,129
ENSG00000254532,0
ENSG00000254533,4
ENSG00000254534,0
ENSG00000254535,28
ENSG00000254536,0
ENSG00000254537,0
ENSG00000254538,0
ENSG00000254539,0
ENSG00000254540,0
ENSG00000254541,0
ENSG00000254542,0
ENSG00000254543,0
ENSG00000254544,0
ENSG00000254545,2
ENSG00000254546,0
ENSG00000254547,3
ENSG00000254548,1
ENSG00000254550,1
ENSG00000254551,1
ENSG00000254552,0
ENSG00000254553,0
ENSG00000254554,1
ENSG00000254555,0
ENSG00000254556,0
ENSG00000254557,0
ENSG00000254558,0
ENSG00000254559,0
ENSG00000254560,71
ENSG00000254561,4
ENSG00000254562,0
ENSG00000254563,0
ENSG00000254564,0
ENSG00000254565,0
ENSG00000254566,0
ENSG00000254567,0
ENSG00000254568,0
ENSG00000254569,0
ENSG00000254571,0
ENSG00000254572,0
ENSG00000254573,0
ENSG00000254574,0
ENSG00000254575,0
ENSG00000254576,0
ENSG00000254577,8
ENSG00000254578,0
ENSG00000254579,0
ENSG00000254580,0
ENSG00000254581,0
ENSG00000254582,0
ENSG00000254583,0
ENSG00000254584,0
ENSG00000254585,20
ENSG00000254586,0
ENSG00000254587,1
ENSG00000254588,0
ENSG00000254589,2
ENSG00000254590,0
ENSG00000254591,0
ENSG00000254592,0
ENSG00000254593,2
ENSG00000254594,0
ENSG00000254595,20
ENSG00000254596,0
ENSG00000254597,0
ENSG00000254598,16
ENSG00000254599,0
ENSG00000254601,0
ENSG00000254602,15
ENSG00000254603,12
ENSG00000254604,20
ENSG00000254605,13
ENSG00000254606,1
ENSG00000254607,0
ENSG00000254608,0
ENSG00000254609,0
ENSG00000254610,6
ENSG00000254612,200
ENSG00000254613,0
ENSG00000254614,62
ENSG00000254615,13
ENSG00000254616,0
ENSG00000254617,0
ENSG00000254618,0
ENSG00000254619,0
ENSG00000254620,67
ENSG00000254621,0
ENSG00000254622,0
ENSG00000254623,0
ENSG00000254624,0
ENSG00000254625,0
ENSG00000254626,0
ENSG00000254627,0
ENSG00000254629,0
ENSG00000254630,0
ENSG00000254631,9
ENSG00000254632,3
ENSG00000254633,0
ENSG00000254634,7
ENSG00000254635,2577
ENSG00000254636,9
ENSG00000254637,0
ENSG00000254638,0
ENSG00000254639,0
ENSG00000254640,0
ENSG00000254641,0
ENSG00000254642,0
ENSG00000254644,0
ENSG00000254645,0
ENSG00000254646,0
ENSG00000254647,0
ENSG00000254648,11
ENSG00000254649,0
ENSG00000254650,0
ENSG00000254651,0
ENSG00000254653,0
ENSG00000254654,0
ENSG00000254655,0
ENSG00000254656,1
ENSG00000254658,0
ENSG00000254659,0
ENSG00000254660,0
ENSG00000254661,0
ENSG00000254662,27
ENSG00000254663,0
ENSG00000254664,1
ENSG00000254665,0
ENSG00000254667,3
ENSG00000254668,0
ENSG00000254669,0
ENSG00000254670,15
ENSG00000254671,2
ENSG00000254672,1
ENSG00000254673,1
ENSG00000254674,0
ENSG00000254675,0
ENSG00000254676,18
ENSG00000254677,0
ENSG00000254678,1
ENSG00000254680,0
ENSG00000254681,12
ENSG00000254682,300
ENSG00000254683,0
ENSG00000254684,0
ENSG00000254685,706
ENSG00000254686,0
ENSG00000254687,0
ENSG00000254688,0
ENSG00000254689,0
ENSG00000254690,0
ENSG00000254691,4
ENSG00000254692,1
ENSG00000254693,0
ENSG00000254694,2
ENSG00000254695,0
ENSG00000254696,0
ENSG00000254697,0
ENSG00000254698,0
ENSG00000254699,0
ENSG00000254700,0
ENSG00000254701,0
ENSG00000254702,0
ENSG00000254703,17
ENSG00000254704,0
ENSG00000254705,0
ENSG00000254706,3
ENSG00000254707,0
ENSG00000254708,1
ENSG00000254709,2358
ENSG00000254710,0
ENSG00000254712,0
ENSG00000254713,0
ENSG00000254714,0
ENSG00000254715,0
ENSG00000254717,4
ENSG00000254718,10
ENSG00000254719,0
ENSG00000254720,0
ENSG00000254721,0
ENSG00000254722,0
ENSG00000254723,0
ENSG00000254724,0
ENSG00000254725,0
ENSG00000254726,2763
ENSG00000254727,0
ENSG00000254728,0
ENSG00000254730,0
ENSG00000254731,0
ENSG00000254732,6
ENSG00000254733,0
ENSG00000254734,0
ENSG00000254735,0
ENSG00000254736,0
ENSG00000254737,0
ENSG00000254738,0
ENSG00000254739,1
ENSG00000254740,0
ENSG00000254741,0
ENSG00000254743,0
ENSG00000254744,5
ENSG00000254746,0
ENSG00000254747,0
ENSG00000254748,0
ENSG00000254749,0
ENSG00000254750,16
ENSG00000254751,0
ENSG00000254752,0
ENSG00000254753,0
ENSG00000254754,0
ENSG00000254755,0
ENSG00000254756,3
ENSG00000254757,0
ENSG00000254758,1
ENSG00000254759,26
ENSG00000254760,4
ENSG00000254761,0
ENSG00000254762,0
ENSG00000254764,0
ENSG00000254765,0
ENSG00000254767,0
ENSG00000254768,1
ENSG00000254769,0
ENSG00000254770,0
ENSG00000254771,0
ENSG00000254772,41
ENSG00000254774,0
ENSG00000254775,0
ENSG00000254776,0
ENSG00000254777,6
ENSG00000254779,0
ENSG00000254780,2
ENSG00000254781,2
ENSG00000254783,32
ENSG00000254784,0
ENSG00000254785,0
ENSG00000254786,71
ENSG00000254787,0
ENSG00000254788,17
ENSG00000254789,0
ENSG00000254790,0
ENSG00000254791,0
ENSG00000254792,0
ENSG00000254793,2
ENSG00000254794,0
ENSG00000254795,0
ENSG00000254796,0
ENSG00000254798,0
ENSG00000254799,6
ENSG00000254800,0
ENSG00000254801,0
ENSG00000254802,9
ENSG00000254803,0
ENSG00000254804,0
ENSG00000254805,0
ENSG00000254806,45
ENSG00000254807,0
ENSG00000254810,21
ENSG00000254811,61
ENSG00000254812,16
ENSG00000254813,0
ENSG00000254814,7
ENSG00000254815,21
ENSG00000254816,0
ENSG00000254817,0
ENSG00000254818,0
ENSG00000254819,0
ENSG00000254820,0
ENSG00000254821,0
ENSG00000254822,0
ENSG00000254823,0
ENSG00000254824,0
ENSG00000254825,0
ENSG00000254826,0
ENSG00000254827,16
ENSG00000254828,0
ENSG00000254829,0
ENSG00000254830,0
ENSG00000254831,4
ENSG00000254832,0
ENSG00000254833,5
ENSG00000254834,0
ENSG00000254835,0
ENSG00000254836,0
ENSG00000254837,215
ENSG00000254838,224
ENSG00000254839,0
ENSG00000254840,0
ENSG00000254841,0
ENSG00000254842,2
ENSG00000254843,1
ENSG00000254844,0
ENSG00000254846,1
ENSG00000254847,3
ENSG00000254848,0
ENSG00000254850,0
ENSG00000254851,0
ENSG00000254852,0
ENSG00000254853,0
ENSG00000254854,95
ENSG00000254855,1
ENSG00000254856,0
ENSG00000254857,0
ENSG00000254858,1254
ENSG00000254859,20
ENSG00000254860,22
ENSG00000254861,0
ENSG00000254862,4
ENSG00000254863,0
ENSG00000254864,9
ENSG00000254865,0
ENSG00000254866,0
ENSG00000254867,2
ENSG00000254869,1
ENSG00000254870,0
ENSG00000254871,0
ENSG00000254872,14
ENSG00000254873,3
ENSG00000254874,3
ENSG00000254876,8
ENSG00000254877,62
ENSG00000254878,0
ENSG00000254879,0
ENSG00000254880,0
ENSG00000254883,0
ENSG00000254884,1
ENSG00000254885,6
ENSG00000254886,0
ENSG00000254887,3
ENSG00000254888,0
ENSG00000254889,0
ENSG00000254890,0
ENSG00000254891,0
ENSG00000254892,0
ENSG00000254893,1
ENSG00000254894,0
ENSG00000254895,0
ENSG00000254896,0
ENSG00000254897,0
ENSG00000254898,0
ENSG00000254900,0
ENSG00000254901,341
ENSG00000254902,0
ENSG00000254903,0
ENSG00000254905,1
ENSG00000254906,0
ENSG00000254907,3
ENSG00000254909,10
ENSG00000254910,15
ENSG00000254911,13
ENSG00000254912,1
ENSG00000254913,0
ENSG00000254914,0
ENSG00000254915,0
ENSG00000254916,0
ENSG00000254917,0
ENSG00000254919,0
ENSG00000254920,0
ENSG00000254921,0
ENSG00000254923,0
ENSG00000254924,0
ENSG00000254925,0
ENSG00000254926,0
ENSG00000254927,0
ENSG00000254928,0
ENSG00000254929,4
ENSG00000254930,0
ENSG00000254931,0
ENSG00000254932,1
ENSG00000254933,0
ENSG00000254934,1
ENSG00000254935,0
ENSG00000254936,0
ENSG00000254937,1
ENSG00000254938,0
ENSG00000254939,0
ENSG00000254940,0
ENSG00000254941,18
ENSG00000254942,0
ENSG00000254943,0
ENSG00000254944,7
ENSG00000254946,0
ENSG00000254947,0
ENSG00000254948,3
ENSG00000254949,0
ENSG00000254951,1
ENSG00000254952,0
ENSG00000254953,0
ENSG00000254954,0
ENSG00000254957,0
ENSG00000254959,0
ENSG00000254960,1
ENSG00000254961,0
ENSG00000254962,0
ENSG00000254963,0
ENSG00000254964,0
ENSG00000254965,0
ENSG00000254966,7
ENSG00000254967,11
ENSG00000254968,0
ENSG00000254971,0
ENSG00000254972,0
ENSG00000254973,43
ENSG00000254974,2
ENSG00000254975,0
ENSG00000254976,2
ENSG00000254978,17
ENSG00000254979,3
ENSG00000254980,0
ENSG00000254981,2
ENSG00000254983,0
ENSG00000254984,0
ENSG00000254985,0
ENSG00000254986,11592
ENSG00000254987,0
ENSG00000254988,0
ENSG00000254989,0
ENSG00000254990,5
ENSG00000254991,1
ENSG00000254992,0
ENSG00000254993,0
ENSG00000254995,57
ENSG00000254996,209
ENSG00000254997,17
ENSG00000254998,0
ENSG00000254999,7332
ENSG00000255000,0
ENSG00000255001,0
ENSG00000255002,0
ENSG00000255003,0
ENSG00000255004,0
ENSG00000255005,0
ENSG00000255006,0
ENSG00000255007,0
ENSG00000255008,4
ENSG00000255009,0
ENSG00000255010,18
ENSG00000255011,0
ENSG00000255012,0
ENSG00000255014,0
ENSG00000255015,0
ENSG00000255016,0
ENSG00000255018,0
ENSG00000255019,0
ENSG00000255020,11
ENSG00000255021,0
ENSG00000255022,0
ENSG00000255025,0
ENSG00000255026,236
ENSG00000255027,0
ENSG00000255028,0
ENSG00000255029,0
ENSG00000255030,2
ENSG00000255031,29
ENSG00000255032,0
ENSG00000255033,0
ENSG00000255035,0
ENSG00000255036,1
ENSG00000255037,0
ENSG00000255038,39
ENSG00000255039,0
ENSG00000255040,0
ENSG00000255041,0
ENSG00000255042,0
ENSG00000255043,0
ENSG00000255045,3
ENSG00000255046,16
ENSG00000255047,0
ENSG00000255048,0
ENSG00000255050,10
ENSG00000255051,0
ENSG00000255052,0
ENSG00000255053,0
ENSG00000255054,0
ENSG00000255055,0
ENSG00000255057,0
ENSG00000255058,0
ENSG00000255059,1
ENSG00000255060,0
ENSG00000255062,88
ENSG00000255063,0
ENSG00000255065,68
ENSG00000255067,0
ENSG00000255069,0
ENSG00000255070,0
ENSG00000255071,32
ENSG00000255072,0
ENSG00000255073,0
ENSG00000255074,0
ENSG00000255075,0
ENSG00000255076,0
ENSG00000255077,0
ENSG00000255078,0
ENSG00000255079,0
ENSG00000255080,2
ENSG00000255081,0
ENSG00000255082,1
ENSG00000255083,1
ENSG00000255084,3
ENSG00000255085,3
ENSG00000255086,0
ENSG00000255087,0
ENSG00000255088,0
ENSG00000255089,0
ENSG00000255090,1
ENSG00000255091,4
ENSG00000255092,1
ENSG00000255093,0
ENSG00000255094,0
ENSG00000255095,0
ENSG00000255096,0
ENSG00000255097,0
ENSG00000255099,0
ENSG00000255100,48
ENSG00000255101,0
ENSG00000255102,0
ENSG00000255104,133
ENSG00000255105,0
ENSG00000255106,0
ENSG00000255107,3
ENSG00000255108,5
ENSG00000255109,0
ENSG00000255110,0
ENSG00000255111,0
ENSG00000255112,3488
ENSG00000255113,0
ENSG00000255114,7
ENSG00000255115,0
ENSG00000255116,0
ENSG00000255117,0
ENSG00000255118,0
ENSG00000255119,0
ENSG00000255120,15
ENSG00000255121,75
ENSG00000255122,4
ENSG00000255123,0
ENSG00000255124,0
ENSG00000255125,1
ENSG00000255126,0
ENSG00000255127,0
ENSG00000255128,0
ENSG00000255129,42
ENSG00000255130,1
ENSG00000255131,0
ENSG00000255132,0
ENSG00000255133,0
ENSG00000255134,0
ENSG00000255135,168
ENSG00000255136,0
ENSG00000255138,0
ENSG00000255139,28
ENSG00000255140,0
ENSG00000255141,0
ENSG00000255142,9
ENSG00000255143,0
ENSG00000255144,0
ENSG00000255145,13
ENSG00000255146,0
ENSG00000255147,0
ENSG00000255148,0
ENSG00000255149,0
ENSG00000255150,34
ENSG00000255151,25
ENSG00000255152,10
ENSG00000255153,47
ENSG00000255154,4
ENSG00000255155,0
ENSG00000255156,1
ENSG00000255157,0
ENSG00000255158,13
ENSG00000255159,0
ENSG00000255160,0
ENSG00000255161,0
ENSG00000255162,0
ENSG00000255163,0
ENSG00000255164,0
ENSG00000255165,0
ENSG00000255166,0
ENSG00000255167,0
ENSG00000255169,0
ENSG00000255170,0
ENSG00000255171,0
ENSG00000255172,0
ENSG00000255173,0
ENSG00000255174,0
ENSG00000255175,0
ENSG00000255176,8
ENSG00000255177,0
ENSG00000255178,1
ENSG00000255179,0
ENSG00000255181,0
ENSG00000255182,17
ENSG00000255183,0
ENSG00000255184,0
ENSG00000255185,6
ENSG00000255186,1
ENSG00000255187,0
ENSG00000255188,0
ENSG00000255189,60
ENSG00000255190,0
ENSG00000255191,4
ENSG00000255192,1
ENSG00000255193,1
ENSG00000255194,0
ENSG00000255196,0
ENSG00000255197,26
ENSG00000255198,175
ENSG00000255199,0
ENSG00000255200,20
ENSG00000255201,29
ENSG00000255202,0
ENSG00000255203,0
ENSG00000255204,0
ENSG00000255205,0
ENSG00000255206,0
ENSG00000255207,0
ENSG00000255208,0
ENSG00000255209,0
ENSG00000255210,0
ENSG00000255211,0
ENSG00000255213,0
ENSG00000255214,0
ENSG00000255215,0
ENSG00000255216,0
ENSG00000255217,0
ENSG00000255218,0
ENSG00000255219,0
ENSG00000255220,1
ENSG00000255221,0
ENSG00000255222,10
ENSG00000255223,7
ENSG00000255224,66
ENSG00000255225,0
ENSG00000255226,1
ENSG00000255227,0
ENSG00000255229,0
ENSG00000255230,0
ENSG00000255231,0
ENSG00000255232,0
ENSG00000255233,2
ENSG00000255234,2
ENSG00000255235,0
ENSG00000255236,3
ENSG00000255237,6
ENSG00000255238,0
ENSG00000255239,0
ENSG00000255240,288
ENSG00000255241,5
ENSG00000255243,1
ENSG00000255244,0
ENSG00000255245,0
ENSG00000255246,0
ENSG00000255247,0
ENSG00000255248,186
ENSG00000255250,0
ENSG00000255251,0
ENSG00000255252,0
ENSG00000255253,0
ENSG00000255254,0
ENSG00000255255,2
ENSG00000255256,0
ENSG00000255257,276
ENSG00000255258,1
ENSG00000255259,0
ENSG00000255260,0
ENSG00000255261,0
ENSG00000255262,1
ENSG00000255265,0
ENSG00000255266,1
ENSG00000255267,0
ENSG00000255268,0
ENSG00000255269,0
ENSG00000255270,0
ENSG00000255271,0
ENSG00000255272,0
ENSG00000255273,0
ENSG00000255274,0
ENSG00000255275,1
ENSG00000255276,4
ENSG00000255277,3
ENSG00000255279,0
ENSG00000255280,0
ENSG00000255281,0
ENSG00000255282,4
ENSG00000255283,0
ENSG00000255284,240
ENSG00000255285,0
ENSG00000255286,0
ENSG00000255287,0
ENSG00000255288,0
ENSG00000255289,0
ENSG00000255291,0
ENSG00000255292,3
ENSG00000255293,0
ENSG00000255294,0
ENSG00000255295,0
ENSG00000255296,0
ENSG00000255297,0
ENSG00000255298,38
ENSG00000255299,3
ENSG00000255300,0
ENSG00000255301,0
ENSG00000255302,7146
ENSG00000255303,1
ENSG00000255304,0
ENSG00000255305,0
ENSG00000255306,9
ENSG00000255307,2
ENSG00000255308,1
ENSG00000255309,0
ENSG00000255310,33
ENSG00000255311,0
ENSG00000255312,0
ENSG00000255313,0
ENSG00000255314,0
ENSG00000255315,0
ENSG00000255316,0
ENSG00000255317,0
ENSG00000255318,4
ENSG00000255319,0
ENSG00000255320,23
ENSG00000255321,0
ENSG00000255322,24
ENSG00000255323,0
ENSG00000255325,1
ENSG00000255326,6
ENSG00000255327,0
ENSG00000255328,1
ENSG00000255329,1
ENSG00000255330,1
ENSG00000255331,0
ENSG00000255332,0
ENSG00000255333,1
ENSG00000255334,0
ENSG00000255335,0
ENSG00000255336,0
ENSG00000255337,22
ENSG00000255338,0
ENSG00000255339,3
ENSG00000255340,2
ENSG00000255341,11
ENSG00000255342,0
ENSG00000255343,2
ENSG00000255344,0
ENSG00000255345,11
ENSG00000255346,18
ENSG00000255347,0
ENSG00000255348,0
ENSG00000255349,0
ENSG00000255350,0
ENSG00000255351,0
ENSG00000255352,0
ENSG00000255353,3
ENSG00000255354,6
ENSG00000255355,2
ENSG00000255356,0
ENSG00000255357,0
ENSG00000255358,0
ENSG00000255359,0
ENSG00000255360,0
ENSG00000255361,0
ENSG00000255362,2
ENSG00000255363,0
ENSG00000255364,2
ENSG00000255365,0
ENSG00000255366,1
ENSG00000255367,2
ENSG00000255368,0
ENSG00000255369,0
ENSG00000255370,0
ENSG00000255371,0
ENSG00000255372,0
ENSG00000255374,1
ENSG00000255375,0
ENSG00000255376,0
ENSG00000255377,0
ENSG00000255378,0
ENSG00000255379,0
ENSG00000255380,0
ENSG00000255381,3
ENSG00000255382,0
ENSG00000255384,2
ENSG00000255385,0
ENSG00000255386,0
ENSG00000255387,0
ENSG00000255388,0
ENSG00000255389,20
ENSG00000255390,0
ENSG00000255391,0
ENSG00000255393,0
ENSG00000255394,0
ENSG00000255395,0
ENSG00000255396,0
ENSG00000255397,6
ENSG00000255398,46
ENSG00000255399,58
ENSG00000255400,0
ENSG00000255401,0
ENSG00000255402,0
ENSG00000255403,1
ENSG00000255404,0
ENSG00000255406,0
ENSG00000255408,12
ENSG00000255409,1
ENSG00000255410,2
ENSG00000255411,0
ENSG00000255413,0
ENSG00000255414,12
ENSG00000255415,0
ENSG00000255416,0
ENSG00000255417,0
ENSG00000255418,0
ENSG00000255420,0
ENSG00000255421,5
ENSG00000255422,9
ENSG00000255423,17
ENSG00000255424,0
ENSG00000255425,29
ENSG00000255426,2
ENSG00000255427,0
ENSG00000255428,0
ENSG00000255429,0
ENSG00000255430,0
ENSG00000255431,0
ENSG00000255432,3
ENSG00000255433,0
ENSG00000255434,4
ENSG00000255435,9
ENSG00000255437,0
ENSG00000255438,2
ENSG00000255439,3
ENSG00000255440,1
ENSG00000255441,3
ENSG00000255442,2
ENSG00000255443,9
ENSG00000255444,0
ENSG00000255445,3
ENSG00000255446,0
ENSG00000255447,0
ENSG00000255448,0
ENSG00000255449,4
ENSG00000255450,1
ENSG00000255451,0
ENSG00000255452,1
ENSG00000255454,0
ENSG00000255455,303
ENSG00000255456,0
ENSG00000255457,0
ENSG00000255458,21
ENSG00000255459,0
ENSG00000255460,0
ENSG00000255461,0
ENSG00000255462,2
ENSG00000255463,0
ENSG00000255464,0
ENSG00000255465,0
ENSG00000255466,0
ENSG00000255467,0
ENSG00000255468,149
ENSG00000255469,0
ENSG00000255470,0
ENSG00000255471,69
ENSG00000255472,0
ENSG00000255474,2
ENSG00000255475,0
ENSG00000255476,0
ENSG00000255477,0
ENSG00000255478,4
ENSG00000255479,2
ENSG00000255480,0
ENSG00000255481,1
ENSG00000255482,0
ENSG00000255483,0
ENSG00000255484,0
ENSG00000255485,0
ENSG00000255486,0
ENSG00000255487,2
ENSG00000255489,0
ENSG00000255490,0
ENSG00000255491,0
ENSG00000255492,0
ENSG00000255493,0
ENSG00000255494,0
ENSG00000255495,6
ENSG00000255496,0
ENSG00000255497,0
ENSG00000255498,0
ENSG00000255499,0
ENSG00000255500,11
ENSG00000255501,0
ENSG00000255502,0
ENSG00000255503,4
ENSG00000255504,1
ENSG00000255505,0
ENSG00000255506,0
ENSG00000255507,20
ENSG00000255508,257
ENSG00000255510,2
ENSG00000255511,0
ENSG00000255512,0
ENSG00000255513,0
ENSG00000255514,0
ENSG00000255515,0
ENSG00000255516,0
ENSG00000255517,346
ENSG00000255518,0
ENSG00000255519,0
ENSG00000255520,1
ENSG00000255521,3
ENSG00000255522,0
ENSG00000255523,0
ENSG00000255524,0
ENSG00000255525,0
ENSG00000255526,12
ENSG00000255527,0
ENSG00000255528,0
ENSG00000255529,794
ENSG00000255530,0
ENSG00000255531,1
ENSG00000255532,0
ENSG00000255533,3
ENSG00000255534,0
ENSG00000255535,0
ENSG00000255536,0
ENSG00000255537,2
ENSG00000255538,0
ENSG00000255539,1
ENSG00000255540,0
ENSG00000255541,2
ENSG00000255542,0
ENSG00000255543,0
ENSG00000255544,0
ENSG00000255545,9
ENSG00000255546,0
ENSG00000255547,0
ENSG00000255548,0
ENSG00000255549,0
ENSG00000255550,0
ENSG00000255551,0
ENSG00000255552,0
ENSG00000255553,0
ENSG00000255554,0
ENSG00000255555,0
ENSG00000255556,1
ENSG00000255557,1
ENSG00000255558,0
ENSG00000255559,7
ENSG00000255560,0
ENSG00000255561,121
ENSG00000255562,0
ENSG00000255563,0
ENSG00000255565,0
ENSG00000255566,0
ENSG00000255568,30
ENSG00000255569,26
ENSG00000255571,1783
ENSG00000255572,0
ENSG00000255575,0
ENSG00000255580,1
ENSG00000255581,0
ENSG00000255582,1
ENSG00000255583,0
ENSG00000255585,18
ENSG00000255587,4
ENSG00000255595,0
ENSG00000255599,0
ENSG00000255605,0
ENSG00000255606,4
ENSG00000255608,0
ENSG00000255618,0
ENSG00000255621,18
ENSG00000255622,9
ENSG00000255624,46
ENSG00000255627,0
ENSG00000255628,0
ENSG00000255629,0
ENSG00000255633,0
ENSG00000255639,1
ENSG00000255641,0
ENSG00000255642,43
ENSG00000255644,10
ENSG00000255647,7
ENSG00000255648,1
ENSG00000255649,3
ENSG00000255650,5
ENSG00000255652,3
ENSG00000255653,0
ENSG00000255655,2
ENSG00000255660,0
ENSG00000255663,0
ENSG00000255664,0
ENSG00000255666,0
ENSG00000255669,0
ENSG00000255670,2
ENSG00000255671,0
ENSG00000255672,0
ENSG00000255679,0
ENSG00000255680,0
ENSG00000255686,0
ENSG00000255689,1
ENSG00000255690,4478
ENSG00000255692,0
ENSG00000255693,2
ENSG00000255700,0
ENSG00000255703,0
ENSG00000255704,0
ENSG00000255710,12
ENSG00000255713,0
ENSG00000255714,0
ENSG00000255717,2279
ENSG00000255723,7
ENSG00000255725,1
ENSG00000255726,0
ENSG00000255727,2
ENSG00000255730,0
ENSG00000255733,32
ENSG00000255734,0
ENSG00000255737,341
ENSG00000255740,0
ENSG00000255741,1
ENSG00000255745,0
ENSG00000255746,0
ENSG00000255749,0
ENSG00000255750,2
ENSG00000255753,0
ENSG00000255757,0
ENSG00000255760,6
ENSG00000255763,0
ENSG00000255767,0
ENSG00000255769,210
ENSG00000255772,0
ENSG00000255774,58
ENSG00000255775,1
ENSG00000255776,1
ENSG00000255778,0
ENSG00000255780,0
ENSG00000255786,0
ENSG00000255790,1
ENSG00000255794,0
ENSG00000255801,0
ENSG00000255804,0
ENSG00000255807,1
ENSG00000255808,0
ENSG00000255811,0
ENSG00000255814,0
ENSG00000255815,21
ENSG00000255817,0
ENSG00000255819,2
ENSG00000255823,14
ENSG00000255825,0
ENSG00000255829,0
ENSG00000255830,0
ENSG00000255833,69
ENSG00000255835,0
ENSG00000255836,4
ENSG00000255837,28
ENSG00000255838,0
ENSG00000255839,1
ENSG00000255843,2
ENSG00000255845,0
ENSG00000255847,2
ENSG00000255850,1
ENSG00000255851,0
ENSG00000255853,0
ENSG00000255855,0
ENSG00000255856,0
ENSG00000255857,109
ENSG00000255858,0
ENSG00000255860,0
ENSG00000255863,0
ENSG00000255864,2
ENSG00000255866,0
ENSG00000255867,38
ENSG00000255870,0
ENSG00000255871,1
ENSG00000255872,7
ENSG00000255874,128
ENSG00000255875,0
ENSG00000255882,0
ENSG00000255883,23
ENSG00000255885,0
ENSG00000255886,0
ENSG00000255892,0
ENSG00000255893,4
ENSG00000255899,0
ENSG00000255900,0
ENSG00000255903,0
ENSG00000255909,2
ENSG00000255910,0
ENSG00000255916,0
ENSG00000255919,0
ENSG00000255920,1
ENSG00000255921,4
ENSG00000255923,0
ENSG00000255928,0
ENSG00000255929,0
ENSG00000255931,2
ENSG00000255933,2
ENSG00000255944,0
ENSG00000255945,0
ENSG00000255946,0
ENSG00000255947,1
ENSG00000255949,0
ENSG00000255951,0
ENSG00000255958,0
ENSG00000255959,0
ENSG00000255960,17
ENSG00000255964,0
ENSG00000255965,0
ENSG00000255966,4
ENSG00000255967,3
ENSG00000255968,5
ENSG00000255970,1
ENSG00000255972,0
ENSG00000255973,0
ENSG00000255974,2
ENSG00000255976,0
ENSG00000255977,0
ENSG00000255980,0
ENSG00000255982,0
ENSG00000255983,30
ENSG00000255986,1
ENSG00000255987,5
ENSG00000255988,0
ENSG00000255991,1
ENSG00000255992,39
ENSG00000255993,1
ENSG00000255995,0
ENSG00000255996,0
ENSG00000255998,0
ENSG00000256001,19
ENSG00000256004,0
ENSG00000256006,2
ENSG00000256007,0
ENSG00000256008,0
ENSG00000256011,1
ENSG00000256013,0
ENSG00000256019,1
ENSG00000256020,0
ENSG00000256021,0
ENSG00000256022,0
ENSG00000256025,0
ENSG00000256028,11
ENSG00000256029,0
ENSG00000256030,2
ENSG00000256031,1
ENSG00000256034,0
ENSG00000256035,0
ENSG00000256037,17
ENSG00000256039,25
ENSG00000256040,0
ENSG00000256041,0
ENSG00000256043,758
ENSG00000256044,0
ENSG00000256045,1
ENSG00000256050,4
ENSG00000256053,1597
ENSG00000256056,1
ENSG00000256060,203
ENSG00000256061,54
ENSG00000256064,0
ENSG00000256069,8
ENSG00000256070,1
ENSG00000256071,0
ENSG00000256072,0
ENSG00000256073,575
ENSG00000256075,0
ENSG00000256077,0
ENSG00000256079,0
ENSG00000256081,873
ENSG00000256083,0
ENSG00000256084,1
ENSG00000256085,0
ENSG00000256087,977
ENSG00000256091,0
ENSG00000256092,46
ENSG00000256093,0
ENSG00000256098,0
ENSG00000256100,2
ENSG00000256101,0
ENSG00000256103,1
ENSG00000256108,0
ENSG00000256115,15
ENSG00000256116,3
ENSG00000256120,0
ENSG00000256124,4
ENSG00000256125,0
ENSG00000256128,6
ENSG00000256134,0
ENSG00000256136,0
ENSG00000256137,0
ENSG00000256138,0
ENSG00000256139,6
ENSG00000256146,3
ENSG00000256148,5
ENSG00000256149,0
ENSG00000256150,0
ENSG00000256151,0
ENSG00000256152,0
ENSG00000256155,0
ENSG00000256157,0
ENSG00000256159,0
ENSG00000256162,0
ENSG00000256164,3
ENSG00000256166,21
ENSG00000256167,4
ENSG00000256171,1
ENSG00000256172,0
ENSG00000256176,0
ENSG00000256181,0
ENSG00000256185,10
ENSG00000256188,0
ENSG00000256189,1
ENSG00000256192,0
ENSG00000256193,0
ENSG00000256195,2
ENSG00000256196,32
ENSG00000256197,0
ENSG00000256199,0
ENSG00000256204,0
ENSG00000256206,0
ENSG00000256209,0
ENSG00000256210,38
ENSG00000256211,0
ENSG00000256218,3
ENSG00000256220,0
ENSG00000256221,0
ENSG00000256222,0
ENSG00000256223,507
ENSG00000256226,0
ENSG00000256229,2350
ENSG00000256232,0
ENSG00000256234,16
ENSG00000256235,568
ENSG00000256237,0
ENSG00000256238,70
ENSG00000256243,1
ENSG00000256248,1
ENSG00000256249,0
ENSG00000256250,0
ENSG00000256254,0
ENSG00000256256,0
ENSG00000256257,0
ENSG00000256258,0
ENSG00000256259,0
ENSG00000256262,13
ENSG00000256263,23
ENSG00000256268,1
ENSG00000256269,2625
ENSG00000256271,3
ENSG00000256273,0
ENSG00000256274,1
ENSG00000256276,1
ENSG00000256278,8
ENSG00000256280,7
ENSG00000256281,0
ENSG00000256282,9
ENSG00000256283,0
ENSG00000256285,0
ENSG00000256286,0
ENSG00000256287,0
ENSG00000256288,0
ENSG00000256292,0
ENSG00000256293,1
ENSG00000256294,308
ENSG00000256298,0
ENSG00000256299,0
ENSG00000256304,99
ENSG00000256306,0
ENSG00000256310,0
ENSG00000256311,0
ENSG00000256312,12
ENSG00000256314,0
ENSG00000256315,0
ENSG00000256321,0
ENSG00000256325,0
ENSG00000256331,0
ENSG00000256338,27
ENSG00000256339,0
ENSG00000256340,4
ENSG00000256341,0
ENSG00000256342,0
ENSG00000256343,0
ENSG00000256346,0
ENSG00000256347,0
ENSG00000256349,2
ENSG00000256350,1
ENSG00000256351,5
ENSG00000256353,0
ENSG00000256355,0
ENSG00000256356,2
ENSG00000256357,1
ENSG00000256358,0
ENSG00000256361,0
ENSG00000256362,0
ENSG00000256364,0
ENSG00000256371,0
ENSG00000256372,0
ENSG00000256374,0
ENSG00000256377,15
ENSG00000256378,0
ENSG00000256379,1
ENSG00000256381,0
ENSG00000256385,4
ENSG00000256389,0
ENSG00000256393,479
ENSG00000256394,0
ENSG00000256399,0
ENSG00000256400,0
ENSG00000256403,0
ENSG00000256407,0
ENSG00000256417,190
ENSG00000256420,0
ENSG00000256422,0
ENSG00000256424,0
ENSG00000256427,0
ENSG00000256433,111
ENSG00000256436,4
ENSG00000256440,0
ENSG00000256441,0
ENSG00000256442,2
ENSG00000256443,72
ENSG00000256448,2
ENSG00000256450,1
ENSG00000256452,6
ENSG00000256453,0
ENSG00000256458,0
ENSG00000256462,0
ENSG00000256463,1
ENSG00000256464,0
ENSG00000256465,0
ENSG00000256469,0
ENSG00000256473,0
ENSG00000256474,0
ENSG00000256480,0
ENSG00000256481,0
ENSG00000256482,2
ENSG00000256484,0
ENSG00000256494,0
ENSG00000256496,0
ENSG00000256499,0
ENSG00000256500,0
ENSG00000256502,0
ENSG00000256504,1
ENSG00000256508,2
ENSG00000256512,0
ENSG00000256513,0
ENSG00000256514,0
ENSG00000256518,0
ENSG00000256525,1309
ENSG00000256533,0
ENSG00000256537,1999
ENSG00000256538,1
ENSG00000256540,10
ENSG00000256542,3
ENSG00000256546,1
ENSG00000256551,0
ENSG00000256552,3
ENSG00000256553,1
ENSG00000256557,0
ENSG00000256560,0
ENSG00000256563,0
ENSG00000256564,2
ENSG00000256566,0
ENSG00000256568,1
ENSG00000256569,0
ENSG00000256571,0
ENSG00000256574,2
ENSG00000256576,151
ENSG00000256577,0
ENSG00000256581,0
ENSG00000256582,0
ENSG00000256588,0
ENSG00000256589,3
ENSG00000256590,0
ENSG00000256591,51
ENSG00000256594,383
ENSG00000256596,1
ENSG00000256597,0
ENSG00000256603,1
ENSG00000256609,0
ENSG00000256612,7
ENSG00000256614,0
ENSG00000256615,16
ENSG00000256616,28
ENSG00000256618,2
ENSG00000256625,3
ENSG00000256626,0
ENSG00000256627,0
ENSG00000256628,53
ENSG00000256630,0
ENSG00000256632,2
ENSG00000256633,10
ENSG00000256637,0
ENSG00000256640,0
ENSG00000256642,0
ENSG00000256643,0
ENSG00000256646,2
ENSG00000256650,1
ENSG00000256651,0
ENSG00000256654,0
ENSG00000256657,0
ENSG00000256658,0
ENSG00000256659,0
ENSG00000256660,0
ENSG00000256661,0
ENSG00000256663,69
ENSG00000256664,0
ENSG00000256667,65
ENSG00000256670,0
ENSG00000256671,0
ENSG00000256672,0
ENSG00000256673,4
ENSG00000256674,1
ENSG00000256678,1
ENSG00000256681,1
ENSG00000256682,3
ENSG00000256683,862
ENSG00000256684,0
ENSG00000256686,0
ENSG00000256690,18
ENSG00000256691,0
ENSG00000256694,26
ENSG00000256695,0
ENSG00000256699,0
ENSG00000256704,0
ENSG00000256705,4
ENSG00000256706,0
ENSG00000256708,0
ENSG00000256709,0
ENSG00000256712,4
ENSG00000256713,0
ENSG00000256714,0
ENSG00000256717,0
ENSG00000256720,2
ENSG00000256721,0
ENSG00000256723,0
ENSG00000256725,0
ENSG00000256732,0
ENSG00000256733,0
ENSG00000256734,2
ENSG00000256737,1
ENSG00000256739,0
ENSG00000256742,4
ENSG00000256745,11
ENSG00000256746,0
ENSG00000256747,0
ENSG00000256748,0
ENSG00000256750,0
ENSG00000256751,79
ENSG00000256752,0
ENSG00000256756,1
ENSG00000256757,0
ENSG00000256762,0
ENSG00000256763,0
ENSG00000256769,0
ENSG00000256771,1439
ENSG00000256774,0
ENSG00000256777,0
ENSG00000256779,0
ENSG00000256783,0
ENSG00000256789,0
ENSG00000256790,0
ENSG00000256797,0
ENSG00000256799,0
ENSG00000256802,10
ENSG00000256803,0
ENSG00000256804,0
ENSG00000256806,119
ENSG00000256810,0
ENSG00000256811,4
ENSG00000256812,1
ENSG00000256813,0
ENSG00000256814,0
ENSG00000256817,0
ENSG00000256824,1
ENSG00000256825,0
ENSG00000256826,1
ENSG00000256827,3
ENSG00000256835,0
ENSG00000256837,0
ENSG00000256843,0
ENSG00000256844,0
ENSG00000256847,0
ENSG00000256849,14
ENSG00000256851,0
ENSG00000256852,0
ENSG00000256861,0
ENSG00000256862,8
ENSG00000256863,0
ENSG00000256870,1
ENSG00000256875,1
ENSG00000256879,0
ENSG00000256884,0
ENSG00000256888,0
ENSG00000256892,0
ENSG00000256894,7
ENSG00000256896,0
ENSG00000256897,3
ENSG00000256898,0
ENSG00000256902,0
ENSG00000256904,0
ENSG00000256906,0
ENSG00000256912,0
ENSG00000256913,7
ENSG00000256915,0
ENSG00000256916,20
ENSG00000256917,1
ENSG00000256922,0
ENSG00000256923,0
ENSG00000256925,0
ENSG00000256927,0
ENSG00000256928,0
ENSG00000256937,2
ENSG00000256940,185
ENSG00000256943,1
ENSG00000256944,2
ENSG00000256947,0
ENSG00000256948,7
ENSG00000256950,4
ENSG00000256951,0
ENSG00000256953,0
ENSG00000256955,33
ENSG00000256963,0
ENSG00000256966,5
ENSG00000256967,25
ENSG00000256968,31
ENSG00000256969,3
ENSG00000256971,0
ENSG00000256972,0
ENSG00000256973,2
ENSG00000256975,0
ENSG00000256977,0
ENSG00000256980,9
ENSG00000256981,2
ENSG00000256982,92
ENSG00000256984,1
ENSG00000256986,0
ENSG00000256987,2
ENSG00000256988,0
ENSG00000256994,0
ENSG00000256995,0
ENSG00000257000,0
ENSG00000257002,90
ENSG00000257004,6
ENSG00000257005,0
ENSG00000257008,1
ENSG00000257009,0
ENSG00000257012,0
ENSG00000257016,0
ENSG00000257017,21
ENSG00000257021,0
ENSG00000257022,1
ENSG00000257023,1
ENSG00000257025,0
ENSG00000257027,264
ENSG00000257035,0
ENSG00000257037,0
ENSG00000257038,11
ENSG00000257042,1
ENSG00000257043,2
ENSG00000257045,0
ENSG00000257046,0
ENSG00000257048,0
ENSG00000257052,13
ENSG00000257053,0
ENSG00000257056,0
ENSG00000257057,0
ENSG00000257058,19
ENSG00000257060,0
ENSG00000257061,0
ENSG00000257062,0
ENSG00000257065,2
ENSG00000257067,0
ENSG00000257069,1
ENSG00000257070,1
ENSG00000257074,3
ENSG00000257075,0
ENSG00000257078,0
ENSG00000257083,0
ENSG00000257084,69
ENSG00000257086,63
ENSG00000257087,0
ENSG00000257093,5979
ENSG00000257094,0
ENSG00000257095,0
ENSG00000257096,0
ENSG00000257097,1
ENSG00000257101,0
ENSG00000257103,8045
ENSG00000257105,0
ENSG00000257108,21
ENSG00000257109,0
ENSG00000257110,0
ENSG00000257113,0
ENSG00000257114,0
ENSG00000257115,0
ENSG00000257119,0
ENSG00000257120,0
ENSG00000257121,0
ENSG00000257122,131
ENSG00000257124,0
ENSG00000257125,0
ENSG00000257126,0
ENSG00000257127,0
ENSG00000257128,0
ENSG00000257129,2
ENSG00000257135,12
ENSG00000257137,1
ENSG00000257138,1
ENSG00000257139,0
ENSG00000257141,0
ENSG00000257142,1
ENSG00000257146,0
ENSG00000257150,5
ENSG00000257151,18
ENSG00000257155,0
ENSG00000257156,0
ENSG00000257157,0
ENSG00000257159,1
ENSG00000257162,9
ENSG00000257164,0
ENSG00000257165,0
ENSG00000257167,74
ENSG00000257169,0
ENSG00000257171,0
ENSG00000257173,0
ENSG00000257175,0
ENSG00000257176,20
ENSG00000257178,0
ENSG00000257179,5
ENSG00000257180,0
ENSG00000257181,0
ENSG00000257183,0
ENSG00000257184,0
ENSG00000257185,0
ENSG00000257191,1
ENSG00000257193,5
ENSG00000257194,9
ENSG00000257195,3
ENSG00000257198,0
ENSG00000257199,0
ENSG00000257202,1
ENSG00000257207,12
ENSG00000257210,0
ENSG00000257218,1181
ENSG00000257219,5
ENSG00000257220,0
ENSG00000257221,13
ENSG00000257222,1
ENSG00000257224,0
ENSG00000257225,2
ENSG00000257226,0
ENSG00000257228,0
ENSG00000257230,0
ENSG00000257231,2
ENSG00000257235,0
ENSG00000257237,0
ENSG00000257239,0
ENSG00000257241,0
ENSG00000257242,13
ENSG00000257243,1
ENSG00000257246,1
ENSG00000257252,43
ENSG00000257253,0
ENSG00000257254,0
ENSG00000257256,4
ENSG00000257258,0
ENSG00000257259,5
ENSG00000257261,69
ENSG00000257262,0
ENSG00000257264,2
ENSG00000257265,2
ENSG00000257267,1693
ENSG00000257268,0
ENSG00000257270,42
ENSG00000257271,0
ENSG00000257272,3
ENSG00000257275,7
ENSG00000257277,0
ENSG00000257279,4
ENSG00000257281,0
ENSG00000257283,2
ENSG00000257284,0
ENSG00000257285,32
ENSG00000257286,0
ENSG00000257287,0
ENSG00000257288,0
ENSG00000257289,0
ENSG00000257292,0
ENSG00000257294,0
ENSG00000257296,0
ENSG00000257298,21
ENSG00000257300,0
ENSG00000257302,0
ENSG00000257303,33
ENSG00000257307,18
ENSG00000257308,0
ENSG00000257310,0
ENSG00000257315,82
ENSG00000257316,2
ENSG00000257319,0
ENSG00000257322,21
ENSG00000257323,0
ENSG00000257325,0
ENSG00000257327,1
ENSG00000257329,0
ENSG00000257331,0
ENSG00000257332,0
ENSG00000257335,7
ENSG00000257336,1
ENSG00000257337,481
ENSG00000257341,3
ENSG00000257342,0
ENSG00000257343,0
ENSG00000257345,1
ENSG00000257346,0
ENSG00000257350,0
ENSG00000257354,66
ENSG00000257355,1
ENSG00000257356,0
ENSG00000257359,0
ENSG00000257360,0
ENSG00000257364,0
ENSG00000257365,1234
ENSG00000257366,0
ENSG00000257368,0
ENSG00000257373,0
ENSG00000257376,1
ENSG00000257378,0
ENSG00000257379,5
ENSG00000257381,0
ENSG00000257384,0
ENSG00000257386,0
ENSG00000257389,0
ENSG00000257390,15
ENSG00000257391,0
ENSG00000257392,0
ENSG00000257395,0
ENSG00000257398,12
ENSG00000257400,0
ENSG00000257402,0
ENSG00000257403,0
ENSG00000257404,0
ENSG00000257405,0
ENSG00000257407,0
ENSG00000257408,0
ENSG00000257410,0
ENSG00000257411,0
ENSG00000257414,0
ENSG00000257415,0
ENSG00000257426,1
ENSG00000257429,0
ENSG00000257431,0
ENSG00000257432,0
ENSG00000257433,16
ENSG00000257434,0
ENSG00000257435,0
ENSG00000257438,0
ENSG00000257443,9
ENSG00000257444,0
ENSG00000257446,23
ENSG00000257449,0
ENSG00000257452,0
ENSG00000257453,0
ENSG00000257454,1
ENSG00000257456,1
ENSG00000257458,0
ENSG00000257464,7
ENSG00000257465,0
ENSG00000257467,6
ENSG00000257470,0
ENSG00000257472,0
ENSG00000257474,0
ENSG00000257475,0
ENSG00000257476,0
ENSG00000257477,0
ENSG00000257480,0
ENSG00000257488,0
ENSG00000257489,26
ENSG00000257493,0
ENSG00000257494,0
ENSG00000257495,1
ENSG00000257496,2
ENSG00000257497,51
ENSG00000257500,0
ENSG00000257501,1
ENSG00000257503,0
ENSG00000257504,0
ENSG00000257506,0
ENSG00000257507,0
ENSG00000257509,13
ENSG00000257510,0
ENSG00000257511,55
ENSG00000257512,53
ENSG00000257513,9
ENSG00000257514,0
ENSG00000257515,0
ENSG00000257517,0
ENSG00000257519,0
ENSG00000257520,0
ENSG00000257522,0
ENSG00000257523,0
ENSG00000257524,7
ENSG00000257526,16
ENSG00000257527,0
ENSG00000257528,0
ENSG00000257529,1
ENSG00000257530,0
ENSG00000257531,6
ENSG00000257534,5
ENSG00000257539,1
ENSG00000257541,0
ENSG00000257542,18
ENSG00000257543,11
ENSG00000257545,10
ENSG00000257548,0
ENSG00000257550,0
ENSG00000257551,1
ENSG00000257553,0
ENSG00000257556,6
ENSG00000257557,91
ENSG00000257558,1
ENSG00000257563,0
ENSG00000257564,0
ENSG00000257568,0
ENSG00000257569,0
ENSG00000257570,0
ENSG00000257572,0
ENSG00000257576,14
ENSG00000257579,0
ENSG00000257580,0
ENSG00000257582,0
ENSG00000257583,0
ENSG00000257585,0
ENSG00000257586,0
ENSG00000257587,0
ENSG00000257588,667
ENSG00000257591,16
ENSG00000257594,13
ENSG00000257595,4
ENSG00000257596,5
ENSG00000257599,1
ENSG00000257603,0
ENSG00000257604,5
ENSG00000257605,28
ENSG00000257607,0
ENSG00000257609,0
ENSG00000257611,2
ENSG00000257612,0
ENSG00000257613,5
ENSG00000257614,0
ENSG00000257616,0
ENSG00000257621,1500
ENSG00000257622,0
ENSG00000257624,0
ENSG00000257629,0
ENSG00000257634,28
ENSG00000257635,1
ENSG00000257636,63
ENSG00000257639,0
ENSG00000257640,0
ENSG00000257642,1
ENSG00000257643,0
ENSG00000257644,0
ENSG00000257645,0
ENSG00000257647,0
ENSG00000257648,0
ENSG00000257649,0
ENSG00000257653,0
ENSG00000257654,0
ENSG00000257657,2
ENSG00000257658,0
ENSG00000257660,0
ENSG00000257662,1
ENSG00000257663,0
ENSG00000257664,0
ENSG00000257666,0
ENSG00000257668,0
ENSG00000257671,284
ENSG00000257672,0
ENSG00000257674,0
ENSG00000257675,0
ENSG00000257677,0
ENSG00000257680,0
ENSG00000257681,6
ENSG00000257682,0
ENSG00000257683,0
ENSG00000257687,0
ENSG00000257691,0
ENSG00000257696,17
ENSG00000257698,178
ENSG00000257700,0
ENSG00000257702,1090
ENSG00000257703,0
ENSG00000257704,472
ENSG00000257711,0
ENSG00000257715,0
ENSG00000257718,3
ENSG00000257720,0
ENSG00000257721,0
ENSG00000257723,0
ENSG00000257725,1
ENSG00000257726,0
ENSG00000257727,1266
ENSG00000257729,0
ENSG00000257730,0
ENSG00000257731,0
ENSG00000257732,0
ENSG00000257735,0
ENSG00000257737,0
ENSG00000257738,0
ENSG00000257740,13
ENSG00000257741,0
ENSG00000257743,3
ENSG00000257746,1
ENSG00000257747,0
ENSG00000257748,0
ENSG00000257750,0
ENSG00000257751,0
ENSG00000257752,1
ENSG00000257754,0
ENSG00000257756,0
ENSG00000257757,0
ENSG00000257758,4
ENSG00000257759,0
ENSG00000257761,0
ENSG00000257762,0
ENSG00000257763,1
ENSG00000257764,0
ENSG00000257766,0
ENSG00000257767,0
ENSG00000257769,4
ENSG00000257771,0
ENSG00000257773,5
ENSG00000257777,0
ENSG00000257779,0
ENSG00000257780,26
ENSG00000257781,0
ENSG00000257784,0
ENSG00000257786,0
ENSG00000257787,0
ENSG00000257790,7
ENSG00000257792,0
ENSG00000257794,0
ENSG00000257797,0
ENSG00000257800,103
ENSG00000257802,2
ENSG00000257803,1
ENSG00000257807,0
ENSG00000257808,1
ENSG00000257809,4
ENSG00000257813,0
ENSG00000257815,47
ENSG00000257817,3
ENSG00000257818,2
ENSG00000257820,0
ENSG00000257823,0
ENSG00000257824,0
ENSG00000257825,0
ENSG00000257826,0
ENSG00000257829,29
ENSG00000257830,0
ENSG00000257831,1
ENSG00000257835,0
ENSG00000257837,0
ENSG00000257838,18
ENSG00000257839,0
ENSG00000257842,0
ENSG00000257844,0
ENSG00000257845,0
ENSG00000257846,0
ENSG00000257847,0
ENSG00000257848,0
ENSG00000257849,2
ENSG00000257851,9
ENSG00000257852,0
ENSG00000257853,0
ENSG00000257855,0
ENSG00000257858,0
ENSG00000257859,1
ENSG00000257860,0
ENSG00000257863,0
ENSG00000257864,0
ENSG00000257865,0
ENSG00000257869,52
ENSG00000257870,0
ENSG00000257872,0
ENSG00000257875,2
ENSG00000257878,0
ENSG00000257879,0
ENSG00000257880,0
ENSG00000257883,0
ENSG00000257884,2
ENSG00000257885,0
ENSG00000257886,1
ENSG00000257890,0
ENSG00000257891,22
ENSG00000257893,0
ENSG00000257894,11
ENSG00000257896,4
ENSG00000257897,0
ENSG00000257899,0
ENSG00000257900,3
ENSG00000257902,0
ENSG00000257904,0
ENSG00000257905,0
ENSG00000257906,2
ENSG00000257907,0
ENSG00000257910,1
ENSG00000257912,0
ENSG00000257913,12
ENSG00000257915,0
ENSG00000257918,0
ENSG00000257920,0
ENSG00000257921,3
ENSG00000257923,5483
ENSG00000257924,0
ENSG00000257925,3
ENSG00000257927,0
ENSG00000257932,0
ENSG00000257933,0
ENSG00000257935,0
ENSG00000257940,2
ENSG00000257941,1
ENSG00000257943,0
ENSG00000257947,0
ENSG00000257948,0
ENSG00000257949,4
ENSG00000257950,47
ENSG00000257951,29
ENSG00000257953,0
ENSG00000257954,0
ENSG00000257955,0
ENSG00000257956,2
ENSG00000257957,0
ENSG00000257958,0
ENSG00000257959,0
ENSG00000257962,0
ENSG00000257964,1
ENSG00000257966,0
ENSG00000257976,0
ENSG00000257979,0
ENSG00000257985,2
ENSG00000257986,1
ENSG00000257987,1
ENSG00000257989,25
ENSG00000257991,1
ENSG00000257994,0
ENSG00000257995,0
ENSG00000257997,0
ENSG00000257998,0
ENSG00000257999,2
ENSG00000258001,3
ENSG00000258007,0
ENSG00000258010,1
ENSG00000258011,2
ENSG00000258012,0
ENSG00000258013,1
ENSG00000258016,0
ENSG00000258017,9
ENSG00000258018,0
ENSG00000258021,0
ENSG00000258024,0
ENSG00000258026,0
ENSG00000258027,0
ENSG00000258028,31
ENSG00000258033,0
ENSG00000258034,3
ENSG00000258035,0
ENSG00000258036,0
ENSG00000258038,123
ENSG00000258039,0
ENSG00000258044,1
ENSG00000258045,11
ENSG00000258048,14
ENSG00000258050,0
ENSG00000258051,0
ENSG00000258052,0
ENSG00000258053,26
ENSG00000258056,258
ENSG00000258057,43
ENSG00000258064,0
ENSG00000258065,29
ENSG00000258066,0
ENSG00000258068,0
ENSG00000258071,0
ENSG00000258072,26
ENSG00000258073,0
ENSG00000258074,0
ENSG00000258076,0
ENSG00000258077,0
ENSG00000258080,0
ENSG00000258081,0
ENSG00000258082,4
ENSG00000258083,0
ENSG00000258084,0
ENSG00000258086,0
ENSG00000258088,0
ENSG00000258090,1
ENSG00000258091,0
ENSG00000258092,0
ENSG00000258096,0
ENSG00000258098,0
ENSG00000258099,15
ENSG00000258100,1
ENSG00000258101,28
ENSG00000258102,106
ENSG00000258104,0
ENSG00000258107,0
ENSG00000258108,0
ENSG00000258111,1
ENSG00000258112,32
ENSG00000258114,0
ENSG00000258115,0
ENSG00000258116,4
ENSG00000258117,0
ENSG00000258118,0
ENSG00000258119,0
ENSG00000258120,0
ENSG00000258121,0
ENSG00000258122,2
ENSG00000258123,0
ENSG00000258125,0
ENSG00000258128,1
ENSG00000258130,2
ENSG00000258131,0
ENSG00000258133,0
ENSG00000258134,0
ENSG00000258135,0
ENSG00000258136,10
ENSG00000258137,1
ENSG00000258140,0
ENSG00000258142,0
ENSG00000258144,0
ENSG00000258148,0
ENSG00000258150,0
ENSG00000258153,0
ENSG00000258154,0
ENSG00000258159,0
ENSG00000258162,16
ENSG00000258167,0
ENSG00000258168,8
ENSG00000258169,2
ENSG00000258170,0
ENSG00000258171,75
ENSG00000258172,0
ENSG00000258173,0
ENSG00000258175,0
ENSG00000258177,1
ENSG00000258178,0
ENSG00000258179,0
ENSG00000258181,10
ENSG00000258183,0
ENSG00000258184,0
ENSG00000258185,0
ENSG00000258186,0
ENSG00000258193,0
ENSG00000258196,0
ENSG00000258197,0
ENSG00000258199,104
ENSG00000258202,0
ENSG00000258203,1
ENSG00000258204,0
ENSG00000258205,0
ENSG00000258206,0
ENSG00000258210,4
ENSG00000258212,0
ENSG00000258214,0
ENSG00000258215,2
ENSG00000258216,1
ENSG00000258220,0
ENSG00000258223,0
ENSG00000258224,0
ENSG00000258225,0
ENSG00000258227,78
ENSG00000258230,1
ENSG00000258231,0
ENSG00000258232,0
ENSG00000258233,0
ENSG00000258234,2
ENSG00000258235,0
ENSG00000258239,0
ENSG00000258240,2
ENSG00000258244,0
ENSG00000258245,1
ENSG00000258247,0
ENSG00000258249,0
ENSG00000258251,0
ENSG00000258253,0
ENSG00000258254,0
ENSG00000258256,2
ENSG00000258260,0
ENSG00000258262,0
ENSG00000258265,0
ENSG00000258268,1
ENSG00000258271,0
ENSG00000258272,0
ENSG00000258273,1
ENSG00000258274,0
ENSG00000258275,0
ENSG00000258278,0
ENSG00000258279,5
ENSG00000258280,0
ENSG00000258282,1
ENSG00000258283,0
ENSG00000258284,0
ENSG00000258285,1
ENSG00000258288,0
ENSG00000258289,3559
ENSG00000258290,1
ENSG00000258292,0
ENSG00000258294,9
ENSG00000258297,931
ENSG00000258300,1
ENSG00000258301,32
ENSG00000258302,16
ENSG00000258303,0
ENSG00000258304,0
ENSG00000258308,2
ENSG00000258311,60
ENSG00000258312,0
ENSG00000258313,0
ENSG00000258314,41
ENSG00000258315,102
ENSG00000258316,1
ENSG00000258317,5
ENSG00000258320,0
ENSG00000258323,0
ENSG00000258324,0
ENSG00000258325,29
ENSG00000258331,1
ENSG00000258332,0
ENSG00000258334,2
ENSG00000258336,0
ENSG00000258337,0
ENSG00000258338,0
ENSG00000258342,0
ENSG00000258343,1
ENSG00000258344,0
ENSG00000258345,0
ENSG00000258346,0
ENSG00000258350,0
ENSG00000258352,8
ENSG00000258354,1
ENSG00000258355,0
ENSG00000258357,0
ENSG00000258358,0
ENSG00000258359,12
ENSG00000258360,0
ENSG00000258364,0
ENSG00000258365,36
ENSG00000258366,87
ENSG00000258367,0
ENSG00000258368,0
ENSG00000258369,0
ENSG00000258373,1
ENSG00000258375,0
ENSG00000258376,27
ENSG00000258377,0
ENSG00000258378,9
ENSG00000258379,0
ENSG00000258380,0
ENSG00000258381,0
ENSG00000258383,0
ENSG00000258384,27
ENSG00000258385,0
ENSG00000258386,0
ENSG00000258387,0
ENSG00000258388,10
ENSG00000258390,0
ENSG00000258392,0
ENSG00000258393,1
ENSG00000258394,0
ENSG00000258397,0
ENSG00000258399,2
ENSG00000258400,0
ENSG00000258401,1
ENSG00000258402,0
ENSG00000258404,0
ENSG00000258405,26
ENSG00000258406,0
ENSG00000258407,0
ENSG00000258408,1
ENSG00000258410,0
ENSG00000258411,0
ENSG00000258412,2
ENSG00000258413,1
ENSG00000258414,83
ENSG00000258415,0
ENSG00000258416,11
ENSG00000258417,0
ENSG00000258418,0
ENSG00000258419,0
ENSG00000258420,0
ENSG00000258421,0
ENSG00000258422,0
ENSG00000258423,1
ENSG00000258424,15
ENSG00000258425,0
ENSG00000258426,0
ENSG00000258427,11
ENSG00000258428,0
ENSG00000258429,251
ENSG00000258430,0
ENSG00000258431,0
ENSG00000258433,0
ENSG00000258435,7
ENSG00000258436,0
ENSG00000258437,0
ENSG00000258438,0
ENSG00000258439,2
ENSG00000258440,0
ENSG00000258441,678
ENSG00000258443,5
ENSG00000258444,0
ENSG00000258445,1
ENSG00000258446,4
ENSG00000258448,0
ENSG00000258449,0
ENSG00000258450,1
ENSG00000258451,127
ENSG00000258452,0
ENSG00000258453,0
ENSG00000258454,15
ENSG00000258455,0
ENSG00000258456,0
ENSG00000258457,93
ENSG00000258458,18
ENSG00000258459,2
ENSG00000258460,3
ENSG00000258461,28
ENSG00000258462,0
ENSG00000258463,0
ENSG00000258464,0
ENSG00000258465,1
ENSG00000258466,2
ENSG00000258467,0
ENSG00000258468,0
ENSG00000258469,9
ENSG00000258471,12
ENSG00000258472,189
ENSG00000258473,0
ENSG00000258474,4
ENSG00000258476,1
ENSG00000258477,2
ENSG00000258478,0
ENSG00000258479,9
ENSG00000258480,0
ENSG00000258481,0
ENSG00000258482,0
ENSG00000258483,0
ENSG00000258484,21
ENSG00000258485,0
ENSG00000258486,0
ENSG00000258487,0
ENSG00000258488,0
ENSG00000258489,0
ENSG00000258490,0
ENSG00000258491,1
ENSG00000258493,0
ENSG00000258494,0
ENSG00000258496,0
ENSG00000258497,38
ENSG00000258498,20
ENSG00000258499,0
ENSG00000258500,0
ENSG00000258501,1
ENSG00000258502,0
ENSG00000258503,0
ENSG00000258504,0
ENSG00000258505,0
ENSG00000258506,0
ENSG00000258507,0
ENSG00000258509,0
ENSG00000258510,0
ENSG00000258511,1
ENSG00000258512,8
ENSG00000258513,0
ENSG00000258515,12
ENSG00000258516,0
ENSG00000258517,108
ENSG00000258519,0
ENSG00000258520,5
ENSG00000258521,9
ENSG00000258524,0
ENSG00000258525,5
ENSG00000258526,21
ENSG00000258527,0
ENSG00000258529,0
ENSG00000258531,0
ENSG00000258532,0
ENSG00000258534,12
ENSG00000258535,10
ENSG00000258536,0
ENSG00000258537,2
ENSG00000258538,0
ENSG00000258539,3
ENSG00000258540,0
ENSG00000258541,0
ENSG00000258542,0
ENSG00000258544,0
ENSG00000258545,23
ENSG00000258546,1
ENSG00000258548,0
ENSG00000258549,0
ENSG00000258550,0
ENSG00000258551,2
ENSG00000258552,0
ENSG00000258553,1
ENSG00000258554,0
ENSG00000258555,5
ENSG00000258556,0
ENSG00000258557,0
ENSG00000258558,3
ENSG00000258559,13
ENSG00000258560,0
ENSG00000258561,5
ENSG00000258562,0
ENSG00000258563,0
ENSG00000258564,0
ENSG00000258565,0
ENSG00000258566,0
ENSG00000258567,0
ENSG00000258568,5
ENSG00000258569,1
ENSG00000258570,0
ENSG00000258571,1
ENSG00000258572,17
ENSG00000258573,0
ENSG00000258576,0
ENSG00000258577,0
ENSG00000258578,0
ENSG00000258580,0
ENSG00000258581,0
ENSG00000258582,0
ENSG00000258583,0
ENSG00000258584,11
ENSG00000258585,0
ENSG00000258586,0
ENSG00000258587,1
ENSG00000258588,0
ENSG00000258590,3
ENSG00000258591,11
ENSG00000258592,1
ENSG00000258593,8
ENSG00000258594,0
ENSG00000258595,0
ENSG00000258597,0
ENSG00000258598,0
ENSG00000258599,3
ENSG00000258600,0
ENSG00000258601,0
ENSG00000258602,0
ENSG00000258603,3
ENSG00000258604,1
ENSG00000258605,0
ENSG00000258608,1
ENSG00000258609,1
ENSG00000258610,0
ENSG00000258611,1
ENSG00000258613,2
ENSG00000258615,4
ENSG00000258616,283
ENSG00000258618,0
ENSG00000258619,0
ENSG00000258620,0
ENSG00000258622,0
ENSG00000258623,1
ENSG00000258624,0
ENSG00000258625,0
ENSG00000258626,1
ENSG00000258627,0
ENSG00000258628,3
ENSG00000258629,0
ENSG00000258630,13
ENSG00000258631,0
ENSG00000258632,0
ENSG00000258633,1
ENSG00000258634,164
ENSG00000258636,2
ENSG00000258637,0
ENSG00000258638,1
ENSG00000258639,0
ENSG00000258640,1
ENSG00000258641,0
ENSG00000258642,0
ENSG00000258643,6
ENSG00000258644,12
ENSG00000258645,9
ENSG00000258646,6
ENSG00000258647,16
ENSG00000258648,4
ENSG00000258649,0
ENSG00000258650,0
ENSG00000258651,0
ENSG00000258652,0
ENSG00000258653,15
ENSG00000258654,1
ENSG00000258655,188
ENSG00000258656,0
ENSG00000258657,0
ENSG00000258658,2
ENSG00000258659,17
ENSG00000258660,0
ENSG00000258661,9
ENSG00000258662,0
ENSG00000258663,0
ENSG00000258665,0
ENSG00000258666,0
ENSG00000258667,4
ENSG00000258668,0
ENSG00000258670,2
ENSG00000258671,0
ENSG00000258672,0
ENSG00000258673,0
ENSG00000258674,56
ENSG00000258675,5
ENSG00000258676,2
ENSG00000258677,0
ENSG00000258678,0
ENSG00000258679,1
ENSG00000258680,0
ENSG00000258681,0
ENSG00000258682,22
ENSG00000258683,0
ENSG00000258684,0
ENSG00000258685,0
ENSG00000258687,0
ENSG00000258689,25
ENSG00000258690,0
ENSG00000258691,2
ENSG00000258692,1
ENSG00000258693,0
ENSG00000258694,0
ENSG00000258695,6
ENSG00000258696,0
ENSG00000258698,0
ENSG00000258699,0
ENSG00000258700,0
ENSG00000258701,58
ENSG00000258702,2
ENSG00000258703,0
ENSG00000258704,30
ENSG00000258705,0
ENSG00000258706,0
ENSG00000258707,1
ENSG00000258708,74
ENSG00000258710,4
ENSG00000258711,23
ENSG00000258712,0
ENSG00000258713,1
ENSG00000258716,0
ENSG00000258717,0
ENSG00000258718,0
ENSG00000258719,0
ENSG00000258721,0
ENSG00000258722,0
ENSG00000258723,0
ENSG00000258724,0
ENSG00000258725,21
ENSG00000258726,0
ENSG00000258727,115
ENSG00000258728,0
ENSG00000258729,0
ENSG00000258730,0
ENSG00000258731,1
ENSG00000258732,7
ENSG00000258733,18
ENSG00000258734,9
ENSG00000258735,4
ENSG00000258736,0
ENSG00000258737,0
ENSG00000258738,225
ENSG00000258739,0
ENSG00000258740,1
ENSG00000258741,10
ENSG00000258742,0
ENSG00000258743,9
ENSG00000258744,46
ENSG00000258745,2
ENSG00000258746,0
ENSG00000258747,0
ENSG00000258748,2
ENSG00000258749,0
ENSG00000258750,0
ENSG00000258751,0
ENSG00000258752,1
ENSG00000258753,0
ENSG00000258754,29
ENSG00000258757,0
ENSG00000258758,0
ENSG00000258759,1
ENSG00000258760,10
ENSG00000258761,0
ENSG00000258762,0
ENSG00000258763,2
ENSG00000258764,0
ENSG00000258765,0
ENSG00000258766,0
ENSG00000258767,0
ENSG00000258768,244
ENSG00000258769,1
ENSG00000258770,0
ENSG00000258771,0
ENSG00000258772,0
ENSG00000258773,0
ENSG00000258774,10
ENSG00000258776,0
ENSG00000258777,6
ENSG00000258778,0
ENSG00000258779,0
ENSG00000258780,5
ENSG00000258781,0
ENSG00000258782,1
ENSG00000258783,0
ENSG00000258784,0
ENSG00000258785,3
ENSG00000258786,0
ENSG00000258787,0
ENSG00000258788,13
ENSG00000258789,24
ENSG00000258790,10
ENSG00000258791,1
ENSG00000258792,0
ENSG00000258793,4
ENSG00000258794,4
ENSG00000258795,0
ENSG00000258796,0
ENSG00000258797,0
ENSG00000258798,2
ENSG00000258799,0
ENSG00000258800,0
ENSG00000258802,3
ENSG00000258803,0
ENSG00000258804,0
ENSG00000258805,0
ENSG00000258806,6
ENSG00000258807,1
ENSG00000258808,0
ENSG00000258809,3
ENSG00000258810,3
ENSG00000258811,3
ENSG00000258812,0
ENSG00000258813,9
ENSG00000258814,0
ENSG00000258815,9
ENSG00000258816,0
ENSG00000258817,0
ENSG00000258818,94
ENSG00000258819,4
ENSG00000258820,1
ENSG00000258822,0
ENSG00000258823,3
ENSG00000258824,29
ENSG00000258825,1
ENSG00000258826,0
ENSG00000258827,0
ENSG00000258828,2
ENSG00000258829,0
ENSG00000258830,0
ENSG00000258831,2
ENSG00000258834,0
ENSG00000258835,0
ENSG00000258836,0
ENSG00000258837,68
ENSG00000258838,8
ENSG00000258839,251
ENSG00000258841,2
ENSG00000258842,0
ENSG00000258843,0
ENSG00000258844,0
ENSG00000258845,0
ENSG00000258846,0
ENSG00000258847,1
ENSG00000258848,0
ENSG00000258849,0
ENSG00000258850,0
ENSG00000258851,2
ENSG00000258853,0
ENSG00000258854,0
ENSG00000258855,0
ENSG00000258856,0
ENSG00000258857,0
ENSG00000258858,0
ENSG00000258859,0
ENSG00000258860,0
ENSG00000258861,0
ENSG00000258863,0
ENSG00000258864,0
ENSG00000258866,0
ENSG00000258867,4
ENSG00000258868,0
ENSG00000258869,0
ENSG00000258870,2
ENSG00000258871,0
ENSG00000258872,0
ENSG00000258873,0
ENSG00000258874,0
ENSG00000258875,34
ENSG00000258876,1
ENSG00000258877,0
ENSG00000258878,2
ENSG00000258879,0
ENSG00000258881,3
ENSG00000258882,0
ENSG00000258883,0
ENSG00000258884,73
ENSG00000258885,0
ENSG00000258886,0
ENSG00000258887,0
ENSG00000258888,0
ENSG00000258890,5695
ENSG00000258891,1
ENSG00000258892,0
ENSG00000258893,0
ENSG00000258894,0
ENSG00000258895,0
ENSG00000258896,0
ENSG00000258897,0
ENSG00000258899,0
ENSG00000258900,19
ENSG00000258901,0
ENSG00000258902,0
ENSG00000258903,0
ENSG00000258904,4
ENSG00000258905,0
ENSG00000258906,0
ENSG00000258907,0
ENSG00000258908,0
ENSG00000258909,0
ENSG00000258910,5
ENSG00000258912,0
ENSG00000258913,8
ENSG00000258914,3
ENSG00000258915,0
ENSG00000258916,0
ENSG00000258917,1
ENSG00000258918,0
ENSG00000258919,1
ENSG00000258920,119
ENSG00000258921,0
ENSG00000258922,3
ENSG00000258923,0
ENSG00000258924,0
ENSG00000258925,3
ENSG00000258926,6
ENSG00000258927,0
ENSG00000258928,0
ENSG00000258929,27
ENSG00000258930,0
ENSG00000258931,0
ENSG00000258932,0
ENSG00000258933,0
ENSG00000258934,0
ENSG00000258935,0
ENSG00000258938,13
ENSG00000258940,74
ENSG00000258941,0
ENSG00000258942,3
ENSG00000258943,1
ENSG00000258944,4
ENSG00000258945,0
ENSG00000258946,24
ENSG00000258947,1901
ENSG00000258948,0
ENSG00000258949,2
ENSG00000258951,1
ENSG00000258952,7
ENSG00000258954,0
ENSG00000258955,9
ENSG00000258956,0
ENSG00000258957,16
ENSG00000258958,0
ENSG00000258959,24
ENSG00000258960,1
ENSG00000258962,7
ENSG00000258963,0
ENSG00000258964,0
ENSG00000258965,1
ENSG00000258966,0
ENSG00000258967,0
ENSG00000258968,0
ENSG00000258969,1
ENSG00000258970,0
ENSG00000258971,0
ENSG00000258972,0
ENSG00000258973,0
ENSG00000258975,0
ENSG00000258976,1
ENSG00000258977,0
ENSG00000258978,0
ENSG00000258979,0
ENSG00000258980,0
ENSG00000258981,0
ENSG00000258982,15
ENSG00000258983,2
ENSG00000258984,5
ENSG00000258985,0
ENSG00000258986,7
ENSG00000258987,0
ENSG00000258988,0
ENSG00000258989,1
ENSG00000258990,0
ENSG00000258991,0
ENSG00000258992,0
ENSG00000258993,0
ENSG00000258994,0
ENSG00000258995,0
ENSG00000258996,0
ENSG00000258997,0
ENSG00000258998,1
ENSG00000258999,8
ENSG00000259000,0
ENSG00000259001,1
ENSG00000259002,1
ENSG00000259003,0
ENSG00000259004,7
ENSG00000259005,17
ENSG00000259006,0
ENSG00000259007,0
ENSG00000259008,0
ENSG00000259009,0
ENSG00000259010,1
ENSG00000259011,0
ENSG00000259012,0
ENSG00000259013,0
ENSG00000259015,82
ENSG00000259016,0
ENSG00000259017,6
ENSG00000259018,0
ENSG00000259019,0
ENSG00000259020,13
ENSG00000259021,0
ENSG00000259022,0
ENSG00000259023,6
ENSG00000259024,14
ENSG00000259025,0
ENSG00000259026,0
ENSG00000259028,0
ENSG00000259029,0
ENSG00000259030,7
ENSG00000259031,5
ENSG00000259032,5
ENSG00000259033,2
ENSG00000259035,0
ENSG00000259036,0
ENSG00000259037,0
ENSG00000259038,63
ENSG00000259039,3
ENSG00000259040,6
ENSG00000259041,0
ENSG00000259042,1
ENSG00000259043,0
ENSG00000259044,0
ENSG00000259045,5
ENSG00000259046,1
ENSG00000259047,0
ENSG00000259048,2
ENSG00000259049,0
ENSG00000259050,0
ENSG00000259051,16
ENSG00000259052,0
ENSG00000259053,0
ENSG00000259054,0
ENSG00000259055,5
ENSG00000259056,1
ENSG00000259057,0
ENSG00000259058,0
ENSG00000259059,1
ENSG00000259060,0
ENSG00000259061,0
ENSG00000259062,9
ENSG00000259064,9
ENSG00000259065,57
ENSG00000259066,5
ENSG00000259067,0
ENSG00000259068,0
ENSG00000259069,0
ENSG00000259070,24
ENSG00000259071,0
ENSG00000259072,0
ENSG00000259073,0
ENSG00000259074,0
ENSG00000259075,3
ENSG00000259076,0
ENSG00000259077,0
ENSG00000259078,3
ENSG00000259079,0
ENSG00000259080,0
ENSG00000259081,3
ENSG00000259082,1
ENSG00000259083,14
ENSG00000259084,0
ENSG00000259086,0
ENSG00000259087,66
ENSG00000259088,19
ENSG00000259089,0
ENSG00000259090,0
ENSG00000259091,4
ENSG00000259092,0
ENSG00000259093,2
ENSG00000259094,2
ENSG00000259095,0
ENSG00000259096,0
ENSG00000259097,0
ENSG00000259098,0
ENSG00000259099,0
ENSG00000259100,2
ENSG00000259102,1
ENSG00000259103,0
ENSG00000259104,0
ENSG00000259105,0
ENSG00000259106,0
ENSG00000259107,0
ENSG00000259108,0
ENSG00000259109,0
ENSG00000259110,0
ENSG00000259111,0
ENSG00000259112,0
ENSG00000259113,0
ENSG00000259115,0
ENSG00000259116,5
ENSG00000259117,0
ENSG00000259118,8
ENSG00000259119,0
ENSG00000259120,2
ENSG00000259121,3
ENSG00000259122,0
ENSG00000259123,0
ENSG00000259124,3
ENSG00000259125,1
ENSG00000259126,0
ENSG00000259129,3
ENSG00000259130,2
ENSG00000259132,0
ENSG00000259133,0
ENSG00000259134,15
ENSG00000259135,0
ENSG00000259136,0
ENSG00000259137,3
ENSG00000259138,7
ENSG00000259140,0
ENSG00000259142,0
ENSG00000259143,0
ENSG00000259144,0
ENSG00000259146,176
ENSG00000259148,0
ENSG00000259149,0
ENSG00000259150,0
ENSG00000259151,0
ENSG00000259152,3
ENSG00000259153,391
ENSG00000259154,0
ENSG00000259155,1
ENSG00000259156,5
ENSG00000259157,0
ENSG00000259158,9
ENSG00000259159,3
ENSG00000259160,0
ENSG00000259161,0
ENSG00000259162,3
ENSG00000259163,1
ENSG00000259164,0
ENSG00000259165,11
ENSG00000259166,0
ENSG00000259167,1
ENSG00000259168,20
ENSG00000259169,0
ENSG00000259170,0
ENSG00000259171,4
ENSG00000259172,13
ENSG00000259173,0
ENSG00000259175,0
ENSG00000259176,0
ENSG00000259177,0
ENSG00000259178,0
ENSG00000259179,0
ENSG00000259180,0
ENSG00000259181,1
ENSG00000259182,9
ENSG00000259183,0
ENSG00000259185,0
ENSG00000259186,0
ENSG00000259187,0
ENSG00000259188,2
ENSG00000259191,0
ENSG00000259192,0
ENSG00000259194,0
ENSG00000259195,0
ENSG00000259196,0
ENSG00000259198,0
ENSG00000259199,0
ENSG00000259200,1
ENSG00000259201,2
ENSG00000259202,0
ENSG00000259203,0
ENSG00000259204,0
ENSG00000259205,3
ENSG00000259207,46
ENSG00000259208,0
ENSG00000259209,60
ENSG00000259211,0
ENSG00000259212,3
ENSG00000259213,0
ENSG00000259214,0
ENSG00000259215,0
ENSG00000259216,0
ENSG00000259217,0
ENSG00000259218,3
ENSG00000259219,3
ENSG00000259221,0
ENSG00000259222,0
ENSG00000259223,0
ENSG00000259224,1
ENSG00000259225,4
ENSG00000259227,0
ENSG00000259228,0
ENSG00000259229,0
ENSG00000259230,0
ENSG00000259231,0
ENSG00000259232,0
ENSG00000259234,0
ENSG00000259235,0
ENSG00000259236,0
ENSG00000259237,0
ENSG00000259238,4
ENSG00000259239,0
ENSG00000259240,0
ENSG00000259241,0
ENSG00000259242,0
ENSG00000259244,1
ENSG00000259245,0
ENSG00000259246,1
ENSG00000259247,0
ENSG00000259248,69
ENSG00000259250,34
ENSG00000259251,6
ENSG00000259252,0
ENSG00000259254,1
ENSG00000259255,0
ENSG00000259256,1
ENSG00000259257,0
ENSG00000259258,0
ENSG00000259259,2
ENSG00000259261,0
ENSG00000259262,0
ENSG00000259264,6
ENSG00000259265,1
ENSG00000259266,1
ENSG00000259267,0
ENSG00000259268,3
ENSG00000259269,0
ENSG00000259270,0
ENSG00000259271,0
ENSG00000259273,0
ENSG00000259274,9
ENSG00000259275,23
ENSG00000259276,0
ENSG00000259277,0
ENSG00000259278,5
ENSG00000259279,0
ENSG00000259280,0
ENSG00000259281,0
ENSG00000259282,0
ENSG00000259283,0
ENSG00000259284,0
ENSG00000259285,0
ENSG00000259286,0
ENSG00000259287,24
ENSG00000259288,0
ENSG00000259289,0
ENSG00000259290,1
ENSG00000259291,334
ENSG00000259293,0
ENSG00000259294,0
ENSG00000259295,20
ENSG00000259296,0
ENSG00000259298,21
ENSG00000259299,1
ENSG00000259300,0
ENSG00000259301,0
ENSG00000259302,0
ENSG00000259303,0
ENSG00000259304,0
ENSG00000259305,30
ENSG00000259306,0
ENSG00000259307,1
ENSG00000259308,1
ENSG00000259309,0
ENSG00000259312,0
ENSG00000259314,0
ENSG00000259315,17
ENSG00000259316,1
ENSG00000259317,0
ENSG00000259318,10
ENSG00000259319,168
ENSG00000259320,0
ENSG00000259321,26
ENSG00000259322,1
ENSG00000259324,0
ENSG00000259326,0
ENSG00000259327,0
ENSG00000259330,215
ENSG00000259331,0
ENSG00000259332,8
ENSG00000259333,5
ENSG00000259334,0
ENSG00000259335,0
ENSG00000259336,0
ENSG00000259337,22
ENSG00000259338,2
ENSG00000259339,0
ENSG00000259340,0
ENSG00000259341,1
ENSG00000259342,35
ENSG00000259343,24
ENSG00000259345,106
ENSG00000259346,0
ENSG00000259347,6
ENSG00000259348,3
ENSG00000259349,89
ENSG00000259350,0
ENSG00000259351,0
ENSG00000259352,0
ENSG00000259353,1
ENSG00000259354,49
ENSG00000259356,0
ENSG00000259357,0
ENSG00000259358,1
ENSG00000259359,0
ENSG00000259360,0
ENSG00000259361,0
ENSG00000259362,6
ENSG00000259363,7
ENSG00000259364,3
ENSG00000259365,0
ENSG00000259366,20
ENSG00000259367,5
ENSG00000259368,0
ENSG00000259369,0
ENSG00000259370,46
ENSG00000259371,16
ENSG00000259372,4
ENSG00000259374,240
ENSG00000259375,0
ENSG00000259376,8
ENSG00000259377,1
ENSG00000259378,1
ENSG00000259379,1
ENSG00000259380,0
ENSG00000259381,5
ENSG00000259383,0
ENSG00000259384,11
ENSG00000259385,0
ENSG00000259388,0
ENSG00000259389,0
ENSG00000259390,2
ENSG00000259392,1
ENSG00000259393,0
ENSG00000259394,1
ENSG00000259395,0
ENSG00000259396,0
ENSG00000259397,2
ENSG00000259398,1
ENSG00000259399,26
ENSG00000259402,2
ENSG00000259403,0
ENSG00000259404,3
ENSG00000259405,3
ENSG00000259407,19
ENSG00000259408,33
ENSG00000259409,0
ENSG00000259410,0
ENSG00000259411,1
ENSG00000259413,0
ENSG00000259414,0
ENSG00000259415,0
ENSG00000259416,7
ENSG00000259417,46
ENSG00000259418,1
ENSG00000259419,4
ENSG00000259420,1
ENSG00000259421,1
ENSG00000259422,10
ENSG00000259423,2
ENSG00000259424,0
ENSG00000259425,0
ENSG00000259426,30
ENSG00000259427,0
ENSG00000259428,0
ENSG00000259429,76
ENSG00000259430,6
ENSG00000259431,558
ENSG00000259432,0
ENSG00000259433,1
ENSG00000259434,0
ENSG00000259435,0
ENSG00000259436,5
ENSG00000259437,0
ENSG00000259438,15
ENSG00000259439,355
ENSG00000259440,1
ENSG00000259441,13
ENSG00000259442,5
ENSG00000259443,0
ENSG00000259444,0
ENSG00000259445,1
ENSG00000259446,1
ENSG00000259447,0
ENSG00000259448,8
ENSG00000259449,0
ENSG00000259450,28
ENSG00000259452,0
ENSG00000259453,1
ENSG00000259454,0
ENSG00000259456,98
ENSG00000259457,278
ENSG00000259458,2
ENSG00000259459,2
ENSG00000259460,0
ENSG00000259461,0
ENSG00000259462,1
ENSG00000259463,0
ENSG00000259464,0
ENSG00000259465,0
ENSG00000259466,0
ENSG00000259467,0
ENSG00000259468,0
ENSG00000259469,3
ENSG00000259470,5
ENSG00000259471,2
ENSG00000259473,1
ENSG00000259474,0
ENSG00000259475,2
ENSG00000259476,0
ENSG00000259477,0
ENSG00000259478,0
ENSG00000259479,78
ENSG00000259481,1
ENSG00000259482,0
ENSG00000259483,0
ENSG00000259485,0
ENSG00000259488,13
ENSG00000259489,0
ENSG00000259490,0
ENSG00000259493,6
ENSG00000259494,1097
ENSG00000259495,111
ENSG00000259496,0
ENSG00000259498,8
ENSG00000259499,0
ENSG00000259500,0
ENSG00000259502,13
ENSG00000259503,0
ENSG00000259504,0
ENSG00000259505,0
ENSG00000259507,0
ENSG00000259508,1
ENSG00000259509,0
ENSG00000259511,0
ENSG00000259512,0
ENSG00000259513,0
ENSG00000259514,6
ENSG00000259515,16
ENSG00000259516,3
ENSG00000259517,125
ENSG00000259518,3
ENSG00000259519,0
ENSG00000259520,4
ENSG00000259521,1
ENSG00000259522,6
ENSG00000259523,60
ENSG00000259525,0
ENSG00000259527,0
ENSG00000259528,2
ENSG00000259529,79
ENSG00000259530,0
ENSG00000259531,9
ENSG00000259532,0
ENSG00000259533,10
ENSG00000259534,0
ENSG00000259535,0
ENSG00000259536,7
ENSG00000259538,0
ENSG00000259539,0
ENSG00000259540,0
ENSG00000259541,1
ENSG00000259542,3
ENSG00000259543,0
ENSG00000259544,0
ENSG00000259545,0
ENSG00000259546,0
ENSG00000259547,0
ENSG00000259548,1
ENSG00000259550,0
ENSG00000259551,0
ENSG00000259553,0
ENSG00000259554,0
ENSG00000259555,0
ENSG00000259556,10
ENSG00000259557,0
ENSG00000259558,0
ENSG00000259560,0
ENSG00000259561,3
ENSG00000259562,11
ENSG00000259563,3
ENSG00000259564,0
ENSG00000259565,0
ENSG00000259569,0
ENSG00000259570,2
ENSG00000259571,0
ENSG00000259572,0
ENSG00000259573,0
ENSG00000259575,1
ENSG00000259577,32
ENSG00000259579,0
ENSG00000259580,0
ENSG00000259581,3
ENSG00000259582,0
ENSG00000259583,59
ENSG00000259584,1
ENSG00000259585,0
ENSG00000259586,0
ENSG00000259587,0
ENSG00000259588,0
ENSG00000259589,0
ENSG00000259590,1
ENSG00000259591,4
ENSG00000259592,2
ENSG00000259593,0
ENSG00000259594,0
ENSG00000259595,1
ENSG00000259598,0
ENSG00000259600,0
ENSG00000259601,0
ENSG00000259602,0
ENSG00000259603,0
ENSG00000259604,1
ENSG00000259605,32
ENSG00000259607,0
ENSG00000259608,0
ENSG00000259609,0
ENSG00000259610,0
ENSG00000259611,0
ENSG00000259612,8
ENSG00000259614,0
ENSG00000259615,0
ENSG00000259616,3
ENSG00000259617,0
ENSG00000259618,1
ENSG00000259619,0
ENSG00000259620,0
ENSG00000259621,1
ENSG00000259622,0
ENSG00000259623,519
ENSG00000259624,0
ENSG00000259626,0
ENSG00000259627,0
ENSG00000259628,1
ENSG00000259630,4
ENSG00000259631,0
ENSG00000259632,2
ENSG00000259633,0
ENSG00000259635,2
ENSG00000259636,0
ENSG00000259637,0
ENSG00000259639,0
ENSG00000259641,47
ENSG00000259642,189
ENSG00000259644,1
ENSG00000259645,0
ENSG00000259646,0
ENSG00000259647,7
ENSG00000259648,14
ENSG00000259649,4
ENSG00000259650,0
ENSG00000259651,0
ENSG00000259652,0
ENSG00000259654,6
ENSG00000259655,0
ENSG00000259656,3
ENSG00000259657,1
ENSG00000259658,8
ENSG00000259659,2
ENSG00000259660,1
ENSG00000259661,0
ENSG00000259663,3
ENSG00000259664,0
ENSG00000259665,2
ENSG00000259666,0
ENSG00000259668,14
ENSG00000259669,0
ENSG00000259670,0
ENSG00000259671,0
ENSG00000259672,0
ENSG00000259673,205
ENSG00000259674,1
ENSG00000259675,1
ENSG00000259676,0
ENSG00000259677,8
ENSG00000259678,1
ENSG00000259680,1
ENSG00000259681,0
ENSG00000259682,0
ENSG00000259683,3
ENSG00000259684,0
ENSG00000259685,10
ENSG00000259686,1
ENSG00000259687,14
ENSG00000259688,0
ENSG00000259690,0
ENSG00000259691,0
ENSG00000259692,0
ENSG00000259694,0
ENSG00000259695,0
ENSG00000259696,0
ENSG00000259697,0
ENSG00000259698,0
ENSG00000259699,8
ENSG00000259700,1
ENSG00000259701,0
ENSG00000259702,0
ENSG00000259703,2
ENSG00000259704,7
ENSG00000259705,3
ENSG00000259706,6
ENSG00000259707,6
ENSG00000259708,1
ENSG00000259709,5
ENSG00000259710,1
ENSG00000259711,19
ENSG00000259712,5
ENSG00000259713,0
ENSG00000259715,0
ENSG00000259717,0
ENSG00000259719,0
ENSG00000259720,0
ENSG00000259721,0
ENSG00000259722,0
ENSG00000259723,4
ENSG00000259724,1
ENSG00000259725,45
ENSG00000259726,0
ENSG00000259727,37
ENSG00000259728,23
ENSG00000259730,0
ENSG00000259731,0
ENSG00000259732,3
ENSG00000259734,0
ENSG00000259735,0
ENSG00000259736,29
ENSG00000259737,0
ENSG00000259738,0
ENSG00000259740,0
ENSG00000259742,0
ENSG00000259743,0
ENSG00000259744,1
ENSG00000259746,4
ENSG00000259747,1
ENSG00000259749,0
ENSG00000259750,1
ENSG00000259751,2
ENSG00000259752,0
ENSG00000259753,0
ENSG00000259754,0
ENSG00000259755,5
ENSG00000259756,1
ENSG00000259757,9
ENSG00000259759,1
ENSG00000259760,4
ENSG00000259761,0
ENSG00000259762,5
ENSG00000259763,0
ENSG00000259764,0
ENSG00000259767,6
ENSG00000259768,308
ENSG00000259769,0
ENSG00000259770,0
ENSG00000259771,0
ENSG00000259772,51
ENSG00000259773,0
ENSG00000259774,0
ENSG00000259775,29
ENSG00000259776,0
ENSG00000259779,0
ENSG00000259780,2
ENSG00000259781,1064
ENSG00000259782,2
ENSG00000259783,1
ENSG00000259784,0
ENSG00000259786,73
ENSG00000259788,0
ENSG00000259789,0
ENSG00000259790,0
ENSG00000259791,0
ENSG00000259792,1
ENSG00000259793,11
ENSG00000259797,0
ENSG00000259798,16
ENSG00000259799,2
ENSG00000259800,0
ENSG00000259802,432
ENSG00000259803,23
ENSG00000259804,18
ENSG00000259805,1
ENSG00000259807,20
ENSG00000259810,6
ENSG00000259813,0
ENSG00000259814,0
ENSG00000259815,1
ENSG00000259817,0
ENSG00000259818,9
ENSG00000259819,0
ENSG00000259820,138
ENSG00000259821,0
ENSG00000259822,0
ENSG00000259823,46
ENSG00000259826,44
ENSG00000259827,0
ENSG00000259828,0
ENSG00000259831,4
ENSG00000259832,0
ENSG00000259833,0
ENSG00000259834,142
ENSG00000259836,0
ENSG00000259837,0
ENSG00000259838,0
ENSG00000259839,0
ENSG00000259840,11
ENSG00000259841,0
ENSG00000259842,0
ENSG00000259843,0
ENSG00000259844,0
ENSG00000259845,14
ENSG00000259846,2
ENSG00000259847,0
ENSG00000259848,0
ENSG00000259849,0
ENSG00000259852,0
ENSG00000259854,0
ENSG00000259855,0
ENSG00000259856,51
ENSG00000259859,1
ENSG00000259861,0
ENSG00000259862,0
ENSG00000259863,6
ENSG00000259864,0
ENSG00000259865,168
ENSG00000259866,0
ENSG00000259867,11
ENSG00000259868,1
ENSG00000259869,2
ENSG00000259870,0
ENSG00000259871,0
ENSG00000259873,0
ENSG00000259874,0
ENSG00000259876,0
ENSG00000259877,398
ENSG00000259878,0
ENSG00000259881,10
ENSG00000259882,0
ENSG00000259883,1
ENSG00000259884,13
ENSG00000259887,0
ENSG00000259888,0
ENSG00000259889,0
ENSG00000259890,0
ENSG00000259891,50
ENSG00000259892,0
ENSG00000259895,2
ENSG00000259897,5
ENSG00000259898,0
ENSG00000259899,0
ENSG00000259900,1
ENSG00000259904,3
ENSG00000259905,0
ENSG00000259906,0
ENSG00000259907,0
ENSG00000259909,0
ENSG00000259910,0
ENSG00000259912,0
ENSG00000259914,0
ENSG00000259915,6
ENSG00000259916,2
ENSG00000259917,16
ENSG00000259918,3
ENSG00000259920,5
ENSG00000259921,2
ENSG00000259922,0
ENSG00000259923,1
ENSG00000259924,2
ENSG00000259925,7
ENSG00000259926,0
ENSG00000259928,2
ENSG00000259929,0
ENSG00000259931,3
ENSG00000259932,2
ENSG00000259933,9
ENSG00000259934,0
ENSG00000259935,0
ENSG00000259937,0
ENSG00000259939,0
ENSG00000259940,4
ENSG00000259941,0
ENSG00000259943,769
ENSG00000259944,1
ENSG00000259945,0
ENSG00000259946,0
ENSG00000259947,0
ENSG00000259948,0
ENSG00000259950,0
ENSG00000259952,0
ENSG00000259953,133
ENSG00000259954,11
ENSG00000259955,0
ENSG00000259956,7504
ENSG00000259957,0
ENSG00000259959,59
ENSG00000259961,0
ENSG00000259962,0
ENSG00000259963,0
ENSG00000259964,2
ENSG00000259966,0
ENSG00000259967,0
ENSG00000259968,0
ENSG00000259969,10
ENSG00000259970,0
ENSG00000259971,0
ENSG00000259972,103
ENSG00000259974,0
ENSG00000259976,287
ENSG00000259977,0
ENSG00000259978,0
ENSG00000259979,0
ENSG00000259981,0
ENSG00000259982,0
ENSG00000259983,0
ENSG00000259984,1
ENSG00000259985,30
ENSG00000259986,1
ENSG00000259987,0
ENSG00000259989,0
ENSG00000259990,0
ENSG00000259992,0
ENSG00000259993,0
ENSG00000259994,104
ENSG00000259995,0
ENSG00000259996,0
ENSG00000259997,1
ENSG00000259998,0
ENSG00000259999,2
ENSG00000260000,224
ENSG00000260001,21
ENSG00000260003,0
ENSG00000260004,0
ENSG00000260005,18
ENSG00000260007,1
ENSG00000260008,0
ENSG00000260009,0
ENSG00000260010,0
ENSG00000260011,4
ENSG00000260012,0
ENSG00000260014,0
ENSG00000260015,1
ENSG00000260017,1
ENSG00000260018,93
ENSG00000260019,86
ENSG00000260021,0
ENSG00000260022,12
ENSG00000260024,0
ENSG00000260025,37
ENSG00000260026,0
ENSG00000260027,321
ENSG00000260029,2
ENSG00000260030,0
ENSG00000260031,0
ENSG00000260032,32148
ENSG00000260033,0
ENSG00000260034,2
ENSG00000260035,0
ENSG00000260036,0
ENSG00000260037,2
ENSG00000260038,13
ENSG00000260041,0
ENSG00000260042,0
ENSG00000260046,4
ENSG00000260047,0
ENSG00000260048,3
ENSG00000260049,0
ENSG00000260051,14
ENSG00000260052,4
ENSG00000260053,0
ENSG00000260057,0
ENSG00000260058,0
ENSG00000260059,1
ENSG00000260060,2
ENSG00000260062,0
ENSG00000260063,150
ENSG00000260064,1
ENSG00000260066,0
ENSG00000260067,0
ENSG00000260068,0
ENSG00000260070,0
ENSG00000260071,0
ENSG00000260072,0
ENSG00000260073,6
ENSG00000260075,0
ENSG00000260077,213
ENSG00000260078,4
ENSG00000260081,62
ENSG00000260082,13
ENSG00000260083,141
ENSG00000260084,8
ENSG00000260086,34
ENSG00000260087,0
ENSG00000260088,4
ENSG00000260089,0
ENSG00000260090,0
ENSG00000260091,34
ENSG00000260092,0
ENSG00000260093,0
ENSG00000260094,0
ENSG00000260095,17
ENSG00000260096,0
ENSG00000260097,21
ENSG00000260100,9
ENSG00000260101,48
ENSG00000260102,0
ENSG00000260103,12
ENSG00000260104,0
ENSG00000260105,7
ENSG00000260107,0
ENSG00000260108,0
ENSG00000260109,0
ENSG00000260111,0
ENSG00000260112,0
ENSG00000260113,1
ENSG00000260114,107
ENSG00000260115,3
ENSG00000260118,30
ENSG00000260120,0
ENSG00000260121,130
ENSG00000260122,0
ENSG00000260123,1
ENSG00000260125,0
ENSG00000260126,0
ENSG00000260128,1
ENSG00000260131,0
ENSG00000260132,13
ENSG00000260133,0
ENSG00000260134,0
ENSG00000260135,47
ENSG00000260136,122
ENSG00000260137,1
ENSG00000260139,4
ENSG00000260141,2
ENSG00000260142,0
ENSG00000260144,4
ENSG00000260145,0
ENSG00000260146,0
ENSG00000260147,0
ENSG00000260148,0
ENSG00000260151,0
ENSG00000260152,1
ENSG00000260153,2
ENSG00000260156,14
ENSG00000260157,0
ENSG00000260158,0
ENSG00000260159,0
ENSG00000260160,47
ENSG00000260161,2
ENSG00000260162,1
ENSG00000260163,2
ENSG00000260165,0
ENSG00000260166,0
ENSG00000260167,5
ENSG00000260170,0
ENSG00000260171,0
ENSG00000260172,0
ENSG00000260173,0
ENSG00000260174,5
ENSG00000260176,0
ENSG00000260177,0
ENSG00000260179,3
ENSG00000260182,0
ENSG00000260183,8
ENSG00000260184,0
ENSG00000260185,6
ENSG00000260186,1
ENSG00000260187,0
ENSG00000260188,0
ENSG00000260190,7
ENSG00000260192,0
ENSG00000260193,12
ENSG00000260194,1
ENSG00000260196,38
ENSG00000260197,0
ENSG00000260198,6
ENSG00000260201,0
ENSG00000260202,0
ENSG00000260205,0
ENSG00000260206,0
ENSG00000260207,0
ENSG00000260209,394
ENSG00000260211,0
ENSG00000260212,0
ENSG00000260213,16
ENSG00000260217,0
ENSG00000260218,0
ENSG00000260219,227
ENSG00000260220,0
ENSG00000260223,0
ENSG00000260224,0
ENSG00000260228,698
ENSG00000260229,2
ENSG00000260230,50
ENSG00000260231,916
ENSG00000260232,0
ENSG00000260233,145
ENSG00000260234,0
ENSG00000260235,0
ENSG00000260236,41
ENSG00000260237,0
ENSG00000260238,101
ENSG00000260239,11
ENSG00000260240,0
ENSG00000260242,0
ENSG00000260244,486
ENSG00000260246,0
ENSG00000260247,1
ENSG00000260249,2
ENSG00000260251,0
ENSG00000260252,7
ENSG00000260253,11
ENSG00000260254,2
ENSG00000260255,0
ENSG00000260256,0
ENSG00000260257,606
ENSG00000260258,0
ENSG00000260259,19
ENSG00000260260,503
ENSG00000260261,58
ENSG00000260262,0
ENSG00000260264,0
ENSG00000260265,104
ENSG00000260266,2
ENSG00000260267,231
ENSG00000260268,0
ENSG00000260269,6
ENSG00000260271,0
ENSG00000260272,2
ENSG00000260273,70
ENSG00000260274,118
ENSG00000260275,0
ENSG00000260276,60
ENSG00000260277,1
ENSG00000260278,1
ENSG00000260279,9
ENSG00000260280,1
ENSG00000260281,6
ENSG00000260282,0
ENSG00000260284,5
ENSG00000260285,67
ENSG00000260286,0
ENSG00000260287,0
ENSG00000260288,2
ENSG00000260289,0
ENSG00000260290,15
ENSG00000260291,0
ENSG00000260293,28
ENSG00000260296,14
ENSG00000260298,1
ENSG00000260300,57
ENSG00000260302,0
ENSG00000260303,0
ENSG00000260304,1
ENSG00000260305,0
ENSG00000260306,7
ENSG00000260307,0
ENSG00000260308,0
ENSG00000260310,2
ENSG00000260311,0
ENSG00000260312,0
ENSG00000260314,415
ENSG00000260316,2
ENSG00000260317,181
ENSG00000260318,0
ENSG00000260322,0
ENSG00000260325,4
ENSG00000260326,0
ENSG00000260327,0
ENSG00000260328,0
ENSG00000260329,14
ENSG00000260331,11
ENSG00000260332,0
ENSG00000260335,0
ENSG00000260337,18
ENSG00000260338,0
ENSG00000260339,44
ENSG00000260340,0
ENSG00000260341,0
ENSG00000260342,5
ENSG00000260343,0
ENSG00000260344,0
ENSG00000260345,0
ENSG00000260347,2
ENSG00000260348,0
ENSG00000260349,0
ENSG00000260350,0
ENSG00000260351,7
ENSG00000260352,6
ENSG00000260357,0
ENSG00000260360,30
ENSG00000260361,28
ENSG00000260362,0
ENSG00000260364,0
ENSG00000260366,3
ENSG00000260367,16
ENSG00000260368,12
ENSG00000260369,2
ENSG00000260370,0
ENSG00000260371,0
ENSG00000260372,1
ENSG00000260375,0
ENSG00000260377,0
ENSG00000260378,0
ENSG00000260379,0
ENSG00000260381,3
ENSG00000260382,6
ENSG00000260385,0
ENSG00000260386,16
ENSG00000260387,0
ENSG00000260388,9
ENSG00000260389,2
ENSG00000260390,10
ENSG00000260391,0
ENSG00000260392,1
ENSG00000260393,0
ENSG00000260394,2
ENSG00000260395,0
ENSG00000260398,2
ENSG00000260399,0
ENSG00000260400,64
ENSG00000260401,195
ENSG00000260402,0
ENSG00000260403,0
ENSG00000260404,339
ENSG00000260405,0
ENSG00000260406,0
ENSG00000260409,4
ENSG00000260410,3
ENSG00000260411,0
ENSG00000260412,5
ENSG00000260413,0
ENSG00000260414,0
ENSG00000260416,2
ENSG00000260417,3
ENSG00000260418,77
ENSG00000260419,0
ENSG00000260420,3
ENSG00000260422,0
ENSG00000260423,11
ENSG00000260425,3
ENSG00000260426,0
ENSG00000260427,0
ENSG00000260428,162
ENSG00000260430,44
ENSG00000260431,0
ENSG00000260433,0
ENSG00000260436,0
ENSG00000260438,0
ENSG00000260439,3
ENSG00000260440,0
ENSG00000260441,4
ENSG00000260442,39
ENSG00000260443,34
ENSG00000260444,0
ENSG00000260445,0
ENSG00000260447,0
ENSG00000260448,8
ENSG00000260449,0
ENSG00000260450,0
ENSG00000260451,0
ENSG00000260452,0
ENSG00000260454,0
ENSG00000260455,1
ENSG00000260456,47
ENSG00000260457,0
ENSG00000260458,3
ENSG00000260459,328
ENSG00000260460,0
ENSG00000260461,67
ENSG00000260464,6
ENSG00000260465,0
ENSG00000260466,1
ENSG00000260467,3
ENSG00000260468,2
ENSG00000260469,0
ENSG00000260470,8
ENSG00000260471,0
ENSG00000260472,0
ENSG00000260473,1
ENSG00000260475,8
ENSG00000260476,0
ENSG00000260477,0
ENSG00000260478,0
ENSG00000260479,0
ENSG00000260480,0
ENSG00000260482,0
ENSG00000260483,0
ENSG00000260484,2
ENSG00000260487,20
ENSG00000260488,0
ENSG00000260490,12
ENSG00000260492,0
ENSG00000260493,9
ENSG00000260494,2
ENSG00000260495,5
ENSG00000260496,2
ENSG00000260497,0
ENSG00000260498,1
ENSG00000260500,3
ENSG00000260504,0
ENSG00000260505,0
ENSG00000260507,1
ENSG00000260509,10
ENSG00000260510,0
ENSG00000260511,0
ENSG00000260514,0
ENSG00000260515,2
ENSG00000260516,0
ENSG00000260517,13
ENSG00000260518,4
ENSG00000260519,1
ENSG00000260520,0
ENSG00000260521,5
ENSG00000260522,0
ENSG00000260524,0
ENSG00000260525,0
ENSG00000260526,62
ENSG00000260528,53
ENSG00000260530,0
ENSG00000260532,0
ENSG00000260534,0
ENSG00000260536,2
ENSG00000260537,1
ENSG00000260540,0
ENSG00000260541,12
ENSG00000260542,0
ENSG00000260545,14
ENSG00000260548,0
ENSG00000260549,37
ENSG00000260550,0
ENSG00000260551,0
ENSG00000260552,90
ENSG00000260555,4
ENSG00000260558,8
ENSG00000260563,95
ENSG00000260564,0
ENSG00000260565,155
ENSG00000260566,0
ENSG00000260568,0
ENSG00000260569,0
ENSG00000260570,0
ENSG00000260571,4
ENSG00000260572,10
ENSG00000260573,0
ENSG00000260574,0
ENSG00000260575,0
ENSG00000260576,0
ENSG00000260577,35
ENSG00000260578,7
ENSG00000260579,0
ENSG00000260580,0
ENSG00000260581,7
ENSG00000260582,0
ENSG00000260583,2
ENSG00000260584,0
ENSG00000260585,0
ENSG00000260586,0
ENSG00000260588,85
ENSG00000260589,20
ENSG00000260590,0
ENSG00000260592,1
ENSG00000260593,7
ENSG00000260594,1
ENSG00000260595,0
ENSG00000260596,0
ENSG00000260597,12
ENSG00000260598,0
ENSG00000260599,0
ENSG00000260600,1
ENSG00000260601,1
ENSG00000260602,4
ENSG00000260603,0
ENSG00000260604,109
ENSG00000260605,0
ENSG00000260608,9
ENSG00000260610,0
ENSG00000260611,0
ENSG00000260612,0
ENSG00000260613,24
ENSG00000260614,2
ENSG00000260615,43
ENSG00000260616,3
ENSG00000260617,0
ENSG00000260618,16
ENSG00000260619,5
ENSG00000260620,0
ENSG00000260621,1
ENSG00000260622,0
ENSG00000260624,0
ENSG00000260625,22
ENSG00000260626,0
ENSG00000260628,3
ENSG00000260629,0
ENSG00000260630,155
ENSG00000260631,0
ENSG00000260633,5
ENSG00000260634,1
ENSG00000260635,2
ENSG00000260636,7
ENSG00000260639,0
ENSG00000260640,0
ENSG00000260641,7
ENSG00000260642,0
ENSG00000260643,30
ENSG00000260644,19
ENSG00000260645,6
ENSG00000260646,7
ENSG00000260647,21
ENSG00000260648,1
ENSG00000260649,0
ENSG00000260650,2
ENSG00000260651,0
ENSG00000260653,68
ENSG00000260657,4
ENSG00000260658,1
ENSG00000260659,0
ENSG00000260660,1
ENSG00000260661,1
ENSG00000260662,0
ENSG00000260664,1
ENSG00000260668,12
ENSG00000260669,162
ENSG00000260670,0
ENSG00000260671,1
ENSG00000260672,1
ENSG00000260673,0
ENSG00000260674,0
ENSG00000260675,0
ENSG00000260676,0
ENSG00000260677,0
ENSG00000260678,2
ENSG00000260679,0
ENSG00000260680,0
ENSG00000260681,1
ENSG00000260682,0
ENSG00000260683,0
ENSG00000260685,5
ENSG00000260686,15
ENSG00000260687,0
ENSG00000260688,0
ENSG00000260689,0
ENSG00000260690,0
ENSG00000260691,3
ENSG00000260693,1
ENSG00000260694,2
ENSG00000260695,0
ENSG00000260698,31
ENSG00000260701,0
ENSG00000260702,0
ENSG00000260704,0
ENSG00000260706,0
ENSG00000260708,172
ENSG00000260710,14
ENSG00000260711,605
ENSG00000260714,0
ENSG00000260715,0
ENSG00000260719,6
ENSG00000260720,0
ENSG00000260721,2
ENSG00000260722,1
ENSG00000260723,0
ENSG00000260724,0
ENSG00000260725,0
ENSG00000260726,0
ENSG00000260727,2
ENSG00000260729,3
ENSG00000260731,13
ENSG00000260733,0
ENSG00000260734,0
ENSG00000260735,10
ENSG00000260737,2
ENSG00000260738,0
ENSG00000260739,0
ENSG00000260740,14
ENSG00000260741,2
ENSG00000260742,26
ENSG00000260743,31
ENSG00000260744,0
ENSG00000260746,0
ENSG00000260747,1
ENSG00000260750,6
ENSG00000260751,11
ENSG00000260755,0
ENSG00000260756,0
ENSG00000260757,0
ENSG00000260758,0
ENSG00000260759,0
ENSG00000260760,0
ENSG00000260761,66
ENSG00000260762,0
ENSG00000260763,0
ENSG00000260764,0
ENSG00000260765,0
ENSG00000260766,469
ENSG00000260769,0
ENSG00000260771,1
ENSG00000260772,0
ENSG00000260773,5
ENSG00000260774,29
ENSG00000260776,0
ENSG00000260777,1
ENSG00000260778,11
ENSG00000260779,0
ENSG00000260780,0
ENSG00000260781,0
ENSG00000260782,0
ENSG00000260784,1
ENSG00000260785,0
ENSG00000260786,0
ENSG00000260788,5
ENSG00000260790,0
ENSG00000260792,2
ENSG00000260793,73
ENSG00000260795,0
ENSG00000260796,3
ENSG00000260797,0
ENSG00000260798,2
ENSG00000260799,0
ENSG00000260802,0
ENSG00000260803,1
ENSG00000260804,266
ENSG00000260805,92
ENSG00000260806,62
ENSG00000260807,18
ENSG00000260808,10
ENSG00000260809,0
ENSG00000260810,3
ENSG00000260811,0
ENSG00000260812,0
ENSG00000260814,0
ENSG00000260815,0
ENSG00000260816,36
ENSG00000260817,0
ENSG00000260818,0
ENSG00000260822,1704
ENSG00000260823,1
ENSG00000260827,0
ENSG00000260828,0
ENSG00000260830,15
ENSG00000260832,0
ENSG00000260834,0
ENSG00000260835,0
ENSG00000260836,1
ENSG00000260837,51
ENSG00000260838,1
ENSG00000260840,0
ENSG00000260841,15
ENSG00000260844,0
ENSG00000260845,0
ENSG00000260846,0
ENSG00000260847,0
ENSG00000260848,0
ENSG00000260850,0
ENSG00000260851,1
ENSG00000260852,242
ENSG00000260853,20
ENSG00000260854,21
ENSG00000260855,22
ENSG00000260857,10
ENSG00000260858,0
ENSG00000260859,0
ENSG00000260860,0
ENSG00000260861,3
ENSG00000260862,0
ENSG00000260863,0
ENSG00000260864,0
ENSG00000260865,0
ENSG00000260866,0
ENSG00000260867,0
ENSG00000260868,1
ENSG00000260869,0
ENSG00000260870,0
ENSG00000260871,0
ENSG00000260872,16
ENSG00000260874,12
ENSG00000260876,4
ENSG00000260877,3
ENSG00000260878,0
ENSG00000260879,0
ENSG00000260880,0
ENSG00000260882,0
ENSG00000260883,0
ENSG00000260884,4
ENSG00000260886,25
ENSG00000260887,10
ENSG00000260889,0
ENSG00000260891,22
ENSG00000260892,0
ENSG00000260894,0
ENSG00000260895,0
ENSG00000260896,3
ENSG00000260897,0
ENSG00000260898,6
ENSG00000260899,1
ENSG00000260900,0
ENSG00000260902,0
ENSG00000260903,55
ENSG00000260905,0
ENSG00000260907,3
ENSG00000260908,0
ENSG00000260909,0
ENSG00000260910,16
ENSG00000260911,3
ENSG00000260912,772
ENSG00000260913,1
ENSG00000260914,2
ENSG00000260916,535
ENSG00000260917,56
ENSG00000260918,2
ENSG00000260919,0
ENSG00000260920,289
ENSG00000260921,0
ENSG00000260922,1
ENSG00000260923,49
ENSG00000260924,7
ENSG00000260926,0
ENSG00000260927,21
ENSG00000260928,0
ENSG00000260929,0
ENSG00000260930,0
ENSG00000260932,0
ENSG00000260933,0
ENSG00000260934,0
ENSG00000260936,67
ENSG00000260937,0
ENSG00000260939,0
ENSG00000260940,4
ENSG00000260941,6
ENSG00000260942,107
ENSG00000260943,0
ENSG00000260944,0
ENSG00000260945,0
ENSG00000260947,10
ENSG00000260948,11
ENSG00000260949,26
ENSG00000260951,0
ENSG00000260953,2
ENSG00000260954,3
ENSG00000260955,0
ENSG00000260957,0
ENSG00000260958,148
ENSG00000260959,0
ENSG00000260962,0
ENSG00000260963,9
ENSG00000260965,0
ENSG00000260966,55
ENSG00000260967,0
ENSG00000260969,1
ENSG00000260970,0
ENSG00000260971,32
ENSG00000260972,1
ENSG00000260973,0
ENSG00000260974,0
ENSG00000260975,0
ENSG00000260976,6
ENSG00000260977,6
ENSG00000260978,5
ENSG00000260979,1
ENSG00000260981,0
ENSG00000260983,0
ENSG00000260984,2
ENSG00000260986,0
ENSG00000260988,4
ENSG00000260989,0
ENSG00000260990,1
ENSG00000260991,0
ENSG00000260992,45
ENSG00000260994,0
ENSG00000260995,0
ENSG00000260996,9
ENSG00000260997,39
ENSG00000260999,0
ENSG00000261000,0
ENSG00000261002,1
ENSG00000261003,5
ENSG00000261007,0
ENSG00000261008,33
ENSG00000261009,0
ENSG00000261010,3
ENSG00000261011,0
ENSG00000261012,0
ENSG00000261013,0
ENSG00000261014,0
ENSG00000261017,0
ENSG00000261018,0
ENSG00000261019,2
ENSG00000261020,0
ENSG00000261024,0
ENSG00000261025,0
ENSG00000261026,5
ENSG00000261028,0
ENSG00000261029,3
ENSG00000261030,14
ENSG00000261033,0
ENSG00000261035,0
ENSG00000261036,0
ENSG00000261037,1
ENSG00000261038,0
ENSG00000261039,70
ENSG00000261040,31
ENSG00000261041,0
ENSG00000261043,0
ENSG00000261044,0
ENSG00000261045,0
ENSG00000261046,0
ENSG00000261047,0
ENSG00000261048,0
ENSG00000261049,6
ENSG00000261051,4
ENSG00000261052,5
ENSG00000261053,1
ENSG00000261054,6
ENSG00000261055,0
ENSG00000261056,0
ENSG00000261057,0
ENSG00000261058,1
ENSG00000261060,11
ENSG00000261061,703
ENSG00000261063,0
ENSG00000261064,6
ENSG00000261065,0
ENSG00000261066,0
ENSG00000261067,12
ENSG00000261068,64
ENSG00000261069,2
ENSG00000261070,0
ENSG00000261071,0
ENSG00000261072,0
ENSG00000261075,0
ENSG00000261076,1
ENSG00000261077,0
ENSG00000261078,0
ENSG00000261079,5
ENSG00000261080,0
ENSG00000261081,0
ENSG00000261082,0
ENSG00000261083,4
ENSG00000261084,0
ENSG00000261087,57
ENSG00000261089,1
ENSG00000261090,0
ENSG00000261092,0
ENSG00000261093,0
ENSG00000261094,258
ENSG00000261095,0
ENSG00000261096,1
ENSG00000261097,1
ENSG00000261098,95
ENSG00000261101,9
ENSG00000261102,0
ENSG00000261103,1
ENSG00000261104,109
ENSG00000261105,3
ENSG00000261108,0
ENSG00000261111,0
ENSG00000261113,1
ENSG00000261114,8
ENSG00000261115,1710
ENSG00000261116,171
ENSG00000261117,3
ENSG00000261118,11
ENSG00000261120,1
ENSG00000261121,39
ENSG00000261122,0
ENSG00000261123,6
ENSG00000261124,3
ENSG00000261126,33
ENSG00000261127,0
ENSG00000261129,0
ENSG00000261130,0
ENSG00000261131,3
ENSG00000261135,90
ENSG00000261136,8
ENSG00000261140,7
ENSG00000261141,11
ENSG00000261143,4
ENSG00000261144,0
ENSG00000261145,0
ENSG00000261146,0
ENSG00000261147,18
ENSG00000261150,1045
ENSG00000261151,0
ENSG00000261153,0
ENSG00000261154,2
ENSG00000261156,0
ENSG00000261158,0
ENSG00000261159,21
ENSG00000261161,0
ENSG00000261166,0
ENSG00000261167,64
ENSG00000261168,4
ENSG00000261170,1
ENSG00000261171,0
ENSG00000261172,15
ENSG00000261173,12
ENSG00000261174,0
ENSG00000261175,16
ENSG00000261176,0
ENSG00000261177,0
ENSG00000261178,0
ENSG00000261181,0
ENSG00000261182,0
ENSG00000261183,493
ENSG00000261184,0
ENSG00000261186,21
ENSG00000261187,11
ENSG00000261188,412
ENSG00000261189,135
ENSG00000261190,0
ENSG00000261191,0
ENSG00000261192,394
ENSG00000261193,3
ENSG00000261194,0
ENSG00000261195,1
ENSG00000261196,0
ENSG00000261197,0
ENSG00000261198,0
ENSG00000261199,0
ENSG00000261200,0
ENSG00000261202,7
ENSG00000261203,0
ENSG00000261204,5
ENSG00000261205,0
ENSG00000261206,0
ENSG00000261207,0
ENSG00000261208,2
ENSG00000261209,0
ENSG00000261210,1
ENSG00000261211,14
ENSG00000261212,0
ENSG00000261213,0
ENSG00000261215,5
ENSG00000261216,3
ENSG00000261217,0
ENSG00000261218,11
ENSG00000261219,1
ENSG00000261220,22
ENSG00000261221,333
ENSG00000261222,1
ENSG00000261226,2
ENSG00000261227,0
ENSG00000261229,18
ENSG00000261231,5
ENSG00000261232,0
ENSG00000261233,0
ENSG00000261234,0
ENSG00000261235,216
ENSG00000261236,2399
ENSG00000261238,0
ENSG00000261239,3
ENSG00000261240,0
ENSG00000261241,3
ENSG00000261242,4
ENSG00000261243,14
ENSG00000261244,0
ENSG00000261245,0
ENSG00000261247,0
ENSG00000261248,0
ENSG00000261249,0
ENSG00000261250,0
ENSG00000261251,9
ENSG00000261253,3
ENSG00000261254,129
ENSG00000261257,3
ENSG00000261259,0
ENSG00000261260,0
ENSG00000261261,0
ENSG00000261263,0
ENSG00000261265,1
ENSG00000261266,1
ENSG00000261267,0
ENSG00000261268,0
ENSG00000261269,163
ENSG00000261270,13
ENSG00000261272,1
ENSG00000261273,3
ENSG00000261274,27
ENSG00000261275,0
ENSG00000261276,0
ENSG00000261277,0
ENSG00000261278,0
ENSG00000261279,0
ENSG00000261281,0
ENSG00000261282,0
ENSG00000261284,0
ENSG00000261285,0
ENSG00000261286,76
ENSG00000261288,0
ENSG00000261289,1
ENSG00000261290,0
ENSG00000261291,0
ENSG00000261292,0
ENSG00000261293,1
ENSG00000261294,0
ENSG00000261295,32
ENSG00000261296,1
ENSG00000261298,0
ENSG00000261299,0
ENSG00000261302,5
ENSG00000261303,0
ENSG00000261304,0
ENSG00000261305,16
ENSG00000261307,0
ENSG00000261308,2
ENSG00000261310,0
ENSG00000261312,0
ENSG00000261313,0
ENSG00000261314,0
ENSG00000261315,0
ENSG00000261316,0
ENSG00000261317,0
ENSG00000261318,1
ENSG00000261319,0
ENSG00000261320,2
ENSG00000261324,259
ENSG00000261325,4
ENSG00000261326,415
ENSG00000261327,15
ENSG00000261329,6
ENSG00000261330,0
ENSG00000261331,0
ENSG00000261332,29
ENSG00000261333,0
ENSG00000261334,2
ENSG00000261335,15
ENSG00000261336,1
ENSG00000261338,64
ENSG00000261340,0
ENSG00000261341,5
ENSG00000261342,76
ENSG00000261346,4
ENSG00000261347,7
ENSG00000261348,0
ENSG00000261349,0
ENSG00000261350,9
ENSG00000261351,52
ENSG00000261353,53
ENSG00000261356,0
ENSG00000261357,1
ENSG00000261359,5
ENSG00000261360,8
ENSG00000261362,0
ENSG00000261363,1
ENSG00000261364,0
ENSG00000261365,0
ENSG00000261366,18
ENSG00000261367,1
ENSG00000261368,0
ENSG00000261369,0
ENSG00000261371,5364
ENSG00000261373,44
ENSG00000261375,1
ENSG00000261376,0
ENSG00000261377,90
ENSG00000261379,3
ENSG00000261382,0
ENSG00000261384,0
ENSG00000261385,0
ENSG00000261386,11
ENSG00000261390,8
ENSG00000261391,0
ENSG00000261392,1
ENSG00000261393,1
ENSG00000261394,2
ENSG00000261395,0
ENSG00000261396,5
ENSG00000261397,0
ENSG00000261398,6
ENSG00000261399,2
ENSG00000261400,0
ENSG00000261401,0
ENSG00000261402,0
ENSG00000261403,0
ENSG00000261404,2
ENSG00000261405,1
ENSG00000261407,1
ENSG00000261408,47
ENSG00000261409,3
ENSG00000261410,0
ENSG00000261411,0
ENSG00000261416,6
ENSG00000261418,0
ENSG00000261419,0
ENSG00000261420,10
ENSG00000261421,0
ENSG00000261423,37
ENSG00000261424,0
ENSG00000261426,1
ENSG00000261427,1
ENSG00000261428,18
ENSG00000261429,0
ENSG00000261430,1
ENSG00000261431,1
ENSG00000261432,0
ENSG00000261433,0
ENSG00000261434,26
ENSG00000261435,1
ENSG00000261436,0
ENSG00000261437,341
ENSG00000261438,22
ENSG00000261439,0
ENSG00000261440,0
ENSG00000261441,21
ENSG00000261442,1
ENSG00000261444,0
ENSG00000261445,1
ENSG00000261446,0
ENSG00000261447,0
ENSG00000261448,6
ENSG00000261449,2
ENSG00000261451,1
ENSG00000261453,0
ENSG00000261455,212
ENSG00000261456,140
ENSG00000261457,2
ENSG00000261458,7
ENSG00000261459,2
ENSG00000261460,34
ENSG00000261461,26
ENSG00000261462,0
ENSG00000261465,12
ENSG00000261466,0
ENSG00000261467,0
ENSG00000261468,46
ENSG00000261469,28
ENSG00000261470,0
ENSG00000261471,0
ENSG00000261472,1
ENSG00000261474,132
ENSG00000261475,0
ENSG00000261476,2
ENSG00000261478,1
ENSG00000261480,0
ENSG00000261481,2
ENSG00000261482,0
ENSG00000261485,24
ENSG00000261486,0
ENSG00000261487,19
ENSG00000261488,100
ENSG00000261489,0
ENSG00000261490,50
ENSG00000261491,0
ENSG00000261496,0
ENSG00000261497,0
ENSG00000261498,0
ENSG00000261499,2
ENSG00000261501,1
ENSG00000261502,1
ENSG00000261504,24
ENSG00000261505,90
ENSG00000261507,0
ENSG00000261509,0
ENSG00000261510,0
ENSG00000261511,0
ENSG00000261512,221
ENSG00000261513,1
ENSG00000261514,0
ENSG00000261515,0
ENSG00000261517,0
ENSG00000261519,7
ENSG00000261520,2
ENSG00000261522,1
ENSG00000261523,0
ENSG00000261524,0
ENSG00000261526,153
ENSG00000261527,1
ENSG00000261528,1
ENSG00000261529,1
ENSG00000261532,0
ENSG00000261533,7
ENSG00000261534,96
ENSG00000261535,2
ENSG00000261536,0
ENSG00000261537,1
ENSG00000261538,69
ENSG00000261540,2
ENSG00000261541,0
ENSG00000261542,21
ENSG00000261543,0
ENSG00000261544,0
ENSG00000261546,3
ENSG00000261548,0
ENSG00000261549,0
ENSG00000261550,2
ENSG00000261552,0
ENSG00000261553,27
ENSG00000261554,0
ENSG00000261555,0
ENSG00000261556,140
ENSG00000261557,6
ENSG00000261558,0
ENSG00000261559,0
ENSG00000261560,16
ENSG00000261561,0
ENSG00000261564,0
ENSG00000261566,0
ENSG00000261567,15
ENSG00000261568,1
ENSG00000261569,0
ENSG00000261570,5
ENSG00000261572,280
ENSG00000261573,0
ENSG00000261574,4
ENSG00000261575,2
ENSG00000261578,65
ENSG00000261580,0
ENSG00000261581,0
ENSG00000261582,5
ENSG00000261583,0
ENSG00000261584,2
ENSG00000261586,25
ENSG00000261587,8
ENSG00000261588,3
ENSG00000261590,0
ENSG00000261592,2
ENSG00000261593,0
ENSG00000261594,140
ENSG00000261595,0
ENSG00000261596,13
ENSG00000261598,0
ENSG00000261599,7
ENSG00000261600,1
ENSG00000261602,0
ENSG00000261603,2
ENSG00000261604,30
ENSG00000261606,2
ENSG00000261607,0
ENSG00000261608,1
ENSG00000261609,1206
ENSG00000261610,6
ENSG00000261611,0
ENSG00000261612,2
ENSG00000261613,45
ENSG00000261614,2
ENSG00000261615,1
ENSG00000261616,28
ENSG00000261617,2
ENSG00000261618,3
ENSG00000261620,65
ENSG00000261621,0
ENSG00000261622,0
ENSG00000261623,0
ENSG00000261624,3
ENSG00000261625,14
ENSG00000261627,0
ENSG00000261628,2
ENSG00000261629,0
ENSG00000261630,0
ENSG00000261632,0
ENSG00000261633,0
ENSG00000261634,0
ENSG00000261635,0
ENSG00000261636,0
ENSG00000261637,0
ENSG00000261638,0
ENSG00000261641,0
ENSG00000261642,0
ENSG00000261643,16
ENSG00000261644,10
ENSG00000261645,0
ENSG00000261646,0
ENSG00000261647,0
ENSG00000261648,0
ENSG00000261649,4
ENSG00000261650,0
ENSG00000261651,0
ENSG00000261652,79
ENSG00000261653,0
ENSG00000261654,32
ENSG00000261655,17
ENSG00000261656,0
ENSG00000261659,53
ENSG00000261662,37
ENSG00000261663,37
ENSG00000261664,65
ENSG00000261665,0
ENSG00000261666,0
ENSG00000261667,2
ENSG00000261668,5
ENSG00000261669,4
ENSG00000261670,13
ENSG00000261671,4
ENSG00000261672,0
ENSG00000261673,0
ENSG00000261675,3
ENSG00000261678,1
ENSG00000261679,0
ENSG00000261680,1
ENSG00000261682,0
ENSG00000261683,0
ENSG00000261684,0
ENSG00000261685,59
ENSG00000261687,5
ENSG00000261689,0
ENSG00000261691,0
ENSG00000261692,0
ENSG00000261693,39
ENSG00000261695,0
ENSG00000261696,0
ENSG00000261697,1
ENSG00000261701,0
ENSG00000261702,0
ENSG00000261703,0
ENSG00000261704,9
ENSG00000261706,3
ENSG00000261707,2
ENSG00000261708,0
ENSG00000261709,0
ENSG00000261710,0
ENSG00000261711,4
ENSG00000261713,6
ENSG00000261714,0
ENSG00000261715,0
ENSG00000261716,1784
ENSG00000261717,1
ENSG00000261719,0
ENSG00000261720,0
ENSG00000261722,0
ENSG00000261723,5
ENSG00000261725,0
ENSG00000261727,0
ENSG00000261728,0
ENSG00000261729,1
ENSG00000261730,0
ENSG00000261731,0
ENSG00000261732,10
ENSG00000261733,9
ENSG00000261734,1
ENSG00000261736,0
ENSG00000261737,32
ENSG00000261738,0
ENSG00000261739,1
ENSG00000261740,207
ENSG00000261741,0
ENSG00000261742,14
ENSG00000261743,0
ENSG00000261744,2
ENSG00000261745,0
ENSG00000261747,0
ENSG00000261748,0
ENSG00000261749,0
ENSG00000261751,0
ENSG00000261752,0
ENSG00000261754,16
ENSG00000261757,0
ENSG00000261758,3
ENSG00000261759,0
ENSG00000261760,2
ENSG00000261761,43
ENSG00000261762,70
ENSG00000261763,0
ENSG00000261764,0
ENSG00000261765,0
ENSG00000261766,2
ENSG00000261770,16
ENSG00000261771,0
ENSG00000261773,18
ENSG00000261774,0
ENSG00000261775,4
ENSG00000261776,4
ENSG00000261777,157
ENSG00000261778,0
ENSG00000261779,0
ENSG00000261780,1
ENSG00000261781,0
ENSG00000261782,0
ENSG00000261783,15
ENSG00000261786,11
ENSG00000261787,0
ENSG00000261789,0
ENSG00000261790,0
ENSG00000261792,0
ENSG00000261793,0
ENSG00000261794,9
ENSG00000261795,0
ENSG00000261796,0
ENSG00000261797,0
ENSG00000261798,0
ENSG00000261799,486
ENSG00000261800,1
ENSG00000261801,118
ENSG00000261802,0
ENSG00000261803,0
ENSG00000261804,53
ENSG00000261806,0
ENSG00000261807,31
ENSG00000261809,0
ENSG00000261810,0
ENSG00000261811,0
ENSG00000261812,41
ENSG00000261813,0
ENSG00000261815,0
ENSG00000261816,0
ENSG00000261817,0
ENSG00000261818,0
ENSG00000261819,55
ENSG00000261820,0
ENSG00000261821,2
ENSG00000261822,0
ENSG00000261823,5
ENSG00000261824,484
ENSG00000261826,0
ENSG00000261829,4
ENSG00000261831,2
ENSG00000261832,2
ENSG00000261833,0
ENSG00000261834,0
ENSG00000261835,0
ENSG00000261836,0
ENSG00000261837,1
ENSG00000261838,0
ENSG00000261839,2
ENSG00000261840,34
ENSG00000261842,9
ENSG00000261845,0
ENSG00000261848,0
ENSG00000261856,0
ENSG00000261857,16
ENSG00000261863,0
ENSG00000261864,2
ENSG00000261866,0
ENSG00000261868,0
ENSG00000261872,0
ENSG00000261873,0
ENSG00000261879,58
ENSG00000261882,0
ENSG00000261884,159
ENSG00000261886,0
ENSG00000261888,7
ENSG00000261889,31
ENSG00000261898,2
ENSG00000261904,0
ENSG00000261914,0
ENSG00000261915,1
ENSG00000261916,0
ENSG00000261924,1
ENSG00000261934,33
ENSG00000261938,0
ENSG00000261939,0
ENSG00000261949,1
ENSG00000261959,2
ENSG00000261963,1
ENSG00000261965,0
ENSG00000261970,1
ENSG00000261971,109
ENSG00000261976,0
ENSG00000261978,1
ENSG00000261987,0
ENSG00000261996,5
ENSG00000261997,7
ENSG00000262000,0
ENSG00000262001,97
ENSG00000262003,7
ENSG00000262006,0
ENSG00000262008,0
ENSG00000262011,0
ENSG00000262020,0
ENSG00000262031,1
ENSG00000262038,0
ENSG00000262039,3
ENSG00000262048,0
ENSG00000262049,60
ENSG00000262050,15
ENSG00000262052,0
ENSG00000262061,12
ENSG00000262067,0
ENSG00000262074,3
ENSG00000262075,2
ENSG00000262079,0
ENSG00000262081,0
ENSG00000262085,0
ENSG00000262089,18
ENSG00000262090,0
ENSG00000262094,4
ENSG00000262095,0
ENSG00000262096,24
ENSG00000262097,5
ENSG00000262098,1
ENSG00000262099,0
ENSG00000262106,0
ENSG00000262107,0
ENSG00000262112,0
ENSG00000262115,6
ENSG00000262116,0
ENSG00000262117,1
ENSG00000262118,0
ENSG00000262119,0
ENSG00000262120,0
ENSG00000262133,1
ENSG00000262135,0
ENSG00000262136,56
ENSG00000262140,0
ENSG00000262141,0
ENSG00000262147,14
ENSG00000262151,0
ENSG00000262152,204
ENSG00000262154,0
ENSG00000262155,16
ENSG00000262158,0
ENSG00000262160,0
ENSG00000262165,38
ENSG00000262171,1
ENSG00000262172,1
ENSG00000262179,22
ENSG00000262180,4
ENSG00000262181,0
ENSG00000262185,8
ENSG00000262187,0
ENSG00000262188,2
ENSG00000262198,0
ENSG00000262202,1
ENSG00000262209,12
ENSG00000262211,0
ENSG00000262213,2
ENSG00000262222,12
ENSG00000262223,1
ENSG00000262227,22
ENSG00000262228,9
ENSG00000262231,0
ENSG00000262235,0
ENSG00000262246,635
ENSG00000262248,2
ENSG00000262251,36
ENSG00000262259,0
ENSG00000262262,0
ENSG00000262265,0
ENSG00000262267,0
ENSG00000262271,0
ENSG00000262292,0
ENSG00000262294,0
ENSG00000262296,2
ENSG00000262298,7
ENSG00000262302,0
ENSG00000262304,12
ENSG00000262312,5
ENSG00000262313,1
ENSG00000262316,3
ENSG00000262319,2
ENSG00000262322,0
ENSG00000262332,0
ENSG00000262333,93
ENSG00000262339,0
ENSG00000262343,0
ENSG00000262352,0
ENSG00000262358,3
ENSG00000262362,15
ENSG00000262366,0
ENSG00000262370,15
ENSG00000262372,5
ENSG00000262380,1
ENSG00000262381,0
ENSG00000262384,0
ENSG00000262395,0
ENSG00000262400,0
ENSG00000262402,4
ENSG00000262406,117
ENSG00000262408,1
ENSG00000262410,0
ENSG00000262412,1
ENSG00000262413,0
ENSG00000262420,5
ENSG00000262429,0
ENSG00000262434,6
ENSG00000262445,33
ENSG00000262454,18
ENSG00000262456,0
ENSG00000262461,0
ENSG00000262468,307
ENSG00000262470,0
ENSG00000262471,0
ENSG00000262477,5
ENSG00000262480,0
ENSG00000262481,5
ENSG00000262482,9
ENSG00000262484,8
ENSG00000262488,1
ENSG00000262492,1
ENSG00000262495,0
ENSG00000262497,5
ENSG00000262500,0
ENSG00000262503,4
ENSG00000262514,0
ENSG00000262516,0
ENSG00000262518,0
ENSG00000262519,4
ENSG00000262521,0
ENSG00000262526,0
ENSG00000262528,1
ENSG00000262529,1
ENSG00000262533,0
ENSG00000262539,0
ENSG00000262543,0
ENSG00000262554,0
ENSG00000262558,0
ENSG00000262560,0
ENSG00000262561,0
ENSG00000262566,0
ENSG00000262576,40
ENSG00000262580,132
ENSG00000262583,26
ENSG00000262585,3
ENSG00000262587,41
ENSG00000262601,27
ENSG00000262609,1
ENSG00000262619,0
ENSG00000262621,9
ENSG00000262623,3
ENSG00000262624,0
ENSG00000262628,0
ENSG00000262633,0
ENSG00000262636,2
ENSG00000262648,0
ENSG00000262651,0
ENSG00000262652,3
ENSG00000262655,523
ENSG00000262660,0
ENSG00000262662,0
ENSG00000262663,0
ENSG00000262664,0
ENSG00000262668,0
ENSG00000262670,0
ENSG00000262678,2
ENSG00000262681,5
ENSG00000262686,5
ENSG00000262691,120
ENSG00000262692,8
ENSG00000262693,24
ENSG00000262700,1
ENSG00000262703,14
ENSG00000262708,0
ENSG00000262712,25
ENSG00000262714,106
ENSG00000262721,0
ENSG00000262728,8
ENSG00000262730,0
ENSG00000262732,3
ENSG00000262759,1
ENSG00000262766,56
ENSG00000262768,3
ENSG00000262769,0
ENSG00000262772,34
ENSG00000262777,4
ENSG00000262786,0
ENSG00000262791,0
ENSG00000262801,12
ENSG00000262803,0
ENSG00000262810,1
ENSG00000262814,1053
ENSG00000262815,0
ENSG00000262818,0
ENSG00000262823,273
ENSG00000262831,0
ENSG00000262833,0
ENSG00000262837,1
ENSG00000262848,0
ENSG00000262855,1
ENSG00000262869,0
ENSG00000262870,0
ENSG00000262873,0
ENSG00000262874,4
ENSG00000262877,28
ENSG00000262879,74
ENSG00000262880,0
ENSG00000262881,0
ENSG00000262884,12
ENSG00000262885,0
ENSG00000262888,9
ENSG00000262890,14
ENSG00000262898,0
ENSG00000262899,0
ENSG00000262902,34
ENSG00000262903,9
ENSG00000262904,32
ENSG00000262905,1
ENSG00000262919,1195
ENSG00000262920,0
ENSG00000262921,0
ENSG00000262943,5
ENSG00000262950,0
ENSG00000262952,0
ENSG00000262953,0
ENSG00000262959,0
ENSG00000262961,0
ENSG00000262962,0
ENSG00000262966,2
ENSG00000262967,0
ENSG00000262974,0
ENSG00000262979,12
ENSG00000262980,3
ENSG00000262983,0
ENSG00000262990,0
ENSG00000262995,0
ENSG00000262999,0
ENSG00000263001,3737
ENSG00000263002,385
ENSG00000263004,418
ENSG00000263006,57
ENSG00000263011,25
ENSG00000263013,16
ENSG00000263015,0
ENSG00000263017,1
ENSG00000263020,18
ENSG00000263029,0
ENSG00000263033,5
ENSG00000263041,0
ENSG00000263045,1
ENSG00000263050,81
ENSG00000263051,0
ENSG00000263063,13
ENSG00000263064,34
ENSG00000263065,7
ENSG00000263069,40
ENSG00000263070,0
ENSG00000263072,252
ENSG00000263080,20
ENSG00000263081,0
ENSG00000263082,12
ENSG00000263089,6
ENSG00000263096,8
ENSG00000263098,0
ENSG00000263105,5
ENSG00000263107,0
ENSG00000263110,0
ENSG00000263120,2
ENSG00000263125,0
ENSG00000263126,55
ENSG00000263142,83
ENSG00000263146,0
ENSG00000263154,0
ENSG00000263155,73
ENSG00000263159,1
ENSG00000263164,3
ENSG00000263165,0
ENSG00000263167,0
ENSG00000263171,0
ENSG00000263176,0
ENSG00000263177,0
ENSG00000263179,1
ENSG00000263189,1
ENSG00000263196,0
ENSG00000263198,0
ENSG00000263199,0
ENSG00000263201,2
ENSG00000263204,0
ENSG00000263206,0
ENSG00000263207,0
ENSG00000263212,0
ENSG00000263214,28
ENSG00000263218,0
ENSG00000263219,2
ENSG00000263220,2
ENSG00000263232,2
ENSG00000263234,0
ENSG00000263235,21
ENSG00000263237,0
ENSG00000263241,0
ENSG00000263244,0
ENSG00000263252,0
ENSG00000263253,0
ENSG00000263257,2
ENSG00000263264,14
ENSG00000263266,1007
ENSG00000263271,0
ENSG00000263272,119
ENSG00000263276,46
ENSG00000263277,0
ENSG00000263278,0
ENSG00000263279,0
ENSG00000263280,21
ENSG00000263293,5
ENSG00000263300,0
ENSG00000263301,0
ENSG00000263305,0
ENSG00000263307,6
ENSG00000263311,2
ENSG00000263312,0
ENSG00000263316,0
ENSG00000263317,0
ENSG00000263321,2
ENSG00000263325,4
ENSG00000263326,4
ENSG00000263327,84
ENSG00000263331,0
ENSG00000263335,529
ENSG00000263337,0
ENSG00000263338,2
ENSG00000263342,0
ENSG00000263343,0
ENSG00000263345,25
ENSG00000263351,0
ENSG00000263353,1
ENSG00000263354,0
ENSG00000263355,0
ENSG00000263357,0
ENSG00000263360,1
ENSG00000263361,0
ENSG00000263363,0
ENSG00000263365,0
ENSG00000263366,1
ENSG00000263368,4
ENSG00000263369,0
ENSG00000263370,5
ENSG00000263371,1
ENSG00000263372,0
ENSG00000263375,0
ENSG00000263377,0
ENSG00000263378,0
ENSG00000263381,0
ENSG00000263382,0
ENSG00000263383,0
ENSG00000263384,0
ENSG00000263388,0
ENSG00000263389,0
ENSG00000263390,0
ENSG00000263391,0
ENSG00000263392,1
ENSG00000263393,4
ENSG00000263394,0
ENSG00000263395,0
ENSG00000263396,0
ENSG00000263397,0
ENSG00000263399,0
ENSG00000263400,17
ENSG00000263401,0
ENSG00000263403,0
ENSG00000263404,0
ENSG00000263405,0
ENSG00000263407,0
ENSG00000263409,0
ENSG00000263410,0
ENSG00000263412,9
ENSG00000263413,1
ENSG00000263414,0
ENSG00000263415,0
ENSG00000263416,0
ENSG00000263417,3
ENSG00000263421,0
ENSG00000263422,67
ENSG00000263424,0
ENSG00000263425,0
ENSG00000263426,0
ENSG00000263427,0
ENSG00000263429,21
ENSG00000263432,32
ENSG00000263433,0
ENSG00000263435,0
ENSG00000263436,0
ENSG00000263438,0
ENSG00000263439,1
ENSG00000263441,0
ENSG00000263443,0
ENSG00000263445,0
ENSG00000263447,0
ENSG00000263448,0
ENSG00000263449,0
ENSG00000263450,0
ENSG00000263453,0
ENSG00000263456,0
ENSG00000263457,0
ENSG00000263458,0
ENSG00000263460,0
ENSG00000263462,0
ENSG00000263463,0
ENSG00000263464,3
ENSG00000263465,2728
ENSG00000263466,7
ENSG00000263468,0
ENSG00000263470,120
ENSG00000263473,0
ENSG00000263475,0
ENSG00000263476,0
ENSG00000263477,0
ENSG00000263479,0
ENSG00000263481,0
ENSG00000263482,7
ENSG00000263483,0
ENSG00000263485,0
ENSG00000263489,0
ENSG00000263490,0
ENSG00000263494,0
ENSG00000263497,0
ENSG00000263499,1
ENSG00000263501,0
ENSG00000263502,0
ENSG00000263503,0
ENSG00000263504,0
ENSG00000263505,0
ENSG00000263506,0
ENSG00000263507,0
ENSG00000263508,2
ENSG00000263509,0
ENSG00000263510,0
ENSG00000263511,0
ENSG00000263512,0
ENSG00000263513,6
ENSG00000263514,0
ENSG00000263515,0
ENSG00000263519,0
ENSG00000263520,0
ENSG00000263522,0
ENSG00000263525,0
ENSG00000263526,0
ENSG00000263527,1
ENSG00000263528,340
ENSG00000263529,0
ENSG00000263531,4
ENSG00000263533,0
ENSG00000263535,41
ENSG00000263537,0
ENSG00000263538,0
ENSG00000263539,0
ENSG00000263540,0
ENSG00000263542,0
ENSG00000263546,0
ENSG00000263547,0
ENSG00000263548,0
ENSG00000263551,0
ENSG00000263553,0
ENSG00000263554,0
ENSG00000263556,0
ENSG00000263558,2
ENSG00000263561,0
ENSG00000263563,355
ENSG00000263565,0
ENSG00000263566,0
ENSG00000263567,0
ENSG00000263568,0
ENSG00000263570,0
ENSG00000263571,0
ENSG00000263572,0
ENSG00000263573,0
ENSG00000263574,2
ENSG00000263575,0
ENSG00000263576,0
ENSG00000263577,0
ENSG00000263578,0
ENSG00000263581,0
ENSG00000263583,0
ENSG00000263584,1
ENSG00000263585,0
ENSG00000263586,25
ENSG00000263588,0
ENSG00000263590,1
ENSG00000263592,0
ENSG00000263593,0
ENSG00000263594,0
ENSG00000263595,2
ENSG00000263596,0
ENSG00000263597,10
ENSG00000263600,0
ENSG00000263602,0
ENSG00000263603,3
ENSG00000263604,0
ENSG00000263606,7
ENSG00000263608,1
ENSG00000263609,0
ENSG00000263611,0
ENSG00000263612,0
ENSG00000263613,0
ENSG00000263615,0
ENSG00000263616,0
ENSG00000263618,6
ENSG00000263620,0
ENSG00000263622,0
ENSG00000263623,0
ENSG00000263624,6
ENSG00000263626,0
ENSG00000263627,8
ENSG00000263628,0
ENSG00000263629,0
ENSG00000263630,0
ENSG00000263631,0
ENSG00000263632,0
ENSG00000263634,0
ENSG00000263635,0
ENSG00000263636,0
ENSG00000263637,0
ENSG00000263639,233
ENSG00000263640,0
ENSG00000263641,0
ENSG00000263642,0
ENSG00000263643,0
ENSG00000263644,8
ENSG00000263645,0
ENSG00000263647,0
ENSG00000263648,1
ENSG00000263649,0
ENSG00000263651,0
ENSG00000263652,0
ENSG00000263653,0
ENSG00000263655,6
ENSG00000263657,5
ENSG00000263658,0
ENSG00000263660,5
ENSG00000263663,0
ENSG00000263666,0
ENSG00000263667,1
ENSG00000263669,0
ENSG00000263670,0
ENSG00000263672,1
ENSG00000263674,0
ENSG00000263675,6
ENSG00000263676,0
ENSG00000263677,0
ENSG00000263678,0
ENSG00000263680,0
ENSG00000263681,0
ENSG00000263682,0
ENSG00000263683,0
ENSG00000263684,0
ENSG00000263685,0
ENSG00000263686,0
ENSG00000263688,1
ENSG00000263689,0
ENSG00000263690,0
ENSG00000263691,2
ENSG00000263692,0
ENSG00000263693,0
ENSG00000263697,0
ENSG00000263698,2
ENSG00000263705,0
ENSG00000263707,0
ENSG00000263708,0
ENSG00000263709,0
ENSG00000263711,0
ENSG00000263712,1
ENSG00000263713,0
ENSG00000263715,0
ENSG00000263716,0
ENSG00000263717,2
ENSG00000263718,6
ENSG00000263719,0
ENSG00000263720,0
ENSG00000263721,0
ENSG00000263723,0
ENSG00000263724,1
ENSG00000263725,0
ENSG00000263727,3
ENSG00000263729,4
ENSG00000263730,0
ENSG00000263731,170
ENSG00000263733,0
ENSG00000263734,0
ENSG00000263735,0
ENSG00000263738,0
ENSG00000263740,2
ENSG00000263741,0
ENSG00000263742,0
ENSG00000263743,0
ENSG00000263744,0
ENSG00000263745,17
ENSG00000263746,0
ENSG00000263748,1
ENSG00000263749,0
ENSG00000263750,0
ENSG00000263751,5
ENSG00000263752,0
ENSG00000263753,1372
ENSG00000263755,0
ENSG00000263756,0
ENSG00000263757,0
ENSG00000263759,0
ENSG00000263761,0
ENSG00000263762,0
ENSG00000263763,0
ENSG00000263764,0
ENSG00000263765,0
ENSG00000263766,10
ENSG00000263767,0
ENSG00000263768,0
ENSG00000263772,0
ENSG00000263774,0
ENSG00000263775,0
ENSG00000263776,0
ENSG00000263780,0
ENSG00000263781,0
ENSG00000263782,0
ENSG00000263783,0
ENSG00000263785,0
ENSG00000263786,34
ENSG00000263787,0
ENSG00000263788,0
ENSG00000263790,0
ENSG00000263793,0
ENSG00000263794,0
ENSG00000263795,0
ENSG00000263797,0
ENSG00000263798,0
ENSG00000263800,0
ENSG00000263802,0
ENSG00000263805,0
ENSG00000263808,0
ENSG00000263809,5
ENSG00000263810,0
ENSG00000263811,0
ENSG00000263812,4
ENSG00000263813,0
ENSG00000263814,0
ENSG00000263815,1
ENSG00000263816,0
ENSG00000263818,149
ENSG00000263820,0
ENSG00000263821,0
ENSG00000263823,11
ENSG00000263825,0
ENSG00000263826,18
ENSG00000263827,0
ENSG00000263828,0
ENSG00000263829,3
ENSG00000263831,0
ENSG00000263834,5
ENSG00000263835,0
ENSG00000263838,0
ENSG00000263840,0
ENSG00000263841,0
ENSG00000263842,1
ENSG00000263843,93
ENSG00000263845,0
ENSG00000263846,4
ENSG00000263847,6
ENSG00000263848,0
ENSG00000263849,0
ENSG00000263853,0
ENSG00000263855,0
ENSG00000263856,0
ENSG00000263857,1
ENSG00000263858,0
ENSG00000263859,0
ENSG00000263860,0
ENSG00000263861,0
ENSG00000263862,2
ENSG00000263863,0
ENSG00000263868,0
ENSG00000263870,0
ENSG00000263872,0
ENSG00000263873,0
ENSG00000263874,25
ENSG00000263878,0
ENSG00000263881,0
ENSG00000263882,0
ENSG00000263883,1
ENSG00000263884,11
ENSG00000263885,0
ENSG00000263886,0
ENSG00000263887,2
ENSG00000263890,0
ENSG00000263891,0
ENSG00000263892,0
ENSG00000263893,3
ENSG00000263894,0
ENSG00000263895,0
ENSG00000263897,0
ENSG00000263898,1
ENSG00000263900,0
ENSG00000263903,0
ENSG00000263904,4
ENSG00000263905,0
ENSG00000263907,0
ENSG00000263908,0
ENSG00000263909,1
ENSG00000263913,0
ENSG00000263914,0
ENSG00000263916,7
ENSG00000263917,0
ENSG00000263918,0
ENSG00000263921,0
ENSG00000263923,0
ENSG00000263924,1
ENSG00000263926,0
ENSG00000263927,0
ENSG00000263928,0
ENSG00000263931,1
ENSG00000263932,0
ENSG00000263933,0
ENSG00000263934,1
ENSG00000263935,0
ENSG00000263938,0
ENSG00000263940,0
ENSG00000263941,3
ENSG00000263944,0
ENSG00000263945,0
ENSG00000263946,0
ENSG00000263948,0
ENSG00000263952,0
ENSG00000263954,0
ENSG00000263955,0
ENSG00000263956,331
ENSG00000263957,0
ENSG00000263958,1
ENSG00000263960,1
ENSG00000263961,26
ENSG00000263963,0
ENSG00000263964,0
ENSG00000263967,0
ENSG00000263968,21
ENSG00000263969,0
ENSG00000263970,0
ENSG00000263972,0
ENSG00000263973,0
ENSG00000263974,0
ENSG00000263976,0
ENSG00000263978,0
ENSG00000263979,0
ENSG00000263980,0
ENSG00000263981,0
ENSG00000263982,1
ENSG00000263984,0
ENSG00000263985,0
ENSG00000263986,0
ENSG00000263987,0
ENSG00000263988,0
ENSG00000263989,0
ENSG00000263990,23
ENSG00000263993,0
ENSG00000263995,0
ENSG00000263997,0
ENSG00000263999,1
ENSG00000264000,1
ENSG00000264002,0
ENSG00000264004,0
ENSG00000264005,0
ENSG00000264006,0
ENSG00000264007,2
ENSG00000264009,0
ENSG00000264010,0
ENSG00000264012,2
ENSG00000264013,0
ENSG00000264014,0
ENSG00000264015,0
ENSG00000264016,3
ENSG00000264017,5
ENSG00000264019,0
ENSG00000264021,0
ENSG00000264022,0
ENSG00000264023,0
ENSG00000264024,0
ENSG00000264026,74
ENSG00000264028,0
ENSG00000264029,0
ENSG00000264030,0
ENSG00000264031,0
ENSG00000264032,0
ENSG00000264034,0
ENSG00000264036,0
ENSG00000264037,0
ENSG00000264038,0
ENSG00000264039,0
ENSG00000264040,0
ENSG00000264041,0
ENSG00000264042,0
ENSG00000264044,3
ENSG00000264045,0
ENSG00000264047,0
ENSG00000264048,0
ENSG00000264049,30
ENSG00000264050,2
ENSG00000264052,0
ENSG00000264054,0
ENSG00000264055,0
ENSG00000264056,2
ENSG00000264057,20
ENSG00000264058,1
ENSG00000264060,0
ENSG00000264061,1
ENSG00000264062,0
ENSG00000264063,0
ENSG00000264066,0
ENSG00000264067,7
ENSG00000264069,0
ENSG00000264070,26
ENSG00000264071,0
ENSG00000264072,0
ENSG00000264073,0
ENSG00000264074,0
ENSG00000264075,0
ENSG00000264076,0
ENSG00000264077,0
ENSG00000264078,5
ENSG00000264079,0
ENSG00000264080,3
ENSG00000264081,0
ENSG00000264083,0
ENSG00000264084,0
ENSG00000264085,0
ENSG00000264089,0
ENSG00000264090,0
ENSG00000264091,4
ENSG00000264092,0
ENSG00000264093,0
ENSG00000264095,0
ENSG00000264097,0
ENSG00000264099,0
ENSG00000264101,0
ENSG00000264102,0
ENSG00000264103,0
ENSG00000264104,0
ENSG00000264105,0
ENSG00000264107,11
ENSG00000264108,0
ENSG00000264109,0
ENSG00000264110,0
ENSG00000264112,1987
ENSG00000264113,0
ENSG00000264114,0
ENSG00000264115,0
ENSG00000264116,1
ENSG00000264119,0
ENSG00000264120,0
ENSG00000264124,0
ENSG00000264125,0
ENSG00000264127,0
ENSG00000264128,0
ENSG00000264130,0
ENSG00000264131,0
ENSG00000264133,0
ENSG00000264134,0
ENSG00000264135,0
ENSG00000264136,0
ENSG00000264137,0
ENSG00000264138,0
ENSG00000264139,0
ENSG00000264141,0
ENSG00000264142,0
ENSG00000264144,1
ENSG00000264145,0
ENSG00000264146,0
ENSG00000264147,0
ENSG00000264148,0
ENSG00000264149,0
ENSG00000264150,0
ENSG00000264151,0
ENSG00000264155,0
ENSG00000264157,0
ENSG00000264158,0
ENSG00000264160,0
ENSG00000264163,0
ENSG00000264164,0
ENSG00000264167,0
ENSG00000264168,0
ENSG00000264169,0
ENSG00000264171,0
ENSG00000264172,0
ENSG00000264173,0
ENSG00000264174,0
ENSG00000264175,0
ENSG00000264176,10
ENSG00000264177,0
ENSG00000264178,0
ENSG00000264179,0
ENSG00000264181,1
ENSG00000264182,0
ENSG00000264183,0
ENSG00000264184,0
ENSG00000264186,0
ENSG00000264187,5
ENSG00000264188,1
ENSG00000264189,0
ENSG00000264190,5
ENSG00000264192,0
ENSG00000264193,0
ENSG00000264196,0
ENSG00000264200,0
ENSG00000264201,1
ENSG00000264203,6
ENSG00000264204,0
ENSG00000264206,0
ENSG00000264207,1
ENSG00000264208,0
ENSG00000264209,0
ENSG00000264210,0
ENSG00000264211,0
ENSG00000264212,0
ENSG00000264215,1
ENSG00000264216,0
ENSG00000264217,0
ENSG00000264219,28
ENSG00000264222,0
ENSG00000264224,0
ENSG00000264226,1
ENSG00000264229,3
ENSG00000264230,41
ENSG00000264232,0
ENSG00000264233,0
ENSG00000264235,27
ENSG00000264236,0
ENSG00000264238,0
ENSG00000264239,0
ENSG00000264240,0
ENSG00000264241,0
ENSG00000264242,0
ENSG00000264243,0
ENSG00000264245,0
ENSG00000264246,0
ENSG00000264247,333
ENSG00000264248,0
ENSG00000264249,0
ENSG00000264250,1
ENSG00000264251,0
ENSG00000264254,0
ENSG00000264256,0
ENSG00000264257,0
ENSG00000264260,0
ENSG00000264261,0
ENSG00000264262,0
ENSG00000264263,1
ENSG00000264265,0
ENSG00000264266,1
ENSG00000264267,0
ENSG00000264268,0
ENSG00000264269,9
ENSG00000264270,0
ENSG00000264271,0
ENSG00000264272,0
ENSG00000264273,1
ENSG00000264274,0
ENSG00000264275,0
ENSG00000264277,0
ENSG00000264278,82
ENSG00000264279,0
ENSG00000264281,20
ENSG00000264283,0
ENSG00000264284,0
ENSG00000264286,0
ENSG00000264288,0
ENSG00000264289,0
ENSG00000264290,35
ENSG00000264292,0
ENSG00000264293,0
ENSG00000264294,0
ENSG00000264295,0
ENSG00000264296,0
ENSG00000264297,0
ENSG00000264298,0
ENSG00000264299,0
ENSG00000264300,0
ENSG00000264301,0
ENSG00000264302,0
ENSG00000264303,0
ENSG00000264304,10
ENSG00000264306,0
ENSG00000264308,0
ENSG00000264309,0
ENSG00000264311,1
ENSG00000264313,0
ENSG00000264314,0
ENSG00000264315,1
ENSG00000264316,0
ENSG00000264317,3
ENSG00000264319,0
ENSG00000264321,0
ENSG00000264322,0
ENSG00000264323,0
ENSG00000264324,7
ENSG00000264326,0
ENSG00000264327,0
ENSG00000264329,0
ENSG00000264330,0
ENSG00000264332,0
ENSG00000264333,0
ENSG00000264334,0
ENSG00000264336,0
ENSG00000264338,0
ENSG00000264339,0
ENSG00000264340,0
ENSG00000264341,0
ENSG00000264342,1
ENSG00000264343,12
ENSG00000264344,0
ENSG00000264345,1
ENSG00000264346,0
ENSG00000264349,4
ENSG00000264350,224
ENSG00000264352,0
ENSG00000264354,0
ENSG00000264357,0
ENSG00000264358,0
ENSG00000264359,1
ENSG00000264362,0
ENSG00000264364,42922
ENSG00000264365,7
ENSG00000264370,0
ENSG00000264371,0
ENSG00000264372,0
ENSG00000264373,0
ENSG00000264374,0
ENSG00000264377,1
ENSG00000264378,0
ENSG00000264379,0
ENSG00000264380,0
ENSG00000264382,0
ENSG00000264383,0
ENSG00000264384,3
ENSG00000264386,0
ENSG00000264387,0
ENSG00000264388,0
ENSG00000264390,0
ENSG00000264391,2
ENSG00000264392,0
ENSG00000264395,0
ENSG00000264397,0
ENSG00000264399,0
ENSG00000264400,0
ENSG00000264402,0
ENSG00000264404,0
ENSG00000264405,0
ENSG00000264406,0
ENSG00000264408,0
ENSG00000264410,0
ENSG00000264419,2
ENSG00000264420,0
ENSG00000264421,0
ENSG00000264422,0
ENSG00000264423,0
ENSG00000264424,6
ENSG00000264425,18
ENSG00000264426,0
ENSG00000264429,0
ENSG00000264431,0
ENSG00000264434,0
ENSG00000264435,0
ENSG00000264437,0
ENSG00000264438,0
ENSG00000264439,0
ENSG00000264441,0
ENSG00000264443,0
ENSG00000264444,1
ENSG00000264445,0
ENSG00000264446,0
ENSG00000264448,12
ENSG00000264449,0
ENSG00000264451,0
ENSG00000264452,0
ENSG00000264453,0
ENSG00000264455,0
ENSG00000264456,48
ENSG00000264458,2
ENSG00000264462,0
ENSG00000264463,0
ENSG00000264464,0
ENSG00000264465,0
ENSG00000264468,2
ENSG00000264470,0
ENSG00000264471,0
ENSG00000264472,0
ENSG00000264474,0
ENSG00000264475,0
ENSG00000264477,0
ENSG00000264478,0
ENSG00000264479,0
ENSG00000264480,0
ENSG00000264482,0
ENSG00000264483,0
ENSG00000264484,0
ENSG00000264486,0
ENSG00000264488,0
ENSG00000264489,0
ENSG00000264490,0
ENSG00000264491,13
ENSG00000264493,0
ENSG00000264494,0
ENSG00000264496,0
ENSG00000264497,1
ENSG00000264500,0
ENSG00000264501,0
ENSG00000264502,0
ENSG00000264503,0
ENSG00000264505,0
ENSG00000264510,0
ENSG00000264511,0
ENSG00000264512,0
ENSG00000264513,9
ENSG00000264514,0
ENSG00000264515,0
ENSG00000264517,0
ENSG00000264518,0
ENSG00000264519,0
ENSG00000264520,1
ENSG00000264522,2447
ENSG00000264525,0
ENSG00000264526,0
ENSG00000264527,0
ENSG00000264529,1
ENSG00000264530,0
ENSG00000264534,0
ENSG00000264535,0
ENSG00000264536,0
ENSG00000264538,119
ENSG00000264539,0
ENSG00000264540,0
ENSG00000264542,0
ENSG00000264543,0
ENSG00000264544,0
ENSG00000264545,0
ENSG00000264546,2
ENSG00000264548,6
ENSG00000264549,0
ENSG00000264551,0
ENSG00000264552,0
ENSG00000264553,1
ENSG00000264554,0
ENSG00000264558,0
ENSG00000264559,0
ENSG00000264560,0
ENSG00000264562,0
ENSG00000264563,0
ENSG00000264564,0
ENSG00000264566,0
ENSG00000264569,3
ENSG00000264570,0
ENSG00000264571,0
ENSG00000264572,0
ENSG00000264573,2
ENSG00000264574,0
ENSG00000264575,225
ENSG00000264576,0
ENSG00000264577,201
ENSG00000264578,0
ENSG00000264580,0
ENSG00000264582,0
ENSG00000264583,0
ENSG00000264585,0
ENSG00000264587,0
ENSG00000264589,0
ENSG00000264592,0
ENSG00000264594,0
ENSG00000264595,2
ENSG00000264596,0
ENSG00000264598,0
ENSG00000264599,1
ENSG00000264603,0
ENSG00000264604,0
ENSG00000264607,0
ENSG00000264608,37
ENSG00000264609,1
ENSG00000264610,0
ENSG00000264613,0
ENSG00000264614,0
ENSG00000264615,0
ENSG00000264616,0
ENSG00000264617,0
ENSG00000264618,0
ENSG00000264620,0
ENSG00000264621,0
ENSG00000264622,0
ENSG00000264623,0
ENSG00000264624,0
ENSG00000264629,0
ENSG00000264630,0
ENSG00000264633,0
ENSG00000264634,0
ENSG00000264635,5
ENSG00000264637,0
ENSG00000264638,0
ENSG00000264641,0
ENSG00000264642,0
ENSG00000264643,0
ENSG00000264644,3
ENSG00000264645,3
ENSG00000264647,6
ENSG00000264652,0
ENSG00000264653,0
ENSG00000264655,0
ENSG00000264657,0
ENSG00000264658,0
ENSG00000264659,0
ENSG00000264660,2
ENSG00000264661,0
ENSG00000264662,0
ENSG00000264663,0
ENSG00000264666,13
ENSG00000264667,0
ENSG00000264668,1
ENSG00000264669,0
ENSG00000264671,0
ENSG00000264672,84
ENSG00000264673,0
ENSG00000264675,0
ENSG00000264676,0
ENSG00000264677,0
ENSG00000264678,0
ENSG00000264679,0
ENSG00000264684,2
ENSG00000264685,0
ENSG00000264686,0
ENSG00000264687,0
ENSG00000264689,0
ENSG00000264693,0
ENSG00000264695,0
ENSG00000264696,0
ENSG00000264697,0
ENSG00000264698,0
ENSG00000264699,0
ENSG00000264701,0
ENSG00000264702,0
ENSG00000264703,0
ENSG00000264705,0
ENSG00000264706,0
ENSG00000264707,8
ENSG00000264711,0
ENSG00000264712,0
ENSG00000264713,0
ENSG00000264714,0
ENSG00000264715,0
ENSG00000264717,0
ENSG00000264718,0
ENSG00000264720,0
ENSG00000264721,0
ENSG00000264722,0
ENSG00000264724,0
ENSG00000264725,0
ENSG00000264726,0
ENSG00000264727,5
ENSG00000264729,0
ENSG00000264730,0
ENSG00000264732,0
ENSG00000264733,0
ENSG00000264734,0
ENSG00000264735,0
ENSG00000264736,0
ENSG00000264737,0
ENSG00000264739,0
ENSG00000264740,0
ENSG00000264741,0
ENSG00000264742,0
ENSG00000264743,4
ENSG00000264744,0
ENSG00000264745,8
ENSG00000264746,0
ENSG00000264747,0
ENSG00000264748,0
ENSG00000264749,0
ENSG00000264750,0
ENSG00000264753,0
ENSG00000264754,0
ENSG00000264755,0
ENSG00000264757,0
ENSG00000264759,0
ENSG00000264760,0
ENSG00000264763,0
ENSG00000264764,0
ENSG00000264765,0
ENSG00000264766,0
ENSG00000264767,0
ENSG00000264768,0
ENSG00000264769,5
ENSG00000264771,0
ENSG00000264772,70
ENSG00000264773,0
ENSG00000264775,0
ENSG00000264779,0
ENSG00000264780,0
ENSG00000264781,4
ENSG00000264785,0
ENSG00000264788,1
ENSG00000264790,0
ENSG00000264791,0
ENSG00000264792,0
ENSG00000264793,0
ENSG00000264794,0
ENSG00000264796,1
ENSG00000264797,0
ENSG00000264799,0
ENSG00000264800,0
ENSG00000264801,0
ENSG00000264802,0
ENSG00000264803,0
ENSG00000264804,0
ENSG00000264808,105
ENSG00000264809,0
ENSG00000264810,0
ENSG00000264811,0
ENSG00000264812,2
ENSG00000264813,0
ENSG00000264814,0
ENSG00000264817,0
ENSG00000264818,0
ENSG00000264819,0
ENSG00000264823,0
ENSG00000264824,0
ENSG00000264825,3
ENSG00000264829,0
ENSG00000264831,0
ENSG00000264833,0
ENSG00000264834,0
ENSG00000264837,0
ENSG00000264838,0
ENSG00000264839,0
ENSG00000264840,0
ENSG00000264841,0
ENSG00000264843,0
ENSG00000264844,0
ENSG00000264845,0
ENSG00000264849,1
ENSG00000264850,0
ENSG00000264853,2
ENSG00000264855,0
ENSG00000264857,0
ENSG00000264859,12
ENSG00000264860,0
ENSG00000264861,0
ENSG00000264862,1
ENSG00000264864,0
ENSG00000264869,0
ENSG00000264871,1
ENSG00000264874,0
ENSG00000264875,0
ENSG00000264876,0
ENSG00000264877,0
ENSG00000264878,0
ENSG00000264879,0
ENSG00000264880,0
ENSG00000264881,0
ENSG00000264884,0
ENSG00000264885,62
ENSG00000264888,0
ENSG00000264890,0
ENSG00000264891,1
ENSG00000264892,0
ENSG00000264894,0
ENSG00000264895,2
ENSG00000264896,0
ENSG00000264897,0
ENSG00000264899,0
ENSG00000264900,0
ENSG00000264901,0
ENSG00000264902,0
ENSG00000264906,0
ENSG00000264907,0
ENSG00000264908,0
ENSG00000264910,0
ENSG00000264911,0
ENSG00000264913,0
ENSG00000264914,2
ENSG00000264916,1
ENSG00000264918,51
ENSG00000264919,0
ENSG00000264920,37
ENSG00000264921,0
ENSG00000264922,0
ENSG00000264924,5
ENSG00000264925,0
ENSG00000264926,0
ENSG00000264927,0
ENSG00000264928,0
ENSG00000264930,0
ENSG00000264931,1
ENSG00000264932,1
ENSG00000264933,1
ENSG00000264934,0
ENSG00000264935,0
ENSG00000264937,2
ENSG00000264940,0
ENSG00000264941,0
ENSG00000264943,4
ENSG00000264944,0
ENSG00000264947,0
ENSG00000264950,0
ENSG00000264952,0
ENSG00000264953,0
ENSG00000264954,8
ENSG00000264956,2
ENSG00000264957,0
ENSG00000264958,0
ENSG00000264961,0
ENSG00000264963,0
ENSG00000264964,60
ENSG00000264965,0
ENSG00000264966,2
ENSG00000264968,5
ENSG00000264969,0
ENSG00000264970,0
ENSG00000264971,0
ENSG00000264972,0
ENSG00000264974,0
ENSG00000264975,0
ENSG00000264976,0
ENSG00000264978,0
ENSG00000264979,0
ENSG00000264981,0
ENSG00000264982,0
ENSG00000264984,0
ENSG00000264985,0
ENSG00000264986,0
ENSG00000264990,0
ENSG00000264991,4
ENSG00000264994,0
ENSG00000264997,0
ENSG00000264999,0
ENSG00000265000,0
ENSG00000265002,0
ENSG00000265003,0
ENSG00000265005,0
ENSG00000265007,0
ENSG00000265008,4
ENSG00000265009,0
ENSG00000265010,1
ENSG00000265012,0
ENSG00000265014,0
ENSG00000265015,0
ENSG00000265017,0
ENSG00000265018,3
ENSG00000265019,0
ENSG00000265020,0
ENSG00000265023,1
ENSG00000265024,0
ENSG00000265028,0
ENSG00000265029,0
ENSG00000265031,0
ENSG00000265032,0
ENSG00000265033,0
ENSG00000265035,0
ENSG00000265037,0
ENSG00000265038,0
ENSG00000265039,0
ENSG00000265041,0
ENSG00000265042,0
ENSG00000265043,0
ENSG00000265046,0
ENSG00000265047,0
ENSG00000265049,0
ENSG00000265050,0
ENSG00000265052,4
ENSG00000265054,0
ENSG00000265055,68
ENSG00000265056,0
ENSG00000265057,0
ENSG00000265060,0
ENSG00000265061,0
ENSG00000265062,0
ENSG00000265063,0
ENSG00000265064,0
ENSG00000265068,0
ENSG00000265069,0
ENSG00000265070,0
ENSG00000265072,0
ENSG00000265073,1
ENSG00000265075,0
ENSG00000265076,0
ENSG00000265078,1
ENSG00000265080,0
ENSG00000265082,0
ENSG00000265083,0
ENSG00000265084,0
ENSG00000265085,0
ENSG00000265086,0
ENSG00000265087,1
ENSG00000265089,0
ENSG00000265090,0
ENSG00000265091,2
ENSG00000265092,1
ENSG00000265093,0
ENSG00000265094,0
ENSG00000265095,2
ENSG00000265096,0
ENSG00000265097,0
ENSG00000265098,0
ENSG00000265099,0
ENSG00000265100,31
ENSG00000265101,2
ENSG00000265102,0
ENSG00000265106,0
ENSG00000265107,379
ENSG00000265108,0
ENSG00000265109,0
ENSG00000265110,0
ENSG00000265112,5
ENSG00000265113,2
ENSG00000265114,0
ENSG00000265115,0
ENSG00000265118,2
ENSG00000265119,0
ENSG00000265121,0
ENSG00000265123,0
ENSG00000265125,1
ENSG00000265126,0
ENSG00000265127,0
ENSG00000265128,0
ENSG00000265129,0
ENSG00000265132,0
ENSG00000265134,0
ENSG00000265135,0
ENSG00000265136,0
ENSG00000265137,0
ENSG00000265139,0
ENSG00000265140,0
ENSG00000265141,0
ENSG00000265142,0
ENSG00000265144,0
ENSG00000265145,0
ENSG00000265148,59
ENSG00000265151,0
ENSG00000265152,0
ENSG00000265154,0
ENSG00000265155,0
ENSG00000265158,26
ENSG00000265160,0
ENSG00000265163,0
ENSG00000265164,0
ENSG00000265165,0
ENSG00000265166,0
ENSG00000265167,0
ENSG00000265168,0
ENSG00000265169,0
ENSG00000265170,0
ENSG00000265172,0
ENSG00000265174,1
ENSG00000265175,0
ENSG00000265176,0
ENSG00000265178,19
ENSG00000265179,0
ENSG00000265180,0
ENSG00000265181,0
ENSG00000265182,0
ENSG00000265185,4
ENSG00000265186,0
ENSG00000265188,0
ENSG00000265190,25
ENSG00000265193,0
ENSG00000265194,1
ENSG00000265195,0
ENSG00000265199,0
ENSG00000265200,0
ENSG00000265201,1
ENSG00000265203,0
ENSG00000265204,0
ENSG00000265205,15
ENSG00000265206,24
ENSG00000265208,0
ENSG00000265209,0
ENSG00000265210,0
ENSG00000265211,0
ENSG00000265212,1
ENSG00000265213,0
ENSG00000265214,0
ENSG00000265215,0
ENSG00000265216,0
ENSG00000265217,0
ENSG00000265218,3
ENSG00000265222,14
ENSG00000265224,0
ENSG00000265225,0
ENSG00000265226,0
ENSG00000265227,0
ENSG00000265233,1
ENSG00000265236,0
ENSG00000265237,0
ENSG00000265238,0
ENSG00000265239,0
ENSG00000265240,0
ENSG00000265241,6878
ENSG00000265243,0
ENSG00000265244,0
ENSG00000265245,0
ENSG00000265246,50
ENSG00000265247,0
ENSG00000265249,0
ENSG00000265250,0
ENSG00000265251,0
ENSG00000265252,0
ENSG00000265253,1
ENSG00000265254,1
ENSG00000265257,0
ENSG00000265258,0
ENSG00000265260,0
ENSG00000265261,2
ENSG00000265262,6
ENSG00000265263,0
ENSG00000265264,0
ENSG00000265265,0
ENSG00000265266,0
ENSG00000265267,0
ENSG00000265268,0
ENSG00000265272,0
ENSG00000265273,4
ENSG00000265275,0
ENSG00000265279,0
ENSG00000265280,1
ENSG00000265281,0
ENSG00000265282,62
ENSG00000265284,0
ENSG00000265285,0
ENSG00000265286,0
ENSG00000265287,1
ENSG00000265289,0
ENSG00000265291,0
ENSG00000265293,5
ENSG00000265294,0
ENSG00000265295,0
ENSG00000265296,1
ENSG00000265298,284
ENSG00000265300,0
ENSG00000265301,0
ENSG00000265303,0
ENSG00000265304,0
ENSG00000265306,0
ENSG00000265311,0
ENSG00000265313,0
ENSG00000265315,0
ENSG00000265316,0
ENSG00000265317,0
ENSG00000265319,0
ENSG00000265320,0
ENSG00000265321,6
ENSG00000265322,0
ENSG00000265324,0
ENSG00000265327,0
ENSG00000265328,0
ENSG00000265329,0
ENSG00000265330,0
ENSG00000265331,0
ENSG00000265332,0
ENSG00000265333,0
ENSG00000265334,0
ENSG00000265337,1
ENSG00000265339,2
ENSG00000265340,0
ENSG00000265341,0
ENSG00000265342,8
ENSG00000265344,0
ENSG00000265345,0
ENSG00000265347,0
ENSG00000265349,2
ENSG00000265352,0
ENSG00000265354,3647
ENSG00000265355,0
ENSG00000265356,0
ENSG00000265357,0
ENSG00000265359,1
ENSG00000265362,0
ENSG00000265364,0
ENSG00000265366,8
ENSG00000265367,0
ENSG00000265368,0
ENSG00000265369,3
ENSG00000265370,0
ENSG00000265371,0
ENSG00000265372,0
ENSG00000265373,0
ENSG00000265374,0
ENSG00000265375,0
ENSG00000265376,0
ENSG00000265378,0
ENSG00000265379,0
ENSG00000265380,0
ENSG00000265381,0
ENSG00000265383,0
ENSG00000265386,2
ENSG00000265388,0
ENSG00000265390,0
ENSG00000265391,0
ENSG00000265392,0
ENSG00000265393,2
ENSG00000265394,0
ENSG00000265395,0
ENSG00000265396,0
ENSG00000265398,0
ENSG00000265399,40
ENSG00000265400,1
ENSG00000265401,0
ENSG00000265402,0
ENSG00000265403,0
ENSG00000265404,0
ENSG00000265407,1
ENSG00000265408,0
ENSG00000265411,0
ENSG00000265413,2
ENSG00000265415,1499
ENSG00000265416,1
ENSG00000265417,3
ENSG00000265418,0
ENSG00000265419,0
ENSG00000265420,0
ENSG00000265421,0
ENSG00000265422,0
ENSG00000265423,1
ENSG00000265425,0
ENSG00000265428,0
ENSG00000265429,1
ENSG00000265430,0
ENSG00000265432,0
ENSG00000265433,0
ENSG00000265435,0
ENSG00000265437,1
ENSG00000265438,0
ENSG00000265439,0
ENSG00000265441,0
ENSG00000265442,0
ENSG00000265443,0
ENSG00000265444,0
ENSG00000265445,0
ENSG00000265450,0
ENSG00000265451,7
ENSG00000265452,15
ENSG00000265453,0
ENSG00000265455,0
ENSG00000265456,0
ENSG00000265457,0
ENSG00000265458,106
ENSG00000265460,12
ENSG00000265461,0
ENSG00000265462,0
ENSG00000265463,0
ENSG00000265465,15
ENSG00000265467,0
ENSG00000265469,1
ENSG00000265470,0
ENSG00000265472,0
ENSG00000265474,14
ENSG00000265477,0
ENSG00000265478,15
ENSG00000265479,37
ENSG00000265480,2
ENSG00000265481,0
ENSG00000265483,0
ENSG00000265484,0
ENSG00000265485,2
ENSG00000265486,0
ENSG00000265487,0
ENSG00000265488,1
ENSG00000265489,1
ENSG00000265490,0
ENSG00000265491,2192
ENSG00000265493,0
ENSG00000265494,0
ENSG00000265496,2
ENSG00000265498,0
ENSG00000265499,0
ENSG00000265501,0
ENSG00000265503,0
ENSG00000265504,0
ENSG00000265507,0
ENSG00000265510,0
ENSG00000265511,20
ENSG00000265514,0
ENSG00000265515,0
ENSG00000265516,0
ENSG00000265517,7
ENSG00000265518,0
ENSG00000265519,210
ENSG00000265520,0
ENSG00000265521,0
ENSG00000265522,0
ENSG00000265524,0
ENSG00000265526,0
ENSG00000265527,0
ENSG00000265529,0
ENSG00000265530,0
ENSG00000265531,0
ENSG00000265533,0
ENSG00000265535,0
ENSG00000265537,0
ENSG00000265538,0
ENSG00000265539,3
ENSG00000265541,0
ENSG00000265542,15
ENSG00000265543,0
ENSG00000265544,0
ENSG00000265545,0
ENSG00000265547,0
ENSG00000265550,0
ENSG00000265552,0
ENSG00000265554,4
ENSG00000265555,0
ENSG00000265556,2
ENSG00000265558,0
ENSG00000265559,1
ENSG00000265560,0
ENSG00000265561,0
ENSG00000265562,0
ENSG00000265564,0
ENSG00000265565,0
ENSG00000265566,0
ENSG00000265567,0
ENSG00000265568,0
ENSG00000265569,0
ENSG00000265573,0
ENSG00000265574,2
ENSG00000265575,0
ENSG00000265579,1
ENSG00000265582,2
ENSG00000265583,0
ENSG00000265584,0
ENSG00000265585,0
ENSG00000265587,0
ENSG00000265588,0
ENSG00000265589,0
ENSG00000265590,21
ENSG00000265592,1
ENSG00000265593,0
ENSG00000265595,0
ENSG00000265596,0
ENSG00000265597,0
ENSG00000265598,0
ENSG00000265599,0
ENSG00000265600,3
ENSG00000265606,0
ENSG00000265610,0
ENSG00000265611,1
ENSG00000265612,2
ENSG00000265614,0
ENSG00000265615,0
ENSG00000265616,0
ENSG00000265617,0
ENSG00000265618,0
ENSG00000265619,0
ENSG00000265621,0
ENSG00000265623,0
ENSG00000265625,13
ENSG00000265626,0
ENSG00000265627,0
ENSG00000265630,2
ENSG00000265631,0
ENSG00000265632,0
ENSG00000265635,0
ENSG00000265636,1
ENSG00000265637,0
ENSG00000265638,7
ENSG00000265639,0
ENSG00000265641,0
ENSG00000265642,1
ENSG00000265643,0
ENSG00000265644,0
ENSG00000265645,0
ENSG00000265646,1
ENSG00000265647,0
ENSG00000265648,1
ENSG00000265649,0
ENSG00000265650,1
ENSG00000265653,0
ENSG00000265654,0
ENSG00000265655,0
ENSG00000265656,1
ENSG00000265657,0
ENSG00000265658,0
ENSG00000265660,4
ENSG00000265662,0
ENSG00000265664,0
ENSG00000265665,4
ENSG00000265666,113
ENSG00000265667,0
ENSG00000265669,0
ENSG00000265670,0
ENSG00000265671,0
ENSG00000265672,0
ENSG00000265673,0
ENSG00000265675,0
ENSG00000265678,6
ENSG00000265679,0
ENSG00000265681,2232
ENSG00000265682,0
ENSG00000265683,8
ENSG00000265684,0
ENSG00000265686,0
ENSG00000265688,391
ENSG00000265689,0
ENSG00000265690,0
ENSG00000265691,0
ENSG00000265692,6
ENSG00000265693,0
ENSG00000265694,0
ENSG00000265695,0
ENSG00000265696,0
ENSG00000265697,0
ENSG00000265698,0
ENSG00000265699,0
ENSG00000265700,0
ENSG00000265702,38
ENSG00000265705,0
ENSG00000265706,2
ENSG00000265708,0
ENSG00000265709,0
ENSG00000265711,0
ENSG00000265712,0
ENSG00000265713,0
ENSG00000265714,2
ENSG00000265717,11
ENSG00000265719,0
ENSG00000265720,0
ENSG00000265722,0
ENSG00000265724,1
ENSG00000265725,0
ENSG00000265727,1
ENSG00000265728,5
ENSG00000265730,0
ENSG00000265733,0
ENSG00000265734,0
ENSG00000265735,1
ENSG00000265736,0
ENSG00000265737,0
ENSG00000265739,0
ENSG00000265740,0
ENSG00000265743,14
ENSG00000265744,0
ENSG00000265745,0
ENSG00000265746,0
ENSG00000265749,33
ENSG00000265750,31
ENSG00000265751,0
ENSG00000265752,3
ENSG00000265753,0
ENSG00000265758,0
ENSG00000265759,0
ENSG00000265763,18
ENSG00000265764,0
ENSG00000265766,3
ENSG00000265767,0
ENSG00000265768,0
ENSG00000265771,0
ENSG00000265774,0
ENSG00000265775,0
ENSG00000265776,0
ENSG00000265777,0
ENSG00000265778,2
ENSG00000265780,0
ENSG00000265781,0
ENSG00000265783,0
ENSG00000265784,0
ENSG00000265786,0
ENSG00000265787,0
ENSG00000265788,0
ENSG00000265789,0
ENSG00000265790,6
ENSG00000265791,6
ENSG00000265793,0
ENSG00000265794,0
ENSG00000265798,8
ENSG00000265799,1
ENSG00000265800,22
ENSG00000265801,0
ENSG00000265802,0
ENSG00000265804,2
ENSG00000265806,6
ENSG00000265808,3431
ENSG00000265810,0
ENSG00000265812,0
ENSG00000265813,0
ENSG00000265814,0
ENSG00000265815,0
ENSG00000265817,0
ENSG00000265818,0
ENSG00000265819,0
ENSG00000265820,1
ENSG00000265822,0
ENSG00000265827,0
ENSG00000265828,0
ENSG00000265829,0
ENSG00000265831,0
ENSG00000265833,0
ENSG00000265835,0
ENSG00000265836,0
ENSG00000265837,0
ENSG00000265840,0
ENSG00000265841,0
ENSG00000265843,0
ENSG00000265844,0
ENSG00000265845,8
ENSG00000265846,0
ENSG00000265847,0
ENSG00000265848,0
ENSG00000265850,0
ENSG00000265853,0
ENSG00000265855,0
ENSG00000265856,0
ENSG00000265858,0
ENSG00000265859,0
ENSG00000265861,0
ENSG00000265863,0
ENSG00000265864,0
ENSG00000265865,0
ENSG00000265866,0
ENSG00000265867,0
ENSG00000265869,0
ENSG00000265870,0
ENSG00000265871,0
ENSG00000265872,0
ENSG00000265873,0
ENSG00000265874,0
ENSG00000265875,0
ENSG00000265878,0
ENSG00000265879,0
ENSG00000265881,0
ENSG00000265882,0
ENSG00000265883,0
ENSG00000265885,0
ENSG00000265888,1
ENSG00000265889,0
ENSG00000265891,0
ENSG00000265892,0
ENSG00000265893,0
ENSG00000265894,0
ENSG00000265897,0
ENSG00000265898,0
ENSG00000265899,0
ENSG00000265902,0
ENSG00000265904,1
ENSG00000265905,0
ENSG00000265907,2
ENSG00000265908,6
ENSG00000265911,0
ENSG00000265912,9
ENSG00000265916,0
ENSG00000265917,7
ENSG00000265918,0
ENSG00000265919,0
ENSG00000265924,0
ENSG00000265927,0
ENSG00000265929,3
ENSG00000265931,0
ENSG00000265932,0
ENSG00000265933,0
ENSG00000265934,0
ENSG00000265935,0
ENSG00000265936,3
ENSG00000265939,4
ENSG00000265942,0
ENSG00000265943,37
ENSG00000265944,0
ENSG00000265946,0
ENSG00000265948,0
ENSG00000265954,0
ENSG00000265956,0
ENSG00000265957,0
ENSG00000265959,0
ENSG00000265960,0
ENSG00000265961,0
ENSG00000265962,0
ENSG00000265964,0
ENSG00000265965,0
ENSG00000265967,0
ENSG00000265971,0
ENSG00000265972,13017
ENSG00000265973,0
ENSG00000265975,8
ENSG00000265976,0
ENSG00000265978,0
ENSG00000265979,0
ENSG00000265980,0
ENSG00000265981,0
ENSG00000265982,6
ENSG00000265984,0
ENSG00000265985,0
ENSG00000265986,0
ENSG00000265987,0
ENSG00000265990,0
ENSG00000265991,0
ENSG00000265992,1
ENSG00000265993,0
ENSG00000265994,0
ENSG00000265995,1
ENSG00000265996,0
ENSG00000266002,0
ENSG00000266003,0
ENSG00000266006,0
ENSG00000266009,0
ENSG00000266010,1
ENSG00000266012,0
ENSG00000266013,0
ENSG00000266014,0
ENSG00000266015,0
ENSG00000266016,0
ENSG00000266017,6
ENSG00000266018,0
ENSG00000266019,0
ENSG00000266020,0
ENSG00000266025,0
ENSG00000266028,2085
ENSG00000266029,0
ENSG00000266030,0
ENSG00000266032,4
ENSG00000266036,395
ENSG00000266038,0
ENSG00000266039,0
ENSG00000266041,0
ENSG00000266042,0
ENSG00000266043,0
ENSG00000266044,0
ENSG00000266047,0
ENSG00000266048,0
ENSG00000266049,0
ENSG00000266050,0
ENSG00000266051,0
ENSG00000266052,0
ENSG00000266053,99
ENSG00000266055,0
ENSG00000266057,0
ENSG00000266058,0
ENSG00000266059,0
ENSG00000266060,0
ENSG00000266061,0
ENSG00000266063,1
ENSG00000266065,0
ENSG00000266066,11
ENSG00000266069,0
ENSG00000266070,0
ENSG00000266071,0
ENSG00000266072,0
ENSG00000266073,0
ENSG00000266074,1432
ENSG00000266075,3
ENSG00000266076,0
ENSG00000266077,0
ENSG00000266078,0
ENSG00000266079,0
ENSG00000266082,0
ENSG00000266083,0
ENSG00000266085,0
ENSG00000266086,2
ENSG00000266088,104
ENSG00000266090,0
ENSG00000266094,941
ENSG00000266097,0
ENSG00000266099,0
ENSG00000266100,0
ENSG00000266101,0
ENSG00000266102,0
ENSG00000266104,1
ENSG00000266105,0
ENSG00000266106,3
ENSG00000266107,0
ENSG00000266108,0
ENSG00000266109,0
ENSG00000266110,0
ENSG00000266111,4
ENSG00000266112,0
ENSG00000266114,0
ENSG00000266115,0
ENSG00000266117,1
ENSG00000266120,0
ENSG00000266121,0
ENSG00000266124,2
ENSG00000266125,0
ENSG00000266126,10
ENSG00000266127,0
ENSG00000266128,0
ENSG00000266129,0
ENSG00000266133,0
ENSG00000266136,0
ENSG00000266139,0
ENSG00000266140,0
ENSG00000266143,0
ENSG00000266144,0
ENSG00000266145,1
ENSG00000266146,0
ENSG00000266148,0
ENSG00000266149,0
ENSG00000266150,0
ENSG00000266151,0
ENSG00000266153,0
ENSG00000266154,0
ENSG00000266155,1
ENSG00000266156,1
ENSG00000266158,0
ENSG00000266160,0
ENSG00000266162,0
ENSG00000266163,0
ENSG00000266166,0
ENSG00000266168,0
ENSG00000266171,5
ENSG00000266173,1618
ENSG00000266174,0
ENSG00000266176,19
ENSG00000266179,0
ENSG00000266180,0
ENSG00000266181,0
ENSG00000266183,0
ENSG00000266184,0
ENSG00000266185,0
ENSG00000266186,0
ENSG00000266187,0
ENSG00000266188,0
ENSG00000266189,0
ENSG00000266190,0
ENSG00000266192,0
ENSG00000266193,0
ENSG00000266194,0
ENSG00000266195,0
ENSG00000266196,0
ENSG00000266200,0
ENSG00000266201,0
ENSG00000266202,0
ENSG00000266203,0
ENSG00000266204,0
ENSG00000266205,0
ENSG00000266206,0
ENSG00000266207,0
ENSG00000266208,73
ENSG00000266209,0
ENSG00000266210,0
ENSG00000266211,0
ENSG00000266213,0
ENSG00000266215,0
ENSG00000266216,0
ENSG00000266217,0
ENSG00000266218,0
ENSG00000266220,0
ENSG00000266222,0
ENSG00000266224,0
ENSG00000266226,0
ENSG00000266227,0
ENSG00000266228,0
ENSG00000266229,0
ENSG00000266230,0
ENSG00000266232,0
ENSG00000266233,0
ENSG00000266235,6
ENSG00000266236,5
ENSG00000266237,0
ENSG00000266239,5
ENSG00000266240,0
ENSG00000266241,0
ENSG00000266242,3
ENSG00000266243,0
ENSG00000266244,0
ENSG00000266245,0
ENSG00000266246,0
ENSG00000266248,0
ENSG00000266251,0
ENSG00000266252,2
ENSG00000266254,0
ENSG00000266255,0
ENSG00000266256,2
ENSG00000266257,0
ENSG00000266258,28
ENSG00000266259,0
ENSG00000266261,6
ENSG00000266262,0
ENSG00000266264,0
ENSG00000266265,8
ENSG00000266268,0
ENSG00000266269,0
ENSG00000266270,0
ENSG00000266272,0
ENSG00000266273,0
ENSG00000266274,8
ENSG00000266275,0
ENSG00000266276,0
ENSG00000266277,0
ENSG00000266278,2
ENSG00000266279,0
ENSG00000266282,0
ENSG00000266283,6
ENSG00000266287,0
ENSG00000266288,0
ENSG00000266289,5
ENSG00000266290,0
ENSG00000266291,0
ENSG00000266293,0
ENSG00000266294,0
ENSG00000266296,5
ENSG00000266297,1
ENSG00000266299,0
ENSG00000266302,0
ENSG00000266304,63
ENSG00000266305,0
ENSG00000266306,0
ENSG00000266307,0
ENSG00000266308,1
ENSG00000266309,0
ENSG00000266310,0
ENSG00000266311,0
ENSG00000266312,0
ENSG00000266313,2
ENSG00000266315,0
ENSG00000266317,0
ENSG00000266318,0
ENSG00000266319,0
ENSG00000266320,0
ENSG00000266321,0
ENSG00000266324,0
ENSG00000266325,0
ENSG00000266327,0
ENSG00000266328,0
ENSG00000266329,0
ENSG00000266330,0
ENSG00000266333,0
ENSG00000266335,0
ENSG00000266336,0
ENSG00000266338,394
ENSG00000266340,1
ENSG00000266341,0
ENSG00000266344,0
ENSG00000266347,1
ENSG00000266349,0
ENSG00000266354,0
ENSG00000266355,0
ENSG00000266356,0
ENSG00000266357,2
ENSG00000266358,0
ENSG00000266360,0
ENSG00000266363,0
ENSG00000266364,0
ENSG00000266365,0
ENSG00000266368,1
ENSG00000266369,3
ENSG00000266370,1
ENSG00000266371,2
ENSG00000266373,0
ENSG00000266374,0
ENSG00000266376,0
ENSG00000266378,7
ENSG00000266379,6
ENSG00000266382,0
ENSG00000266383,0
ENSG00000266385,1
ENSG00000266388,0
ENSG00000266389,4
ENSG00000266390,0
ENSG00000266391,0
ENSG00000266392,7
ENSG00000266393,0
ENSG00000266396,0
ENSG00000266397,0
ENSG00000266398,0
ENSG00000266399,0
ENSG00000266400,0
ENSG00000266401,2
ENSG00000266402,66
ENSG00000266403,0
ENSG00000266405,24
ENSG00000266407,0
ENSG00000266409,0
ENSG00000266411,9
ENSG00000266412,6639
ENSG00000266415,1
ENSG00000266416,0
ENSG00000266417,0
ENSG00000266420,1
ENSG00000266421,1
ENSG00000266423,0
ENSG00000266426,0
ENSG00000266429,0
ENSG00000266430,0
ENSG00000266431,0
ENSG00000266432,0
ENSG00000266433,0
ENSG00000266436,0
ENSG00000266437,0
ENSG00000266439,0
ENSG00000266441,0
ENSG00000266443,0
ENSG00000266445,0
ENSG00000266446,0
ENSG00000266448,0
ENSG00000266449,0
ENSG00000266450,0
ENSG00000266451,0
ENSG00000266454,0
ENSG00000266456,6
ENSG00000266457,0
ENSG00000266458,0
ENSG00000266459,0
ENSG00000266460,0
ENSG00000266461,0
ENSG00000266463,0
ENSG00000266466,0
ENSG00000266467,0
ENSG00000266469,1922
ENSG00000266470,0
ENSG00000266472,3006
ENSG00000266473,8
ENSG00000266476,0
ENSG00000266477,0
ENSG00000266478,0
ENSG00000266479,0
ENSG00000266481,0
ENSG00000266482,0
ENSG00000266483,0
ENSG00000266485,0
ENSG00000266486,0
ENSG00000266489,0
ENSG00000266490,11
ENSG00000266491,0
ENSG00000266493,0
ENSG00000266494,0
ENSG00000266495,5
ENSG00000266496,0
ENSG00000266497,0
ENSG00000266498,1
ENSG00000266499,0
ENSG00000266500,0
ENSG00000266501,2
ENSG00000266502,0
ENSG00000266503,0
ENSG00000266504,0
ENSG00000266505,0
ENSG00000266507,0
ENSG00000266508,1
ENSG00000266509,0
ENSG00000266510,0
ENSG00000266511,0
ENSG00000266513,0
ENSG00000266514,0
ENSG00000266515,0
ENSG00000266517,0
ENSG00000266518,0
ENSG00000266520,0
ENSG00000266521,13
ENSG00000266522,2
ENSG00000266524,44
ENSG00000266525,0
ENSG00000266526,0
ENSG00000266527,0
ENSG00000266529,0
ENSG00000266530,0
ENSG00000266531,0
ENSG00000266533,0
ENSG00000266535,0
ENSG00000266537,0
ENSG00000266538,0
ENSG00000266539,0
ENSG00000266541,1
ENSG00000266542,0
ENSG00000266543,0
ENSG00000266545,0
ENSG00000266546,0
ENSG00000266547,0
ENSG00000266549,0
ENSG00000266550,0
ENSG00000266552,0
ENSG00000266553,0
ENSG00000266554,4
ENSG00000266555,1
ENSG00000266556,0
ENSG00000266559,0
ENSG00000266560,26
ENSG00000266561,0
ENSG00000266563,1
ENSG00000266564,0
ENSG00000266567,0
ENSG00000266569,2
ENSG00000266570,0
ENSG00000266573,1
ENSG00000266575,0
ENSG00000266578,2
ENSG00000266579,8
ENSG00000266580,1
ENSG00000266581,0
ENSG00000266582,0
ENSG00000266583,0
ENSG00000266584,0
ENSG00000266586,0
ENSG00000266587,0
ENSG00000266588,2
ENSG00000266589,1
ENSG00000266590,0
ENSG00000266591,0
ENSG00000266593,0
ENSG00000266594,1
ENSG00000266595,0
ENSG00000266597,0
ENSG00000266598,0
ENSG00000266599,4
ENSG00000266601,21
ENSG00000266602,127
ENSG00000266604,0
ENSG00000266605,0
ENSG00000266608,0
ENSG00000266609,0
ENSG00000266610,0
ENSG00000266611,0
ENSG00000266613,0
ENSG00000266614,1
ENSG00000266616,0
ENSG00000266617,0
ENSG00000266618,0
ENSG00000266619,0
ENSG00000266620,0
ENSG00000266621,2
ENSG00000266624,0
ENSG00000266625,0
ENSG00000266627,0
ENSG00000266630,0
ENSG00000266631,0
ENSG00000266634,2
ENSG00000266636,0
ENSG00000266637,0
ENSG00000266640,0
ENSG00000266642,6
ENSG00000266643,1
ENSG00000266644,1
ENSG00000266645,0
ENSG00000266647,0
ENSG00000266648,5
ENSG00000266649,0
ENSG00000266651,23
ENSG00000266652,0
ENSG00000266654,0
ENSG00000266655,0
ENSG00000266656,0
ENSG00000266663,0
ENSG00000266664,0
ENSG00000266665,0
ENSG00000266666,0
ENSG00000266667,3
ENSG00000266668,0
ENSG00000266669,0
ENSG00000266671,0
ENSG00000266673,0
ENSG00000266675,0
ENSG00000266676,3
ENSG00000266677,6
ENSG00000266678,0
ENSG00000266680,97
ENSG00000266682,0
ENSG00000266683,0
ENSG00000266685,0
ENSG00000266687,0
ENSG00000266688,0
ENSG00000266690,0
ENSG00000266691,0
ENSG00000266692,0
ENSG00000266693,0
ENSG00000266696,2
ENSG00000266697,0
ENSG00000266698,0
ENSG00000266699,0
ENSG00000266700,0
ENSG00000266701,8
ENSG00000266703,0
ENSG00000266704,0
ENSG00000266705,0
ENSG00000266706,0
ENSG00000266707,0
ENSG00000266708,13
ENSG00000266709,9
ENSG00000266710,0
ENSG00000266711,0
ENSG00000266712,2
ENSG00000266713,0
ENSG00000266714,748
ENSG00000266715,0
ENSG00000266717,4
ENSG00000266718,45
ENSG00000266719,0
ENSG00000266720,0
ENSG00000266721,0
ENSG00000266722,0
ENSG00000266724,0
ENSG00000266727,0
ENSG00000266728,1
ENSG00000266729,0
ENSG00000266733,1
ENSG00000266734,0
ENSG00000266736,0
ENSG00000266737,0
ENSG00000266738,0
ENSG00000266739,0
ENSG00000266740,0
ENSG00000266743,4
ENSG00000266744,2
ENSG00000266745,0
ENSG00000266746,0
ENSG00000266750,0
ENSG00000266751,0
ENSG00000266754,0
ENSG00000266756,0
ENSG00000266758,0
ENSG00000266760,0
ENSG00000266761,0
ENSG00000266763,0
ENSG00000266765,0
ENSG00000266767,0
ENSG00000266768,0
ENSG00000266769,0
ENSG00000266770,0
ENSG00000266771,0
ENSG00000266772,0
ENSG00000266774,0
ENSG00000266775,0
ENSG00000266776,0
ENSG00000266777,40
ENSG00000266778,0
ENSG00000266780,0
ENSG00000266782,0
ENSG00000266783,16
ENSG00000266786,0
ENSG00000266793,0
ENSG00000266794,0
ENSG00000266799,1
ENSG00000266800,0
ENSG00000266801,5
ENSG00000266802,0
ENSG00000266803,3
ENSG00000266804,0
ENSG00000266805,2
ENSG00000266806,0
ENSG00000266807,0
ENSG00000266808,0
ENSG00000266809,0
ENSG00000266814,0
ENSG00000266816,0
ENSG00000266817,0
ENSG00000266818,0
ENSG00000266820,0
ENSG00000266821,0
ENSG00000266822,0
ENSG00000266824,3
ENSG00000266825,1
ENSG00000266826,3
ENSG00000266827,0
ENSG00000266828,0
ENSG00000266830,2
ENSG00000266832,0
ENSG00000266835,10
ENSG00000266837,0
ENSG00000266838,0
ENSG00000266839,0
ENSG00000266840,0
ENSG00000266844,1
ENSG00000266846,0
ENSG00000266849,0
ENSG00000266850,9
ENSG00000266852,3
ENSG00000266853,0
ENSG00000266854,0
ENSG00000266855,0
ENSG00000266857,0
ENSG00000266858,0
ENSG00000266859,0
ENSG00000266861,0
ENSG00000266862,1
ENSG00000266863,0
ENSG00000266864,0
ENSG00000266865,20
ENSG00000266868,0
ENSG00000266869,0
ENSG00000266872,0
ENSG00000266875,0
ENSG00000266876,0
ENSG00000266877,0
ENSG00000266881,0
ENSG00000266885,0
ENSG00000266887,0
ENSG00000266890,0
ENSG00000266891,0
ENSG00000266893,0
ENSG00000266896,21
ENSG00000266897,1
ENSG00000266899,0
ENSG00000266900,0
ENSG00000266901,0
ENSG00000266903,30
ENSG00000266904,102
ENSG00000266905,0
ENSG00000266906,0
ENSG00000266907,0
ENSG00000266908,0
ENSG00000266909,0
ENSG00000266910,23
ENSG00000266912,8
ENSG00000266913,4
ENSG00000266915,0
ENSG00000266916,159
ENSG00000266918,0
ENSG00000266919,0
ENSG00000266920,4
ENSG00000266921,48
ENSG00000266922,0
ENSG00000266923,0
ENSG00000266924,0
ENSG00000266925,0
ENSG00000266928,0
ENSG00000266929,0
ENSG00000266931,7
ENSG00000266932,1
ENSG00000266933,3
ENSG00000266934,1
ENSG00000266936,1
ENSG00000266938,1
ENSG00000266941,0
ENSG00000266943,2
ENSG00000266944,2
ENSG00000266946,4
ENSG00000266947,43
ENSG00000266950,1
ENSG00000266951,0
ENSG00000266952,0
ENSG00000266953,1
ENSG00000266954,14
ENSG00000266955,0
ENSG00000266957,3
ENSG00000266958,8
ENSG00000266959,0
ENSG00000266960,0
ENSG00000266961,0
ENSG00000266962,138
ENSG00000266963,1
ENSG00000266964,26
ENSG00000266965,0
ENSG00000266967,206
ENSG00000266968,12
ENSG00000266969,4
ENSG00000266970,5
ENSG00000266971,0
ENSG00000266973,0
ENSG00000266975,0
ENSG00000266976,0
ENSG00000266977,0
ENSG00000266978,2
ENSG00000266979,0
ENSG00000266980,5
ENSG00000266981,0
ENSG00000266983,9
ENSG00000266984,0
ENSG00000266985,0
ENSG00000266987,0
ENSG00000266988,3
ENSG00000266989,2
ENSG00000266990,0
ENSG00000266992,3
ENSG00000266993,17
ENSG00000266994,1
ENSG00000266995,2
ENSG00000266997,3
ENSG00000266998,4
ENSG00000267000,0
ENSG00000267001,0
ENSG00000267002,100
ENSG00000267004,0
ENSG00000267005,4
ENSG00000267006,1
ENSG00000267007,0
ENSG00000267009,23
ENSG00000267011,12
ENSG00000267012,0
ENSG00000267013,16
ENSG00000267014,0
ENSG00000267015,0
ENSG00000267016,2
ENSG00000267019,0
ENSG00000267021,0
ENSG00000267022,0
ENSG00000267023,1432
ENSG00000267024,1
ENSG00000267026,2
ENSG00000267027,0
ENSG00000267028,0
ENSG00000267030,0
ENSG00000267032,0
ENSG00000267033,4
ENSG00000267034,2
ENSG00000267035,0
ENSG00000267036,1
ENSG00000267037,0
ENSG00000267038,5
ENSG00000267039,0
ENSG00000267040,67
ENSG00000267041,433
ENSG00000267042,1
ENSG00000267044,0
ENSG00000267045,15
ENSG00000267046,3
ENSG00000267047,0
ENSG00000267048,0
ENSG00000267049,54
ENSG00000267051,0
ENSG00000267052,0
ENSG00000267053,11
ENSG00000267054,0
ENSG00000267055,1
ENSG00000267056,3
ENSG00000267057,0
ENSG00000267058,26
ENSG00000267059,0
ENSG00000267060,44
ENSG00000267061,1
ENSG00000267062,0
ENSG00000267063,1
ENSG00000267064,15
ENSG00000267065,0
ENSG00000267066,0
ENSG00000267069,3
ENSG00000267070,4
ENSG00000267072,0
ENSG00000267073,0
ENSG00000267074,14
ENSG00000267075,0
ENSG00000267076,1
ENSG00000267077,6
ENSG00000267078,7
ENSG00000267079,1
ENSG00000267080,361
ENSG00000267081,0
ENSG00000267082,2
ENSG00000267083,0
ENSG00000267084,1
ENSG00000267085,0
ENSG00000267088,0
ENSG00000267089,4
ENSG00000267090,0
ENSG00000267091,2
ENSG00000267092,6
ENSG00000267094,0
ENSG00000267095,5
ENSG00000267096,2
ENSG00000267097,0
ENSG00000267098,0
ENSG00000267099,0
ENSG00000267100,1126
ENSG00000267101,0
ENSG00000267102,22
ENSG00000267104,0
ENSG00000267105,1
ENSG00000267106,190
ENSG00000267107,171
ENSG00000267108,0
ENSG00000267109,0
ENSG00000267110,0
ENSG00000267112,1
ENSG00000267113,0
ENSG00000267114,8
ENSG00000267115,4
ENSG00000267116,1
ENSG00000267117,6
ENSG00000267119,8
ENSG00000267120,4
ENSG00000267121,68
ENSG00000267122,10
ENSG00000267123,3
ENSG00000267124,0
ENSG00000267125,0
ENSG00000267127,32
ENSG00000267128,6
ENSG00000267129,0
ENSG00000267130,0
ENSG00000267131,267
ENSG00000267132,0
ENSG00000267133,0
ENSG00000267134,0
ENSG00000267135,0
ENSG00000267136,14
ENSG00000267137,0
ENSG00000267138,3
ENSG00000267139,0
ENSG00000267140,1
ENSG00000267141,0
ENSG00000267142,1
ENSG00000267143,3
ENSG00000267144,0
ENSG00000267145,0
ENSG00000267146,0
ENSG00000267147,112
ENSG00000267148,0
ENSG00000267149,2
ENSG00000267150,11
ENSG00000267151,1
ENSG00000267152,50
ENSG00000267153,0
ENSG00000267154,0
ENSG00000267156,10
ENSG00000267157,3
ENSG00000267159,0
ENSG00000267160,3
ENSG00000267162,0
ENSG00000267163,4
ENSG00000267165,0
ENSG00000267166,1
ENSG00000267168,0
ENSG00000267169,60
ENSG00000267170,0
ENSG00000267172,0
ENSG00000267173,0
ENSG00000267174,35
ENSG00000267175,1
ENSG00000267177,0
ENSG00000267178,0
ENSG00000267179,4
ENSG00000267180,0
ENSG00000267182,0
ENSG00000267184,1
ENSG00000267185,6
ENSG00000267187,0
ENSG00000267188,0
ENSG00000267189,0
ENSG00000267190,0
ENSG00000267191,10
ENSG00000267192,0
ENSG00000267193,3
ENSG00000267194,101
ENSG00000267195,0
ENSG00000267196,1
ENSG00000267197,1
ENSG00000267198,6
ENSG00000267199,13
ENSG00000267200,0
ENSG00000267201,1
ENSG00000267202,0
ENSG00000267203,0
ENSG00000267204,0
ENSG00000267205,0
ENSG00000267206,1
ENSG00000267207,0
ENSG00000267209,0
ENSG00000267211,0
ENSG00000267212,0
ENSG00000267213,32
ENSG00000267214,0
ENSG00000267215,0
ENSG00000267216,3
ENSG00000267218,2
ENSG00000267219,13
ENSG00000267220,4
ENSG00000267221,17
ENSG00000267222,2
ENSG00000267223,0
ENSG00000267224,0
ENSG00000267225,0
ENSG00000267226,40
ENSG00000267227,0
ENSG00000267228,0
ENSG00000267230,0
ENSG00000267231,0
ENSG00000267232,0
ENSG00000267233,0
ENSG00000267234,0
ENSG00000267235,0
ENSG00000267238,0
ENSG00000267239,0
ENSG00000267240,0
ENSG00000267241,0
ENSG00000267243,0
ENSG00000267244,36
ENSG00000267245,4
ENSG00000267246,4
ENSG00000267247,4
ENSG00000267248,437
ENSG00000267249,90
ENSG00000267250,0
ENSG00000267251,69
ENSG00000267252,0
ENSG00000267253,5
ENSG00000267254,101
ENSG00000267255,0
ENSG00000267257,0
ENSG00000267258,8
ENSG00000267259,26
ENSG00000267260,1
ENSG00000267261,0
ENSG00000267262,0
ENSG00000267263,0
ENSG00000267264,24
ENSG00000267265,16
ENSG00000267268,35
ENSG00000267269,0
ENSG00000267270,106
ENSG00000267271,0
ENSG00000267272,71
ENSG00000267273,0
ENSG00000267274,8
ENSG00000267275,1
ENSG00000267277,13
ENSG00000267278,99
ENSG00000267279,1
ENSG00000267280,7
ENSG00000267281,33
ENSG00000267282,7
ENSG00000267283,7
ENSG00000267284,0
ENSG00000267285,1
ENSG00000267286,1
ENSG00000267287,27
ENSG00000267288,5
ENSG00000267289,2
ENSG00000267291,0
ENSG00000267292,0
ENSG00000267293,0
ENSG00000267295,0
ENSG00000267296,73
ENSG00000267298,0
ENSG00000267299,3
ENSG00000267301,0
ENSG00000267302,123
ENSG00000267303,0
ENSG00000267304,0
ENSG00000267305,0
ENSG00000267308,0
ENSG00000267309,34
ENSG00000267310,0
ENSG00000267311,2
ENSG00000267312,1
ENSG00000267313,0
ENSG00000267314,2
ENSG00000267315,1
ENSG00000267316,5
ENSG00000267317,271
ENSG00000267318,3
ENSG00000267319,6
ENSG00000267320,0
ENSG00000267321,203
ENSG00000267322,25
ENSG00000267323,3
ENSG00000267324,0
ENSG00000267325,9
ENSG00000267327,0
ENSG00000267328,1
ENSG00000267332,0
ENSG00000267333,0
ENSG00000267334,0
ENSG00000267335,0
ENSG00000267336,3
ENSG00000267337,0
ENSG00000267338,0
ENSG00000267339,1
ENSG00000267340,0
ENSG00000267341,0
ENSG00000267342,19
ENSG00000267343,0
ENSG00000267344,5
ENSG00000267345,1
ENSG00000267346,0
ENSG00000267348,67
ENSG00000267349,0
ENSG00000267352,0
ENSG00000267353,0
ENSG00000267354,0
ENSG00000267355,40
ENSG00000267356,0
ENSG00000267359,0
ENSG00000267360,2
ENSG00000267361,0
ENSG00000267363,1
ENSG00000267364,22
ENSG00000267365,7
ENSG00000267366,5
ENSG00000267368,46
ENSG00000267369,31
ENSG00000267370,15
ENSG00000267371,0
ENSG00000267372,36
ENSG00000267373,0
ENSG00000267374,72
ENSG00000267375,0
ENSG00000267376,0
ENSG00000267378,0
ENSG00000267379,0
ENSG00000267382,0
ENSG00000267383,203
ENSG00000267384,0
ENSG00000267385,0
ENSG00000267387,2
ENSG00000267388,7
ENSG00000267389,0
ENSG00000267390,45
ENSG00000267391,1
ENSG00000267392,0
ENSG00000267393,0
ENSG00000267394,6
ENSG00000267395,13
ENSG00000267396,0
ENSG00000267397,6
ENSG00000267398,0
ENSG00000267399,0
ENSG00000267400,0
ENSG00000267401,0
ENSG00000267402,0
ENSG00000267404,0
ENSG00000267405,0
ENSG00000267406,0
ENSG00000267407,0
ENSG00000267408,0
ENSG00000267409,2
ENSG00000267412,1
ENSG00000267413,0
ENSG00000267414,44
ENSG00000267415,0
ENSG00000267416,40
ENSG00000267417,1
ENSG00000267418,0
ENSG00000267419,88
ENSG00000267420,0
ENSG00000267421,0
ENSG00000267422,16
ENSG00000267423,0
ENSG00000267424,0
ENSG00000267425,0
ENSG00000267426,24
ENSG00000267428,0
ENSG00000267429,0
ENSG00000267430,0
ENSG00000267432,2
ENSG00000267433,0
ENSG00000267436,0
ENSG00000267437,0
ENSG00000267439,7
ENSG00000267440,0
ENSG00000267441,0
ENSG00000267443,0
ENSG00000267444,0
ENSG00000267446,0
ENSG00000267447,0
ENSG00000267448,0
ENSG00000267449,2
ENSG00000267450,0
ENSG00000267452,4
ENSG00000267453,0
ENSG00000267454,24
ENSG00000267455,0
ENSG00000267456,0
ENSG00000267457,0
ENSG00000267458,0
ENSG00000267459,0
ENSG00000267461,1
ENSG00000267462,0
ENSG00000267463,0
ENSG00000267465,0
ENSG00000267466,0
ENSG00000267467,0
ENSG00000267469,0
ENSG00000267470,25
ENSG00000267471,0
ENSG00000267472,2
ENSG00000267474,2
ENSG00000267475,60
ENSG00000267476,0
ENSG00000267477,1
ENSG00000267478,0
ENSG00000267480,140
ENSG00000267481,197
ENSG00000267482,0
ENSG00000267484,5
ENSG00000267486,0
ENSG00000267487,0
ENSG00000267489,0
ENSG00000267490,0
ENSG00000267491,3
ENSG00000267492,0
ENSG00000267493,104
ENSG00000267496,4
ENSG00000267497,1
ENSG00000267498,14
ENSG00000267500,17
ENSG00000267501,2
ENSG00000267503,5
ENSG00000267504,2
ENSG00000267505,0
ENSG00000267506,2
ENSG00000267507,2
ENSG00000267508,68
ENSG00000267509,0
ENSG00000267510,34
ENSG00000267511,0
ENSG00000267512,3
ENSG00000267513,0
ENSG00000267515,4
ENSG00000267517,0
ENSG00000267518,0
ENSG00000267519,353
ENSG00000267520,0
ENSG00000267521,0
ENSG00000267522,2
ENSG00000267523,8
ENSG00000267524,1
ENSG00000267526,0
ENSG00000267528,0
ENSG00000267529,1
ENSG00000267530,5
ENSG00000267532,45
ENSG00000267533,4
ENSG00000267534,737
ENSG00000267535,3
ENSG00000267537,0
ENSG00000267541,3
ENSG00000267543,0
ENSG00000267544,5
ENSG00000267545,1
ENSG00000267546,10
ENSG00000267547,15
ENSG00000267549,9
ENSG00000267550,0
ENSG00000267551,2
ENSG00000267552,1
ENSG00000267554,5
ENSG00000267555,0
ENSG00000267557,0
ENSG00000267558,0
ENSG00000267559,3
ENSG00000267560,3
ENSG00000267561,1
ENSG00000267563,0
ENSG00000267564,0
ENSG00000267565,81
ENSG00000267567,4
ENSG00000267568,1
ENSG00000267570,0
ENSG00000267571,15
ENSG00000267573,2
ENSG00000267574,0
ENSG00000267575,179
ENSG00000267576,0
ENSG00000267577,3
ENSG00000267579,0
ENSG00000267580,0
ENSG00000267581,2
ENSG00000267582,0
ENSG00000267583,14
ENSG00000267585,0
ENSG00000267586,2
ENSG00000267587,0
ENSG00000267589,0
ENSG00000267590,0
ENSG00000267591,0
ENSG00000267592,0
ENSG00000267593,0
ENSG00000267594,0
ENSG00000267595,0
ENSG00000267597,0
ENSG00000267598,0
ENSG00000267599,0
ENSG00000267601,0
ENSG00000267603,1
ENSG00000267604,0
ENSG00000267605,8
ENSG00000267606,0
ENSG00000267607,8
ENSG00000267609,0
ENSG00000267610,0
ENSG00000267611,0
ENSG00000267612,8
ENSG00000267614,0
ENSG00000267615,0
ENSG00000267617,0
ENSG00000267618,0
ENSG00000267620,0
ENSG00000267623,0
ENSG00000267624,4
ENSG00000267625,0
ENSG00000267626,0
ENSG00000267627,0
ENSG00000267628,0
ENSG00000267629,0
ENSG00000267630,0
ENSG00000267631,0
ENSG00000267632,4
ENSG00000267633,0
ENSG00000267634,0
ENSG00000267636,0
ENSG00000267637,3
ENSG00000267638,1
ENSG00000267640,90
ENSG00000267641,20
ENSG00000267642,0
ENSG00000267643,1
ENSG00000267644,0
ENSG00000267645,6
ENSG00000267646,0
ENSG00000267647,0
ENSG00000267648,5
ENSG00000267649,14
ENSG00000267650,0
ENSG00000267651,2
ENSG00000267652,0
ENSG00000267653,41
ENSG00000267654,1
ENSG00000267655,21
ENSG00000267656,0
ENSG00000267658,11
ENSG00000267659,0
ENSG00000267661,1
ENSG00000267662,0
ENSG00000267663,0
ENSG00000267664,0
ENSG00000267665,2
ENSG00000267666,13
ENSG00000267667,0
ENSG00000267669,1
ENSG00000267670,0
ENSG00000267672,1
ENSG00000267673,120
ENSG00000267674,1
ENSG00000267675,0
ENSG00000267676,2
ENSG00000267677,4
ENSG00000267678,0
ENSG00000267679,3
ENSG00000267680,414
ENSG00000267681,18
ENSG00000267682,4
ENSG00000267683,0
ENSG00000267684,0
ENSG00000267685,0
ENSG00000267686,0
ENSG00000267687,0
ENSG00000267688,0
ENSG00000267689,0
ENSG00000267690,0
ENSG00000267691,1
ENSG00000267692,5
ENSG00000267693,0
ENSG00000267694,1
ENSG00000267695,0
ENSG00000267696,0
ENSG00000267697,0
ENSG00000267698,12
ENSG00000267699,0
ENSG00000267701,3
ENSG00000267702,37
ENSG00000267703,1
ENSG00000267704,0
ENSG00000267705,0
ENSG00000267706,0
ENSG00000267707,7
ENSG00000267708,7
ENSG00000267709,1
ENSG00000267710,5
ENSG00000267711,3
ENSG00000267712,0
ENSG00000267713,0
ENSG00000267714,1
ENSG00000267716,0
ENSG00000267717,3
ENSG00000267719,8
ENSG00000267722,0
ENSG00000267723,1
ENSG00000267724,4
ENSG00000267725,0
ENSG00000267726,0
ENSG00000267727,0
ENSG00000267729,12
ENSG00000267731,4
ENSG00000267732,0
ENSG00000267733,2
ENSG00000267734,1
ENSG00000267735,0
ENSG00000267736,3
ENSG00000267737,0
ENSG00000267740,0
ENSG00000267741,2
ENSG00000267742,0
ENSG00000267743,0
ENSG00000267744,0
ENSG00000267745,12
ENSG00000267746,0
ENSG00000267747,2
ENSG00000267748,17
ENSG00000267749,0
ENSG00000267750,22
ENSG00000267751,82
ENSG00000267752,1
ENSG00000267755,0
ENSG00000267756,0
ENSG00000267757,0
ENSG00000267758,0
ENSG00000267760,0
ENSG00000267761,0
ENSG00000267762,0
ENSG00000267764,0
ENSG00000267765,0
ENSG00000267766,0
ENSG00000267767,8
ENSG00000267768,0
ENSG00000267769,7
ENSG00000267770,0
ENSG00000267771,3
ENSG00000267772,10
ENSG00000267773,0
ENSG00000267774,0
ENSG00000267775,0
ENSG00000267776,3
ENSG00000267777,0
ENSG00000267778,6
ENSG00000267779,0
ENSG00000267780,0
ENSG00000267781,0
ENSG00000267782,0
ENSG00000267783,3
ENSG00000267784,2
ENSG00000267786,2
ENSG00000267787,30
ENSG00000267788,0
ENSG00000267789,0
ENSG00000267790,0
ENSG00000267791,0
ENSG00000267792,0
ENSG00000267793,0
ENSG00000267794,0
ENSG00000267795,86
ENSG00000267796,149
ENSG00000267797,0
ENSG00000267799,0
ENSG00000267800,3
ENSG00000267801,14
ENSG00000267808,0
ENSG00000267809,99
ENSG00000267811,27
ENSG00000267815,0
ENSG00000267827,0
ENSG00000267828,0
ENSG00000267834,4
ENSG00000267838,22
ENSG00000267852,5
ENSG00000267855,102
ENSG00000267857,1
ENSG00000267858,113
ENSG00000267868,65
ENSG00000267871,7
ENSG00000267872,1
ENSG00000267874,3
ENSG00000267879,0
ENSG00000267881,0
ENSG00000267882,19
ENSG00000267886,81
ENSG00000267890,8
ENSG00000267892,56
ENSG00000267895,0
ENSG00000267896,22
ENSG00000267898,30
ENSG00000267904,41
ENSG00000267905,0
ENSG00000267908,2
ENSG00000267909,67
ENSG00000267919,5
ENSG00000267920,0
ENSG00000267922,9
ENSG00000267924,11
ENSG00000267927,3
ENSG00000267934,39
ENSG00000267938,3
ENSG00000267939,31
ENSG00000267940,22
ENSG00000267943,3
ENSG00000267952,1
ENSG00000267959,0
ENSG00000267961,0
ENSG00000267968,0
ENSG00000267978,0
ENSG00000267980,12
ENSG00000267984,0
ENSG00000267986,1
ENSG00000267990,0
ENSG00000267992,0
ENSG00000268001,99
ENSG00000268006,613
ENSG00000268009,0
ENSG00000268015,0
ENSG00000268020,0
ENSG00000268027,28
ENSG00000268030,24
ENSG00000268034,3
ENSG00000268036,0
ENSG00000268038,0
ENSG00000268041,6
ENSG00000268043,466
ENSG00000268047,7
ENSG00000268049,36
ENSG00000268050,0
ENSG00000268051,0
ENSG00000268053,2
ENSG00000268055,0
ENSG00000268056,0
ENSG00000268058,0
ENSG00000268061,126
ENSG00000268062,0
ENSG00000268066,0
ENSG00000268067,0
ENSG00000268069,0
ENSG00000268070,2
ENSG00000268074,0
ENSG00000268078,0
ENSG00000268079,4
ENSG00000268080,0
ENSG00000268081,7
ENSG00000268083,0
ENSG00000268087,56
ENSG00000268088,4
ENSG00000268089,773
ENSG00000268093,6
ENSG00000268095,3
ENSG00000268100,0
ENSG00000268101,0
ENSG00000268104,64
ENSG00000268105,1
ENSG00000268107,0
ENSG00000268108,1
ENSG00000268112,0
ENSG00000268116,0
ENSG00000268117,4
ENSG00000268119,244
ENSG00000268120,0
ENSG00000268129,11
ENSG00000268133,0
ENSG00000268140,5
ENSG00000268144,1
ENSG00000268148,0
ENSG00000268149,0
ENSG00000268153,0
ENSG00000268154,6
ENSG00000268157,1
ENSG00000268163,1
ENSG00000268170,0
ENSG00000268173,12
ENSG00000268174,0
ENSG00000268181,2
ENSG00000268182,3
ENSG00000268184,0
ENSG00000268186,0
ENSG00000268187,0
ENSG00000268189,35
ENSG00000268191,0
ENSG00000268193,1
ENSG00000268199,0
ENSG00000268201,25
ENSG00000268203,0
ENSG00000268204,13
ENSG00000268205,907
ENSG00000268209,0
ENSG00000268218,29
ENSG00000268220,0
ENSG00000268221,0
ENSG00000268222,11
ENSG00000268223,0
ENSG00000268225,88
ENSG00000268230,20
ENSG00000268231,0
ENSG00000268234,0
ENSG00000268235,0
ENSG00000268238,0
ENSG00000268240,0
ENSG00000268243,0
ENSG00000268257,0
ENSG00000268262,5
ENSG00000268266,4
ENSG00000268267,0
ENSG00000268272,0
ENSG00000268278,1
ENSG00000268279,10
ENSG00000268282,3
ENSG00000268287,0
ENSG00000268288,3
ENSG00000268289,0
ENSG00000268292,0
ENSG00000268293,0
ENSG00000268295,15
ENSG00000268296,0
ENSG00000268297,0
ENSG00000268307,1
ENSG00000268309,0
ENSG00000268316,4
ENSG00000268318,0
ENSG00000268320,0
ENSG00000268322,1
ENSG00000268324,5
ENSG00000268326,0
ENSG00000268333,6
ENSG00000268335,0
ENSG00000268336,0
ENSG00000268350,3
ENSG00000268352,0
ENSG00000268355,31
ENSG00000268357,62
ENSG00000268361,0
ENSG00000268362,120
ENSG00000268364,6
ENSG00000268366,5
ENSG00000268375,0
ENSG00000268379,1
ENSG00000268388,1
ENSG00000268390,0
ENSG00000268391,0
ENSG00000268392,4
ENSG00000268400,3
ENSG00000268401,0
ENSG00000268403,42
ENSG00000268407,0
ENSG00000268412,10
ENSG00000268416,279
ENSG00000268423,14
ENSG00000268433,0
ENSG00000268434,0
ENSG00000268438,1
ENSG00000268439,31
ENSG00000268442,18
ENSG00000268447,0
ENSG00000268455,0
ENSG00000268458,6
ENSG00000268460,210
ENSG00000268461,0
ENSG00000268465,0
ENSG00000268469,0
ENSG00000268471,152
ENSG00000268472,0
ENSG00000268473,0
ENSG00000268475,0
ENSG00000268480,0
ENSG00000268483,0
ENSG00000268486,0
ENSG00000268496,0
ENSG00000268499,2
ENSG00000268500,0
ENSG00000268505,0
ENSG00000268509,0
ENSG00000268510,1
ENSG00000268516,155
ENSG00000268518,0
ENSG00000268520,0
ENSG00000268521,11
ENSG00000268525,0
ENSG00000268529,0
ENSG00000268530,0
ENSG00000268531,0
ENSG00000268532,0
ENSG00000268533,0
ENSG00000268535,0
ENSG00000268536,1
ENSG00000268541,0
ENSG00000268543,9
ENSG00000268545,5
ENSG00000268549,12
ENSG00000268555,8
ENSG00000268560,0
ENSG00000268564,7
ENSG00000268565,0
ENSG00000268566,0
ENSG00000268568,93
ENSG00000268573,34
ENSG00000268575,4
ENSG00000268580,0
ENSG00000268581,0
ENSG00000268582,0
ENSG00000268583,6
ENSG00000268584,33
ENSG00000268589,0
ENSG00000268592,5
ENSG00000268593,0
ENSG00000268595,0
ENSG00000268597,0
ENSG00000268598,0
ENSG00000268601,4
ENSG00000268603,17
ENSG00000268605,0
ENSG00000268606,0
ENSG00000268614,1
ENSG00000268615,8
ENSG00000268618,0
ENSG00000268620,1
ENSG00000268621,16
ENSG00000268623,0
ENSG00000268628,18
ENSG00000268629,0
ENSG00000268635,1
ENSG00000268636,0
ENSG00000268643,0
ENSG00000268649,1
ENSG00000268650,4
ENSG00000268651,0
ENSG00000268652,0
ENSG00000268654,0
ENSG00000268655,6
ENSG00000268658,94
ENSG00000268659,0
ENSG00000268660,0
ENSG00000268663,0
ENSG00000268669,0
ENSG00000268670,2
ENSG00000268673,0
ENSG00000268677,0
ENSG00000268678,4
ENSG00000268681,0
ENSG00000268683,0
ENSG00000268685,5
ENSG00000268686,513
ENSG00000268696,0
ENSG00000268705,0
ENSG00000268707,12
ENSG00000268711,0
ENSG00000268713,212
ENSG00000268714,0
ENSG00000268717,12
ENSG00000268721,0
ENSG00000268723,0
ENSG00000268729,0
ENSG00000268731,0
ENSG00000268734,4
ENSG00000268736,0
ENSG00000268738,0
ENSG00000268739,0
ENSG00000268742,0
ENSG00000268743,1
ENSG00000268744,9
ENSG00000268745,0
ENSG00000268746,1
ENSG00000268747,1
ENSG00000268750,2
ENSG00000268751,4
ENSG00000268754,0
ENSG00000268756,10
ENSG00000268758,6
ENSG00000268764,0
ENSG00000268777,0
ENSG00000268784,0
ENSG00000268785,0
ENSG00000268789,4
ENSG00000268790,2
ENSG00000268794,1
ENSG00000268797,0
ENSG00000268798,40
ENSG00000268799,0
ENSG00000268803,0
ENSG00000268804,2
ENSG00000268810,0
ENSG00000268812,2
ENSG00000268818,1
ENSG00000268823,0
ENSG00000268830,2
ENSG00000268833,5
ENSG00000268834,0
ENSG00000268836,11
ENSG00000268839,0
ENSG00000268842,0
ENSG00000268845,0
ENSG00000268847,0
ENSG00000268849,5
ENSG00000268854,0
ENSG00000268858,335
ENSG00000268861,0
ENSG00000268864,1
ENSG00000268866,0
ENSG00000268869,3
ENSG00000268870,2
ENSG00000268873,0
ENSG00000268879,5
ENSG00000268883,2
ENSG00000268884,1
ENSG00000268886,0
ENSG00000268889,0
ENSG00000268892,0
ENSG00000268894,1
ENSG00000268895,83
ENSG00000268896,2
ENSG00000268902,102
ENSG00000268903,59
ENSG00000268906,0
ENSG00000268908,0
ENSG00000268912,16
ENSG00000268916,64
ENSG00000268922,0
ENSG00000268926,0
ENSG00000268931,0
ENSG00000268938,4
ENSG00000268940,0
ENSG00000268941,16
ENSG00000268942,3
ENSG00000268945,3
ENSG00000268947,13
ENSG00000268949,24
ENSG00000268951,0
ENSG00000268955,0
ENSG00000268957,0
ENSG00000268964,1
ENSG00000268967,0
ENSG00000268970,103
ENSG00000268975,0
ENSG00000268981,1
ENSG00000268983,0
ENSG00000268985,0
ENSG00000268987,0
ENSG00000268988,0
ENSG00000268991,1
ENSG00000268992,1
ENSG00000268993,0
ENSG00000268994,0
ENSG00000268995,0
ENSG00000268996,64
ENSG00000268997,0
ENSG00000269001,3
ENSG00000269009,0
ENSG00000269012,0
ENSG00000269014,1
ENSG00000269019,3
ENSG00000269021,0
ENSG00000269025,0
ENSG00000269026,0
ENSG00000269028,31
ENSG00000269032,0
ENSG00000269035,0
ENSG00000269037,4
ENSG00000269038,16
ENSG00000269040,4
ENSG00000269043,0
ENSG00000269044,312
ENSG00000269050,0
ENSG00000269051,8
ENSG00000269053,0
ENSG00000269054,10
ENSG00000269055,4
ENSG00000269058,3
ENSG00000269066,1
ENSG00000269067,4
ENSG00000269068,14
ENSG00000269069,30
ENSG00000269072,0
ENSG00000269082,0
ENSG00000269085,0
ENSG00000269086,8
ENSG00000269091,0
ENSG00000269095,0
ENSG00000269096,0
ENSG00000269097,1
ENSG00000269099,0
ENSG00000269102,6
ENSG00000269103,0
ENSG00000269106,0
ENSG00000269107,0
ENSG00000269110,2
ENSG00000269113,138
ENSG00000269118,0
ENSG00000269119,0
ENSG00000269124,0
ENSG00000269125,7
ENSG00000269130,0
ENSG00000269131,236
ENSG00000269136,0
ENSG00000269138,181
ENSG00000269139,0
ENSG00000269145,0
ENSG00000269148,1
ENSG00000269151,0
ENSG00000269153,4
ENSG00000269154,0
ENSG00000269155,45
ENSG00000269161,6
ENSG00000269172,1
ENSG00000269176,74
ENSG00000269177,0
ENSG00000269179,0
ENSG00000269181,0
ENSG00000269186,0
ENSG00000269188,0
ENSG00000269189,0
ENSG00000269190,106
ENSG00000269191,0
ENSG00000269194,7
ENSG00000269199,0
ENSG00000269202,15
ENSG00000269210,6
ENSG00000269220,15
ENSG00000269226,2
ENSG00000269227,4
ENSG00000269228,0
ENSG00000269235,41
ENSG00000269236,0
ENSG00000269237,0
ENSG00000269242,64
ENSG00000269243,4
ENSG00000269244,1
ENSG00000269246,4
ENSG00000269253,0
ENSG00000269256,0
ENSG00000269266,0
ENSG00000269271,0
ENSG00000269274,2
ENSG00000269275,5
ENSG00000269281,0
ENSG00000269288,0
ENSG00000269289,11
ENSG00000269292,0
ENSG00000269293,104
ENSG00000269296,4
ENSG00000269300,1
ENSG00000269303,0
ENSG00000269304,0
ENSG00000269307,0
ENSG00000269313,75
ENSG00000269316,0
ENSG00000269318,12
ENSG00000269320,0
ENSG00000269321,0
ENSG00000269332,1
ENSG00000269335,275
ENSG00000269343,1099
ENSG00000269345,4
ENSG00000269349,3
ENSG00000269350,0
ENSG00000269352,61
ENSG00000269353,0
ENSG00000269354,0
ENSG00000269356,4
ENSG00000269364,0
ENSG00000269365,0
ENSG00000269371,0
ENSG00000269373,10
ENSG00000269374,16
ENSG00000269376,13
ENSG00000269378,9
ENSG00000269383,0
ENSG00000269385,0
ENSG00000269386,65
ENSG00000269387,0
ENSG00000269388,11
ENSG00000269391,0
ENSG00000269392,0
ENSG00000269397,72
ENSG00000269399,39
ENSG00000269400,1
ENSG00000269403,1
ENSG00000269404,193
ENSG00000269405,0
ENSG00000269416,4
ENSG00000269419,0
ENSG00000269420,4
ENSG00000269421,22
ENSG00000269425,2
ENSG00000269427,31
ENSG00000269431,2
ENSG00000269433,0
ENSG00000269437,0
ENSG00000269439,26
ENSG00000269444,0
ENSG00000269445,0
ENSG00000269446,0
ENSG00000269458,0
ENSG00000269460,0
ENSG00000269463,13
ENSG00000269466,0
ENSG00000269469,0
ENSG00000269471,1
ENSG00000269473,11
ENSG00000269475,0
ENSG00000269476,0
ENSG00000269480,0
ENSG00000269481,4
ENSG00000269482,0
ENSG00000269483,4
ENSG00000269486,9
ENSG00000269487,1
ENSG00000269489,7
ENSG00000269495,0
ENSG00000269502,0
ENSG00000269504,0
ENSG00000269505,0
ENSG00000269506,0
ENSG00000269509,1
ENSG00000269514,6
ENSG00000269516,108
ENSG00000269519,0
ENSG00000269524,0
ENSG00000269526,2
ENSG00000269533,3
ENSG00000269534,4
ENSG00000269535,1
ENSG00000269540,0
ENSG00000269543,0
ENSG00000269545,3
ENSG00000269546,0
ENSG00000269547,0
ENSG00000269549,58
ENSG00000269552,0
ENSG00000269553,3
ENSG00000269556,458
ENSG00000269559,59
ENSG00000269560,3
ENSG00000269564,0
ENSG00000269565,0
ENSG00000269570,4
ENSG00000269575,0
ENSG00000269576,0
ENSG00000269578,0
ENSG00000269580,0
ENSG00000269583,0
ENSG00000269584,0
ENSG00000269586,0
ENSG00000269588,0
ENSG00000269590,0
ENSG00000269599,0
ENSG00000269600,1
ENSG00000269604,0
ENSG00000269608,1
ENSG00000269609,733
ENSG00000269615,1
ENSG00000269621,0
ENSG00000269622,3
ENSG00000269635,1
ENSG00000269637,2
ENSG00000269640,111
ENSG00000269646,6
ENSG00000269651,0
ENSG00000269652,0
ENSG00000269653,2
ENSG00000269656,3
ENSG00000269662,13
ENSG00000269667,0
ENSG00000269678,0
ENSG00000269680,13
ENSG00000269681,0
ENSG00000269688,4
ENSG00000269692,0
ENSG00000269693,53
ENSG00000269694,1
ENSG00000269696,2
ENSG00000269699,0
ENSG00000269706,0
ENSG00000269707,0
ENSG00000269711,0
ENSG00000269713,253
ENSG00000269720,5
ENSG00000269721,0
ENSG00000269729,1
ENSG00000269732,0
ENSG00000269736,3
ENSG00000269737,26
ENSG00000269741,0
ENSG00000269742,1
ENSG00000269743,114
ENSG00000269745,7
ENSG00000269749,0
ENSG00000269752,2
ENSG00000269755,1
ENSG00000269758,2
ENSG00000269761,0
ENSG00000269763,0
ENSG00000269765,0
ENSG00000269776,0
ENSG00000269779,1
ENSG00000269782,0
ENSG00000269786,0
ENSG00000269787,0
ENSG00000269791,0
ENSG00000269792,0
ENSG00000269793,1
ENSG00000269794,3
ENSG00000269796,0
ENSG00000269799,0
ENSG00000269800,6
ENSG00000269802,1
ENSG00000269806,0
ENSG00000269807,0
ENSG00000269811,0
ENSG00000269813,0
ENSG00000269814,1
ENSG00000269815,4
ENSG00000269821,528
ENSG00000269825,165
ENSG00000269826,0
ENSG00000269833,0
ENSG00000269834,653
ENSG00000269836,0
ENSG00000269837,330
ENSG00000269839,0
ENSG00000269842,0
ENSG00000269843,22
ENSG00000269845,4
ENSG00000269846,4
ENSG00000269848,0
ENSG00000269855,0
ENSG00000269858,802
ENSG00000269859,0
ENSG00000269867,174
ENSG00000269873,0
ENSG00000269877,0
ENSG00000269881,18
ENSG00000269883,3
ENSG00000269885,0
ENSG00000269886,6
ENSG00000269887,111
ENSG00000269888,26
ENSG00000269889,3
ENSG00000269890,159
ENSG00000269891,1
ENSG00000269892,19
ENSG00000269893,1818
ENSG00000269894,11
ENSG00000269895,0
ENSG00000269896,266
ENSG00000269897,0
ENSG00000269898,0
ENSG00000269899,8
ENSG00000269900,0
ENSG00000269901,0
ENSG00000269902,0
ENSG00000269903,7
ENSG00000269904,11
ENSG00000269906,20
ENSG00000269907,1
ENSG00000269908,0
ENSG00000269910,68
ENSG00000269911,0
ENSG00000269915,1
ENSG00000269916,1
ENSG00000269918,19
ENSG00000269919,4
ENSG00000269920,1
ENSG00000269921,12
ENSG00000269924,3
ENSG00000269925,13
ENSG00000269926,0
ENSG00000269927,1
ENSG00000269929,2
ENSG00000269930,2
ENSG00000269931,0
ENSG00000269933,5
ENSG00000269934,28
ENSG00000269935,51
ENSG00000269936,214
ENSG00000269937,1
ENSG00000269938,4
ENSG00000269939,0
ENSG00000269940,83
ENSG00000269941,0
ENSG00000269944,0
ENSG00000269945,341
ENSG00000269946,5
ENSG00000269947,25
ENSG00000269948,5
ENSG00000269949,16
ENSG00000269950,0
ENSG00000269951,8
ENSG00000269952,5
ENSG00000269954,0
ENSG00000269955,4
ENSG00000269956,11
ENSG00000269957,0
ENSG00000269958,473
ENSG00000269959,5
ENSG00000269961,16
ENSG00000269964,0
ENSG00000269966,0
ENSG00000269967,5
ENSG00000269968,0
ENSG00000269970,4
ENSG00000269971,0
ENSG00000269972,0
ENSG00000269973,313
ENSG00000269974,16
ENSG00000269976,3
ENSG00000269978,10
ENSG00000269980,2
ENSG00000269981,36
ENSG00000269982,165
ENSG00000269983,0
ENSG00000269984,11
ENSG00000269985,35
ENSG00000269986,0
ENSG00000269987,0
ENSG00000269989,0
ENSG00000269993,0
ENSG00000269994,38
ENSG00000269997,4
ENSG00000269998,0
ENSG00000270000,17
ENSG00000270001,3
ENSG00000270002,0
ENSG00000270006,15
ENSG00000270008,3
ENSG00000270010,27
ENSG00000270011,12
ENSG00000270012,57
ENSG00000270015,224
ENSG00000270016,0
ENSG00000270017,0
ENSG00000270019,13
ENSG00000270020,33
ENSG00000270021,45
ENSG00000270022,1
ENSG00000270024,2
ENSG00000270025,2
ENSG00000270028,23
ENSG00000270030,2
ENSG00000270031,2
ENSG00000270033,0
ENSG00000270035,16
ENSG00000270036,2
ENSG00000270038,0
ENSG00000270039,54
ENSG00000270040,2
ENSG00000270048,1
ENSG00000270049,29
ENSG00000270050,2
ENSG00000270052,3
ENSG00000270055,75
ENSG00000270058,0
ENSG00000270059,5
ENSG00000270060,17
ENSG00000270061,4
ENSG00000270062,46
ENSG00000270066,1
ENSG00000270067,13
ENSG00000270068,0
ENSG00000270069,32
ENSG00000270071,0
ENSG00000270072,0
ENSG00000270073,0
ENSG00000270074,1
ENSG00000270075,0
ENSG00000270076,0
ENSG00000270077,0
ENSG00000270082,0
ENSG00000270083,8
ENSG00000270084,45
ENSG00000270087,1
ENSG00000270090,0
ENSG00000270091,107
ENSG00000270093,11
ENSG00000270094,0
ENSG00000270095,1
ENSG00000270096,0
ENSG00000270097,153
ENSG00000270098,0
ENSG00000270099,0
ENSG00000270100,0
ENSG00000270103,0
ENSG00000270104,2
ENSG00000270105,0
ENSG00000270106,0
ENSG00000270108,16
ENSG00000270110,1
ENSG00000270111,0
ENSG00000270112,0
ENSG00000270114,0
ENSG00000270115,10
ENSG00000270116,5
ENSG00000270117,0
ENSG00000270118,0
ENSG00000270120,2
ENSG00000270123,0
ENSG00000270124,8
ENSG00000270127,22
ENSG00000270130,3
ENSG00000270131,0
ENSG00000270132,0
ENSG00000270133,4
ENSG00000270135,0
ENSG00000270136,5
ENSG00000270137,0
ENSG00000270139,0
ENSG00000270140,2
ENSG00000270141,1
ENSG00000270147,7
ENSG00000270149,38
ENSG00000270154,0
ENSG00000270157,264
ENSG00000270159,4
ENSG00000270160,0
ENSG00000270164,55
ENSG00000270165,12
ENSG00000270166,0
ENSG00000270168,403
ENSG00000270170,837
ENSG00000270171,32
ENSG00000270174,1
ENSG00000270175,66
ENSG00000270177,61
ENSG00000270178,3
ENSG00000270179,23
ENSG00000270181,0
ENSG00000270182,0
ENSG00000270184,6
ENSG00000270185,0
ENSG00000270187,1
ENSG00000270188,0
ENSG00000270189,185
ENSG00000270190,1
ENSG00000270191,0
ENSG00000270192,0
ENSG00000270193,0
ENSG00000270194,116
ENSG00000270195,9
ENSG00000270196,0
ENSG00000270200,0
ENSG00000270202,0
ENSG00000270204,0
ENSG00000270207,0
ENSG00000270209,0
ENSG00000270210,8
ENSG00000270212,0
ENSG00000270218,0
ENSG00000270222,0
ENSG00000270223,46
ENSG00000270225,1
ENSG00000270226,0
ENSG00000270228,4
ENSG00000270230,0
ENSG00000270231,137
ENSG00000270232,0
ENSG00000270234,0
ENSG00000270236,0
ENSG00000270240,2
ENSG00000270241,0
ENSG00000270242,0
ENSG00000270243,0
ENSG00000270244,1
ENSG00000270246,0
ENSG00000270248,17
ENSG00000270249,0
ENSG00000270251,0
ENSG00000270252,0
ENSG00000270255,0
ENSG00000270257,0
ENSG00000270258,0
ENSG00000270259,0
ENSG00000270264,3
ENSG00000270265,8
ENSG00000270268,0
ENSG00000270269,0
ENSG00000270270,4
ENSG00000270273,0
ENSG00000270275,0
ENSG00000270276,0
ENSG00000270277,5
ENSG00000270279,1
ENSG00000270280,0
ENSG00000270281,0
ENSG00000270282,2
ENSG00000270285,0
ENSG00000270287,0
ENSG00000270289,0
ENSG00000270292,2
ENSG00000270293,0
ENSG00000270294,0
ENSG00000270296,1
ENSG00000270299,4
ENSG00000270300,0
ENSG00000270301,0
ENSG00000270302,0
ENSG00000270304,0
ENSG00000270306,0
ENSG00000270307,0
ENSG00000270308,0
ENSG00000270313,0
ENSG00000270314,0
ENSG00000270316,0
ENSG00000270317,0
ENSG00000270318,0
ENSG00000270321,0
ENSG00000270322,0
ENSG00000270323,0
ENSG00000270324,0
ENSG00000270325,2
ENSG00000270326,13
ENSG00000270328,0
ENSG00000270330,0
ENSG00000270332,2
ENSG00000270333,0
ENSG00000270335,0
ENSG00000270336,0
ENSG00000270339,4
ENSG00000270342,0
ENSG00000270343,4
ENSG00000270344,15
ENSG00000270347,0
ENSG00000270350,0
ENSG00000270352,0
ENSG00000270354,0
ENSG00000270356,0
ENSG00000270359,0
ENSG00000270361,3
ENSG00000270362,93
ENSG00000270367,0
ENSG00000270369,0
ENSG00000270371,0
ENSG00000270372,0
ENSG00000270377,0
ENSG00000270378,0
ENSG00000270379,0
ENSG00000270380,0
ENSG00000270381,0
ENSG00000270382,0
ENSG00000270384,0
ENSG00000270385,0
ENSG00000270386,0
ENSG00000270387,0
ENSG00000270388,1
ENSG00000270390,7
ENSG00000270392,3
ENSG00000270393,0
ENSG00000270394,1
ENSG00000270395,0
ENSG00000270397,0
ENSG00000270400,0
ENSG00000270401,1
ENSG00000270402,4
ENSG00000270403,0
ENSG00000270405,0
ENSG00000270409,3
ENSG00000270411,0
ENSG00000270412,12
ENSG00000270413,2
ENSG00000270415,0
ENSG00000270416,0
ENSG00000270419,5
ENSG00000270421,1
ENSG00000270422,0
ENSG00000270423,0
ENSG00000270424,0
ENSG00000270425,0
ENSG00000270426,4
ENSG00000270427,15
ENSG00000270429,1
ENSG00000270430,0
ENSG00000270431,0
ENSG00000270432,3
ENSG00000270433,5
ENSG00000270434,0
ENSG00000270435,0
ENSG00000270437,0
ENSG00000270440,0
ENSG00000270441,56
ENSG00000270442,0
ENSG00000270443,0
ENSG00000270444,0
ENSG00000270445,1
ENSG00000270446,0
ENSG00000270447,0
ENSG00000270449,0
ENSG00000270450,0
ENSG00000270451,0
ENSG00000270453,0
ENSG00000270455,0
ENSG00000270456,0
ENSG00000270457,8
ENSG00000270458,0
ENSG00000270460,12
ENSG00000270462,2
ENSG00000270467,0
ENSG00000270469,0
ENSG00000270470,0
ENSG00000270472,15
ENSG00000270474,1
ENSG00000270475,1
ENSG00000270477,0
ENSG00000270479,1
ENSG00000270480,0
ENSG00000270482,2
ENSG00000270484,0
ENSG00000270487,0
ENSG00000270488,0
ENSG00000270490,0
ENSG00000270491,0
ENSG00000270492,0
ENSG00000270493,0
ENSG00000270494,0
ENSG00000270495,34
ENSG00000270496,0
ENSG00000270497,1
ENSG00000270499,2
ENSG00000270500,0
ENSG00000270503,85
ENSG00000270504,79
ENSG00000270505,0
ENSG00000270506,0
ENSG00000270507,0
ENSG00000270509,0
ENSG00000270510,1
ENSG00000270512,0
ENSG00000270513,2
ENSG00000270516,0
ENSG00000270518,0
ENSG00000270521,0
ENSG00000270522,0
ENSG00000270523,1
ENSG00000270524,0
ENSG00000270526,0
ENSG00000270528,0
ENSG00000270531,0
ENSG00000270532,5
ENSG00000270533,29
ENSG00000270535,0
ENSG00000270538,0
ENSG00000270540,6
ENSG00000270541,0
ENSG00000270542,1
ENSG00000270544,0
ENSG00000270547,76
ENSG00000270549,0
ENSG00000270550,1713
ENSG00000270552,0
ENSG00000270553,0
ENSG00000270554,0
ENSG00000270555,0
ENSG00000270557,23
ENSG00000270558,159
ENSG00000270560,0
ENSG00000270562,22
ENSG00000270569,0
ENSG00000270570,0
ENSG00000270571,298
ENSG00000270574,13
ENSG00000270575,1
ENSG00000270576,0
ENSG00000270577,2
ENSG00000270578,0
ENSG00000270580,30
ENSG00000270583,2
ENSG00000270584,0
ENSG00000270585,2
ENSG00000270587,81
ENSG00000270588,0
ENSG00000270589,38
ENSG00000270591,7
ENSG00000270593,0
ENSG00000270598,1
ENSG00000270601,0
ENSG00000270604,3
ENSG00000270605,182
ENSG00000270606,1
ENSG00000270607,8
ENSG00000270610,0
ENSG00000270611,0
ENSG00000270612,0
ENSG00000270614,0
ENSG00000270615,0
ENSG00000270617,1
ENSG00000270618,0
ENSG00000270619,0
ENSG00000270620,0
ENSG00000270623,0
ENSG00000270624,6
ENSG00000270625,0
ENSG00000270627,0
ENSG00000270629,498
ENSG00000270631,0
ENSG00000270632,1
ENSG00000270634,0
ENSG00000270638,15
ENSG00000270639,0
ENSG00000270640,10
ENSG00000270641,3
ENSG00000270646,0
ENSG00000270647,3510
ENSG00000270648,0
ENSG00000270652,0
ENSG00000270654,0
ENSG00000270655,1
ENSG00000270659,8
ENSG00000270661,3
ENSG00000270664,0
ENSG00000270665,2
ENSG00000270666,6
ENSG00000270669,0
ENSG00000270670,0
ENSG00000270672,1
ENSG00000270673,15
ENSG00000270677,0
ENSG00000270678,0
ENSG00000270679,0
ENSG00000270680,0
ENSG00000270681,30
ENSG00000270682,0
ENSG00000270683,0
ENSG00000270685,0
ENSG00000270688,0
ENSG00000270689,0
ENSG00000270690,0
ENSG00000270691,0
ENSG00000270694,0
ENSG00000270695,0
ENSG00000270696,489
ENSG00000270697,0
ENSG00000270698,0
ENSG00000270699,0
ENSG00000270701,0
ENSG00000270702,1
ENSG00000270704,0
ENSG00000270705,0
ENSG00000270706,1
ENSG00000270708,0
ENSG00000270709,0
ENSG00000270710,0
ENSG00000270711,1
ENSG00000270712,0
ENSG00000270713,0
ENSG00000270714,1
ENSG00000270716,9
ENSG00000270718,0
ENSG00000270719,0
ENSG00000270720,4
ENSG00000270722,2
ENSG00000270723,0
ENSG00000270725,0
ENSG00000270726,0
ENSG00000270727,0
ENSG00000270728,182
ENSG00000270729,0
ENSG00000270733,3
ENSG00000270734,0
ENSG00000270736,0
ENSG00000270739,0
ENSG00000270741,0
ENSG00000270742,5
ENSG00000270745,0
ENSG00000270747,0
ENSG00000270748,1
ENSG00000270749,1
ENSG00000270750,5
ENSG00000270751,1
ENSG00000270753,0
ENSG00000270754,0
ENSG00000270755,29
ENSG00000270757,5
ENSG00000270759,0
ENSG00000270760,7
ENSG00000270761,38
ENSG00000270762,0
ENSG00000270763,0
ENSG00000270764,0
ENSG00000270765,5
ENSG00000270766,0
ENSG00000270767,0
ENSG00000270771,0
ENSG00000270772,0
ENSG00000270773,0
ENSG00000270775,0
ENSG00000270776,0
ENSG00000270777,0
ENSG00000270778,0
ENSG00000270779,0
ENSG00000270780,0
ENSG00000270781,3
ENSG00000270782,0
ENSG00000270783,0
ENSG00000270788,4
ENSG00000270789,0
ENSG00000270790,0
ENSG00000270791,0
ENSG00000270792,2
ENSG00000270793,0
ENSG00000270794,0
ENSG00000270797,0
ENSG00000270798,0
ENSG00000270799,0
ENSG00000270800,2
ENSG00000270802,1
ENSG00000270804,151
ENSG00000270806,1
ENSG00000270807,0
ENSG00000270808,1
ENSG00000270809,0
ENSG00000270811,2
ENSG00000270812,0
ENSG00000270813,8
ENSG00000270814,0
ENSG00000270815,0
ENSG00000270816,15
ENSG00000270818,0
ENSG00000270820,57
ENSG00000270822,1
ENSG00000270823,3
ENSG00000270824,0
ENSG00000270826,0
ENSG00000270828,0
ENSG00000270829,0
ENSG00000270830,0
ENSG00000270831,0
ENSG00000270832,0
ENSG00000270835,0
ENSG00000270837,0
ENSG00000270838,0
ENSG00000270839,0
ENSG00000270842,0
ENSG00000270846,0
ENSG00000270849,0
ENSG00000270850,0
ENSG00000270852,0
ENSG00000270855,0
ENSG00000270856,1
ENSG00000270857,0
ENSG00000270858,0
ENSG00000270859,0
ENSG00000270861,0
ENSG00000270863,2
ENSG00000270864,1
ENSG00000270865,0
ENSG00000270866,0
ENSG00000270868,0
ENSG00000270870,0
ENSG00000270871,9
ENSG00000270872,4
ENSG00000270874,0
ENSG00000270876,3
ENSG00000270878,17
ENSG00000270879,0
ENSG00000270880,2
ENSG00000270882,44
ENSG00000270883,0
ENSG00000270885,173
ENSG00000270889,1
ENSG00000270890,10
ENSG00000270891,0
ENSG00000270892,0
ENSG00000270893,0
ENSG00000270894,0
ENSG00000270896,2
ENSG00000270897,0
ENSG00000270898,1
ENSG00000270900,0
ENSG00000270902,0
ENSG00000270903,8
ENSG00000270904,0
ENSG00000270906,5
ENSG00000270909,0
ENSG00000270911,1
ENSG00000270912,0
ENSG00000270914,0
ENSG00000270915,0
ENSG00000270916,0
ENSG00000270917,25
ENSG00000270919,0
ENSG00000270920,0
ENSG00000270921,0
ENSG00000270923,1
ENSG00000270924,0
ENSG00000270926,1
ENSG00000270927,0
ENSG00000270929,0
ENSG00000270930,2
ENSG00000270933,23
ENSG00000270934,0
ENSG00000270935,0
ENSG00000270936,0
ENSG00000270937,0
ENSG00000270938,0
ENSG00000270941,0
ENSG00000270945,0
ENSG00000270946,0
ENSG00000270947,63
ENSG00000270948,27
ENSG00000270951,1
ENSG00000270953,24
ENSG00000270954,1
ENSG00000270955,0
ENSG00000270956,7
ENSG00000270957,0
ENSG00000270959,107
ENSG00000270960,0
ENSG00000270961,0
ENSG00000270962,0
ENSG00000270964,88
ENSG00000270965,0
ENSG00000270966,0
ENSG00000270969,0
ENSG00000270971,0
ENSG00000270972,5
ENSG00000270973,0
ENSG00000270975,0
ENSG00000270976,0
ENSG00000270977,44
ENSG00000270978,2
ENSG00000270980,1
ENSG00000270981,0
ENSG00000270982,0
ENSG00000270983,6
ENSG00000270986,1
ENSG00000270987,7
ENSG00000270988,0
ENSG00000270989,0
ENSG00000270990,0
ENSG00000270992,0
ENSG00000270993,0
ENSG00000270994,0
ENSG00000270995,0
ENSG00000270996,75
ENSG00000270997,0
ENSG00000270999,1
ENSG00000271002,8
ENSG00000271003,0
ENSG00000271005,0
ENSG00000271009,19
ENSG00000271010,0
ENSG00000271011,1
ENSG00000271013,13
ENSG00000271014,0
ENSG00000271015,0
ENSG00000271018,0
ENSG00000271020,41
ENSG00000271021,0
ENSG00000271022,3
ENSG00000271024,0
ENSG00000271025,0
ENSG00000271026,0
ENSG00000271027,0
ENSG00000271028,0
ENSG00000271029,0
ENSG00000271032,5
ENSG00000271034,0
ENSG00000271035,38
ENSG00000271036,0
ENSG00000271040,1
ENSG00000271041,0
ENSG00000271042,0
ENSG00000271043,0
ENSG00000271044,0
ENSG00000271045,0
ENSG00000271046,0
ENSG00000271047,0
ENSG00000271048,0
ENSG00000271049,1
ENSG00000271052,3
ENSG00000271053,0
ENSG00000271056,0
ENSG00000271057,0
ENSG00000271063,2
ENSG00000271064,2
ENSG00000271065,0
ENSG00000271070,0
ENSG00000271071,0
ENSG00000271072,2
ENSG00000271074,0
ENSG00000271075,7
ENSG00000271077,0
ENSG00000271078,0
ENSG00000271079,0
ENSG00000271081,0
ENSG00000271086,0
ENSG00000271088,0
ENSG00000271092,14
ENSG00000271093,0
ENSG00000271094,0
ENSG00000271095,20
ENSG00000271096,0
ENSG00000271097,0
ENSG00000271098,0
ENSG00000271099,0
ENSG00000271100,0
ENSG00000271101,0
ENSG00000271105,1
ENSG00000271108,0
ENSG00000271109,41
ENSG00000271111,0
ENSG00000271113,0
ENSG00000271114,0
ENSG00000271115,1
ENSG00000271117,0
ENSG00000271118,0
ENSG00000271119,37
ENSG00000271121,0
ENSG00000271122,1397
ENSG00000271123,0
ENSG00000271127,6
ENSG00000271128,0
ENSG00000271129,0
ENSG00000271130,5
ENSG00000271131,1
ENSG00000271133,55
ENSG00000271134,1
ENSG00000271136,0
ENSG00000271137,0
ENSG00000271138,0
ENSG00000271140,0
ENSG00000271141,10
ENSG00000271142,3
ENSG00000271143,0
ENSG00000271146,1
ENSG00000271147,642
ENSG00000271148,0
ENSG00000271149,0
ENSG00000271150,1
ENSG00000271151,8
ENSG00000271153,3
ENSG00000271154,0
ENSG00000271155,9
ENSG00000271156,0
ENSG00000271157,0
ENSG00000271158,0
ENSG00000271159,0
ENSG00000271161,5
ENSG00000271162,0
ENSG00000271163,0
ENSG00000271164,0
ENSG00000271166,0
ENSG00000271167,0
ENSG00000271171,0
ENSG00000271172,0
ENSG00000271173,0
ENSG00000271174,0
ENSG00000271175,0
ENSG00000271177,0
ENSG00000271178,13
ENSG00000271179,0
ENSG00000271180,0
ENSG00000271181,1
ENSG00000271182,0
ENSG00000271184,0
ENSG00000271185,1
ENSG00000271187,0
ENSG00000271190,0
ENSG00000271192,1
ENSG00000271194,0
ENSG00000271195,0
ENSG00000271196,0
ENSG00000271197,0
ENSG00000271198,0
ENSG00000271199,3
ENSG00000271200,2
ENSG00000271201,0
ENSG00000271202,0
ENSG00000271204,0
ENSG00000271205,0
ENSG00000271207,2
ENSG00000271208,0
ENSG00000271209,0
ENSG00000271211,0
ENSG00000271214,0
ENSG00000271215,0
ENSG00000271216,9
ENSG00000271218,20
ENSG00000271219,0
ENSG00000271220,4
ENSG00000271222,0
ENSG00000271225,0
ENSG00000271227,0
ENSG00000271228,6
ENSG00000271230,0
ENSG00000271231,0
ENSG00000271232,0
ENSG00000271234,0
ENSG00000271235,0
ENSG00000271236,1
ENSG00000271237,0
ENSG00000271238,0
ENSG00000271239,0
ENSG00000271240,0
ENSG00000271242,0
ENSG00000271243,0
ENSG00000271245,0
ENSG00000271248,0
ENSG00000271249,0
ENSG00000271250,0
ENSG00000271251,0
ENSG00000271252,0
ENSG00000271253,0
ENSG00000271255,0
ENSG00000271257,0
ENSG00000271259,7
ENSG00000271264,0
ENSG00000271265,0
ENSG00000271266,0
ENSG00000271267,1
ENSG00000271268,1
ENSG00000271269,0
ENSG00000271270,79
ENSG00000271271,0
ENSG00000271272,0
ENSG00000271275,1
ENSG00000271277,0
ENSG00000271278,0
ENSG00000271283,1
ENSG00000271284,0
ENSG00000271286,0
ENSG00000271287,0
ENSG00000271288,1
ENSG00000271290,0
ENSG00000271291,0
ENSG00000271296,0
ENSG00000271298,0
ENSG00000271299,0
ENSG00000271302,0
ENSG00000271303,127
ENSG00000271304,0
ENSG00000271305,0
ENSG00000271306,0
ENSG00000271307,0
ENSG00000271309,0
ENSG00000271313,0
ENSG00000271314,0
ENSG00000271315,0
ENSG00000271317,0
ENSG00000271318,1
ENSG00000271320,1
ENSG00000271321,0
ENSG00000271322,0
ENSG00000271324,25
ENSG00000271327,18
ENSG00000271328,0
ENSG00000271329,0
ENSG00000271330,0
ENSG00000271332,0
ENSG00000271333,0
ENSG00000271334,3
ENSG00000271335,49
ENSG00000271336,0
ENSG00000271337,0
ENSG00000271338,0
ENSG00000271339,0
ENSG00000271340,0
ENSG00000271343,0
ENSG00000271344,5
ENSG00000271346,0
ENSG00000271347,0
ENSG00000271349,0
ENSG00000271350,0
ENSG00000271351,1
ENSG00000271353,0
ENSG00000271355,0
ENSG00000271356,0
ENSG00000271357,0
ENSG00000271358,0
ENSG00000271360,0
ENSG00000271361,0
ENSG00000271362,0
ENSG00000271364,0
ENSG00000271365,0
ENSG00000271366,3
ENSG00000271367,5
ENSG00000271368,0
ENSG00000271369,1
ENSG00000271370,0
ENSG00000271373,0
ENSG00000271375,0
ENSG00000271377,22
ENSG00000271378,0
ENSG00000271379,0
ENSG00000271380,38
ENSG00000271381,0
ENSG00000271382,0
ENSG00000271383,629
ENSG00000271384,5
ENSG00000271385,0
ENSG00000271386,0
ENSG00000271387,10
ENSG00000271389,0
ENSG00000271390,1
ENSG00000271392,0
ENSG00000271394,0
ENSG00000271395,0
ENSG00000271396,10
ENSG00000271397,0
ENSG00000271398,1
ENSG00000271399,0
ENSG00000271400,0
ENSG00000271401,2
ENSG00000271402,1
ENSG00000271404,3
ENSG00000271408,0
ENSG00000271409,0
ENSG00000271410,0
ENSG00000271412,0
ENSG00000271413,0
ENSG00000271414,0
ENSG00000271415,0
ENSG00000271417,1
ENSG00000271418,0
ENSG00000271419,0
ENSG00000271420,7
ENSG00000271421,0
ENSG00000271423,0
ENSG00000271424,8
ENSG00000271425,203
ENSG00000271426,1
ENSG00000271427,1
ENSG00000271428,2
ENSG00000271429,0
ENSG00000271430,227
ENSG00000271433,0
ENSG00000271434,0
ENSG00000271435,0
ENSG00000271437,0
ENSG00000271439,0
ENSG00000271440,0
ENSG00000271443,0
ENSG00000271447,98
ENSG00000271449,0
ENSG00000271452,51
ENSG00000271454,0
ENSG00000271455,0
ENSG00000271456,0
ENSG00000271457,0
ENSG00000271459,0
ENSG00000271461,0
ENSG00000271462,0
ENSG00000271464,0
ENSG00000271465,0
ENSG00000271466,0
ENSG00000271468,0
ENSG00000271474,4
ENSG00000271475,0
ENSG00000271477,0
ENSG00000271480,2
ENSG00000271482,0
ENSG00000271483,0
ENSG00000271484,2
ENSG00000271486,0
ENSG00000271488,0
ENSG00000271490,0
ENSG00000271491,0
ENSG00000271492,0
ENSG00000271494,0
ENSG00000271495,0
ENSG00000271496,0
ENSG00000271498,0
ENSG00000271499,2
ENSG00000271500,0
ENSG00000271502,0
ENSG00000271503,2395
ENSG00000271507,0
ENSG00000271508,0
ENSG00000271509,0
ENSG00000271511,0
ENSG00000271519,0
ENSG00000271522,0
ENSG00000271523,0
ENSG00000271524,119
ENSG00000271525,0
ENSG00000271526,0
ENSG00000271527,0
ENSG00000271530,0
ENSG00000271532,2
ENSG00000271533,142
ENSG00000271536,0
ENSG00000271537,11
ENSG00000271538,1
ENSG00000271543,0
ENSG00000271544,0
ENSG00000271546,0
ENSG00000271547,1
ENSG00000271550,235
ENSG00000271551,3
ENSG00000271553,10
ENSG00000271554,6
ENSG00000271555,0
ENSG00000271557,0
ENSG00000271558,0
ENSG00000271559,0
ENSG00000271560,0
ENSG00000271563,0
ENSG00000271564,0
ENSG00000271565,0
ENSG00000271567,1
ENSG00000271568,0
ENSG00000271569,0
ENSG00000271573,0
ENSG00000271576,3
ENSG00000271578,0
ENSG00000271579,0
ENSG00000271580,5
ENSG00000271581,22
ENSG00000271582,1
ENSG00000271583,0
ENSG00000271584,5
ENSG00000271585,0
ENSG00000271586,0
ENSG00000271587,1
ENSG00000271588,0
ENSG00000271589,0
ENSG00000271590,5
ENSG00000271593,0
ENSG00000271595,0
ENSG00000271596,2
ENSG00000271597,0
ENSG00000271598,0
ENSG00000271600,0
ENSG00000271601,701
ENSG00000271602,1
ENSG00000271605,109
ENSG00000271606,0
ENSG00000271607,3
ENSG00000271608,0
ENSG00000271609,0
ENSG00000271611,0
ENSG00000271612,0
ENSG00000271614,58
ENSG00000271615,0
ENSG00000271616,0
ENSG00000271618,0
ENSG00000271620,0
ENSG00000271621,0
ENSG00000271623,0
ENSG00000271624,0
ENSG00000271625,0
ENSG00000271626,0
ENSG00000271627,0
ENSG00000271629,0
ENSG00000271631,2
ENSG00000271632,0
ENSG00000271635,0
ENSG00000271638,0
ENSG00000271639,0
ENSG00000271642,0
ENSG00000271643,86
ENSG00000271644,0
ENSG00000271646,400
ENSG00000271647,0
ENSG00000271649,0
ENSG00000271650,0
ENSG00000271652,0
ENSG00000271653,0
ENSG00000271654,0
ENSG00000271655,0
ENSG00000271656,0
ENSG00000271657,0
ENSG00000271659,4
ENSG00000271660,0
ENSG00000271661,0
ENSG00000271662,6
ENSG00000271664,0
ENSG00000271666,0
ENSG00000271667,0
ENSG00000271670,1
ENSG00000271671,0
ENSG00000271672,0
ENSG00000271676,1
ENSG00000271677,0
ENSG00000271679,0
ENSG00000271680,1
ENSG00000271681,0
ENSG00000271682,0
ENSG00000271686,0
ENSG00000271687,1
ENSG00000271691,0
ENSG00000271693,0
ENSG00000271696,3
ENSG00000271697,1
ENSG00000271698,0
ENSG00000271699,0
ENSG00000271701,0
ENSG00000271702,0
ENSG00000271704,0
ENSG00000271705,0
ENSG00000271707,0
ENSG00000271709,0
ENSG00000271710,0
ENSG00000271711,0
ENSG00000271712,0
ENSG00000271714,0
ENSG00000271715,45
ENSG00000271716,1
ENSG00000271717,3
ENSG00000271721,54
ENSG00000271723,0
ENSG00000271724,0
ENSG00000271725,7
ENSG00000271727,1
ENSG00000271730,14
ENSG00000271732,1
ENSG00000271734,15
ENSG00000271736,0
ENSG00000271737,13
ENSG00000271739,0
ENSG00000271741,10
ENSG00000271742,1
ENSG00000271743,7
ENSG00000271745,6
ENSG00000271746,0
ENSG00000271748,1
ENSG00000271749,15
ENSG00000271751,2
ENSG00000271752,0
ENSG00000271754,9
ENSG00000271755,7
ENSG00000271757,2
ENSG00000271758,0
ENSG00000271761,0
ENSG00000271762,0
ENSG00000271763,5
ENSG00000271765,0
ENSG00000271766,0
ENSG00000271771,2
ENSG00000271774,1
ENSG00000271776,0
ENSG00000271778,3
ENSG00000271779,5
ENSG00000271780,176
ENSG00000271781,45
ENSG00000271784,28
ENSG00000271787,2
ENSG00000271788,7
ENSG00000271789,8
ENSG00000271792,0
ENSG00000271793,0
ENSG00000271795,0
ENSG00000271797,6
ENSG00000271798,0
ENSG00000271803,1
ENSG00000271806,1
ENSG00000271810,3
ENSG00000271811,12
ENSG00000271814,0
ENSG00000271815,1
ENSG00000271816,7
ENSG00000271817,0
ENSG00000271818,0
ENSG00000271819,5
ENSG00000271820,0
ENSG00000271821,3
ENSG00000271824,25
ENSG00000271825,0
ENSG00000271826,3
ENSG00000271828,25
ENSG00000271830,22
ENSG00000271831,0
ENSG00000271833,38
ENSG00000271840,5
ENSG00000271841,0
ENSG00000271843,7
ENSG00000271846,0
ENSG00000271848,1
ENSG00000271849,1
ENSG00000271850,68
ENSG00000271851,70
ENSG00000271852,1
ENSG00000271853,0
ENSG00000271855,38
ENSG00000271856,26
ENSG00000271857,10
ENSG00000271858,5
ENSG00000271860,0
ENSG00000271862,44
ENSG00000271868,3
ENSG00000271869,74
ENSG00000271870,51
ENSG00000271871,7
ENSG00000271874,0
ENSG00000271876,0
ENSG00000271880,4
ENSG00000271882,13
ENSG00000271886,0
ENSG00000271888,44
ENSG00000271889,16
ENSG00000271890,0
ENSG00000271892,0
ENSG00000271893,0
ENSG00000271894,0
ENSG00000271895,37
ENSG00000271897,0
ENSG00000271898,0
ENSG00000271899,0
ENSG00000271900,0
ENSG00000271901,3
ENSG00000271904,0
ENSG00000271905,0
ENSG00000271907,0
ENSG00000271911,1
ENSG00000271913,13
ENSG00000271914,5
ENSG00000271916,5
ENSG00000271917,0
ENSG00000271918,35
ENSG00000271919,1
ENSG00000271922,0
ENSG00000271923,0
ENSG00000271924,4
ENSG00000271926,16
ENSG00000271930,0
ENSG00000271931,0
ENSG00000271932,0
ENSG00000271933,1
ENSG00000271934,0
ENSG00000271936,32
ENSG00000271937,2
ENSG00000271938,2
ENSG00000271941,15
ENSG00000271943,5
ENSG00000271945,0
ENSG00000271947,6
ENSG00000271949,0
ENSG00000271952,3
ENSG00000271955,0
ENSG00000271958,0
ENSG00000271959,3
ENSG00000271963,3
ENSG00000271964,23
ENSG00000271966,3
ENSG00000271967,24
ENSG00000271968,0
ENSG00000271969,4
ENSG00000271970,8
ENSG00000271971,95
ENSG00000271973,6
ENSG00000271974,0
ENSG00000271976,287
ENSG00000271977,1
ENSG00000271978,13
ENSG00000271980,112
ENSG00000271981,0
ENSG00000271982,0
ENSG00000271983,0
ENSG00000271984,3
ENSG00000271985,0
ENSG00000271986,0
ENSG00000271989,0
ENSG00000271991,2
ENSG00000271992,2
ENSG00000271993,2
ENSG00000271996,0
ENSG00000271997,25
ENSG00000271998,0
ENSG00000272002,5
ENSG00000272004,1
ENSG00000272006,4
ENSG00000272008,15
ENSG00000272009,63
ENSG00000272010,10
ENSG00000272015,0
ENSG00000272017,12
ENSG00000272020,0
ENSG00000272021,0
ENSG00000272023,3
ENSG00000272024,9
ENSG00000272025,0
ENSG00000272027,0
ENSG00000272028,0
ENSG00000272030,10
ENSG00000272031,54
ENSG00000272033,0
ENSG00000272034,11
ENSG00000272036,0
ENSG00000272037,9
ENSG00000272040,15
ENSG00000272043,1
ENSG00000272045,0
ENSG00000272046,0
ENSG00000272047,1859
ENSG00000272049,77
ENSG00000272050,0
ENSG00000272051,0
ENSG00000272053,19
ENSG00000272054,43
ENSG00000272055,0
ENSG00000272056,4
ENSG00000272057,0
ENSG00000272058,0
ENSG00000272068,2
ENSG00000272070,74
ENSG00000272071,2
ENSG00000272072,18
ENSG00000272075,0
ENSG00000272076,3
ENSG00000272077,110
ENSG00000272078,43
ENSG00000272079,444
ENSG00000272080,0
ENSG00000272081,16
ENSG00000272082,0
ENSG00000272084,17
ENSG00000272085,0
ENSG00000272086,98
ENSG00000272087,24
ENSG00000272088,3
ENSG00000272092,6
ENSG00000272094,1
ENSG00000272096,0
ENSG00000272097,11
ENSG00000272100,5
ENSG00000272102,13
ENSG00000272103,0
ENSG00000272104,1
ENSG00000272106,289
ENSG00000272108,26
ENSG00000272109,1
ENSG00000272112,41
ENSG00000272113,0
ENSG00000272114,0
ENSG00000272115,6
ENSG00000272121,0
ENSG00000272123,5
ENSG00000272128,8
ENSG00000272129,42
ENSG00000272130,3
ENSG00000272134,0
ENSG00000272135,0
ENSG00000272137,4
ENSG00000272138,29
ENSG00000272139,1
ENSG00000272140,15
ENSG00000272141,52
ENSG00000272142,143
ENSG00000272143,32
ENSG00000272144,28
ENSG00000272145,41
ENSG00000272146,13
ENSG00000272148,15
ENSG00000272149,0
ENSG00000272150,140
ENSG00000272153,26
ENSG00000272154,2
ENSG00000272155,7
ENSG00000272156,58
ENSG00000272157,0
ENSG00000272158,1
ENSG00000272159,1
ENSG00000272160,1
ENSG00000272161,3
ENSG00000272162,0
ENSG00000272163,0
ENSG00000272164,0
ENSG00000272166,0
ENSG00000272167,0
ENSG00000272168,214
ENSG00000272170,2
ENSG00000272172,31
ENSG00000272173,222
ENSG00000272174,0
ENSG00000272175,1
ENSG00000272177,0
ENSG00000272180,0
ENSG00000272181,0
ENSG00000272182,2
ENSG00000272183,24
ENSG00000272186,6
ENSG00000272189,382
ENSG00000272192,0
ENSG00000272195,13
ENSG00000272196,1
ENSG00000272197,0
ENSG00000272202,1
ENSG00000272203,0
ENSG00000272205,1
ENSG00000272209,3
ENSG00000272211,1
ENSG00000272213,0
ENSG00000272215,0
ENSG00000272217,3
ENSG00000272218,0
ENSG00000272219,0
ENSG00000272220,0
ENSG00000272221,110
ENSG00000272223,16
ENSG00000272226,5
ENSG00000272230,0
ENSG00000272232,0
ENSG00000272234,0
ENSG00000272235,2
ENSG00000272236,0
ENSG00000272237,0
ENSG00000272239,1
ENSG00000272240,8
ENSG00000272243,0
ENSG00000272247,4
ENSG00000272248,8
ENSG00000272249,0
ENSG00000272250,12
ENSG00000272253,0
ENSG00000272254,0
ENSG00000272255,1
ENSG00000272256,7
ENSG00000272259,1
ENSG00000272262,0
ENSG00000272263,6
ENSG00000272264,27
ENSG00000272265,2
ENSG00000272267,3
ENSG00000272269,19
ENSG00000272273,14
ENSG00000272274,0
ENSG00000272275,75
ENSG00000272277,17
ENSG00000272279,3
ENSG00000272281,1
ENSG00000272282,16
ENSG00000272288,172
ENSG00000272293,18
ENSG00000272296,0
ENSG00000272297,0
ENSG00000272298,0
ENSG00000272299,0
ENSG00000272301,33
ENSG00000272304,0
ENSG00000272305,12
ENSG00000272308,11
ENSG00000272311,0
ENSG00000272312,0
ENSG00000272316,17
ENSG00000272319,0
ENSG00000272320,10
ENSG00000272321,3
ENSG00000272323,387
ENSG00000272324,7
ENSG00000272325,1238
ENSG00000272328,0
ENSG00000272329,0
ENSG00000272330,2
ENSG00000272333,2773
ENSG00000272334,1
ENSG00000272335,718
ENSG00000272337,0
ENSG00000272338,46
ENSG00000272341,132
ENSG00000272342,6
ENSG00000272343,5
ENSG00000272344,0
ENSG00000272345,87
ENSG00000272346,0
ENSG00000272347,7
ENSG00000272351,0
ENSG00000272354,0
ENSG00000272356,33
ENSG00000272359,1
ENSG00000272360,8
ENSG00000272361,6
ENSG00000272362,0
ENSG00000272366,0
ENSG00000272367,16
ENSG00000272368,37
ENSG00000272369,11
ENSG00000272370,6
ENSG00000272371,4
ENSG00000272372,0
ENSG00000272374,22
ENSG00000272375,12
ENSG00000272379,0
ENSG00000272380,0
ENSG00000272381,2
ENSG00000272382,6
ENSG00000272383,1
ENSG00000272384,14
ENSG00000272385,0
ENSG00000272386,4
ENSG00000272387,0
ENSG00000272389,7
ENSG00000272391,2519
ENSG00000272393,0
ENSG00000272395,1
ENSG00000272396,0
ENSG00000272397,0
ENSG00000272398,234041
ENSG00000272400,0
ENSG00000272402,18
ENSG00000272405,19
ENSG00000272406,0
ENSG00000272407,0
ENSG00000272410,1
ENSG00000272411,4
ENSG00000272412,0
ENSG00000272414,8
ENSG00000272416,23
ENSG00000272417,5
ENSG00000272418,0
ENSG00000272419,55
ENSG00000272420,21
ENSG00000272425,2
ENSG00000272426,12
ENSG00000272428,0
ENSG00000272430,4
ENSG00000272431,1
ENSG00000272432,8
ENSG00000272434,3
ENSG00000272435,1
ENSG00000272436,0
ENSG00000272438,18
ENSG00000272439,0
ENSG00000272440,4
ENSG00000272442,9
ENSG00000272443,3
ENSG00000272444,36
ENSG00000272445,0
ENSG00000272446,0
ENSG00000272447,36
ENSG00000272449,104
ENSG00000272455,243
ENSG00000272456,5
ENSG00000272457,2
ENSG00000272458,0
ENSG00000272459,8
ENSG00000272460,0
ENSG00000272461,0
ENSG00000272462,66
ENSG00000272463,27
ENSG00000272465,1
ENSG00000272468,81
ENSG00000272469,0
ENSG00000272472,2
ENSG00000272473,8
ENSG00000272474,0
ENSG00000272476,342
ENSG00000272477,0
ENSG00000272478,0
ENSG00000272479,2
ENSG00000272480,0
ENSG00000272482,14
ENSG00000272483,0
ENSG00000272485,0
ENSG00000272486,10
ENSG00000272489,0
ENSG00000272491,23
ENSG00000272494,0
ENSG00000272498,5
ENSG00000272501,106
ENSG00000272502,5
ENSG00000272505,11
ENSG00000272506,1
ENSG00000272507,1
ENSG00000272508,1
ENSG00000272509,8
ENSG00000272510,6
ENSG00000272511,23
ENSG00000272512,33
ENSG00000272514,19
ENSG00000272515,0
ENSG00000272516,2
ENSG00000272518,108
ENSG00000272519,0
ENSG00000272523,17
ENSG00000272524,12
ENSG00000272525,63
ENSG00000272529,12
ENSG00000272533,1
ENSG00000272536,0
ENSG00000272537,1
ENSG00000272540,12
ENSG00000272541,0
ENSG00000272542,0
ENSG00000272543,0
ENSG00000272545,0
ENSG00000272546,0
ENSG00000272549,1
ENSG00000272551,3
ENSG00000272554,0
ENSG00000272555,1
ENSG00000272556,76
ENSG00000272558,0
ENSG00000272559,0
ENSG00000272562,30
ENSG00000272563,0
ENSG00000272564,8
ENSG00000272566,0
ENSG00000272567,4
ENSG00000272568,215
ENSG00000272569,0
ENSG00000272572,14
ENSG00000272573,4
ENSG00000272574,7
ENSG00000272575,0
ENSG00000272576,6
ENSG00000272578,13
ENSG00000272579,363
ENSG00000272582,0
ENSG00000272583,3
ENSG00000272588,2
ENSG00000272589,4
ENSG00000272592,2
ENSG00000272593,0
ENSG00000272595,1
ENSG00000272597,2
ENSG00000272599,37
ENSG00000272600,0
ENSG00000272601,0
ENSG00000272602,548
ENSG00000272604,246
ENSG00000272606,21
ENSG00000272609,0
ENSG00000272610,11
ENSG00000272617,0
ENSG00000272619,0
ENSG00000272620,5
ENSG00000272622,29
ENSG00000272625,12
ENSG00000272626,35
ENSG00000272627,2
ENSG00000272630,25
ENSG00000272631,61
ENSG00000272632,1
ENSG00000272634,0
ENSG00000272635,0
ENSG00000272636,304
ENSG00000272638,0
ENSG00000272639,0
ENSG00000272642,0
ENSG00000272644,72
ENSG00000272645,254
ENSG00000272646,1
ENSG00000272647,4
ENSG00000272650,2
ENSG00000272654,76
ENSG00000272655,55
ENSG00000272656,4
ENSG00000272657,9
ENSG00000272659,14
ENSG00000272660,25
ENSG00000272661,0
ENSG00000272662,2
ENSG00000272663,30
ENSG00000272664,0
ENSG00000272666,28
ENSG00000272667,109
ENSG00000272668,14
ENSG00000272669,39
ENSG00000272672,1
ENSG00000272674,83
ENSG00000272676,0
ENSG00000272677,4
ENSG00000272678,0
ENSG00000272679,0
ENSG00000272681,0
ENSG00000272682,11
ENSG00000272685,0
ENSG00000272686,438
ENSG00000272688,0
ENSG00000272689,3
ENSG00000272690,25
ENSG00000272691,3
ENSG00000272692,18
ENSG00000272693,0
ENSG00000272694,0
ENSG00000272695,124
ENSG00000272696,37
ENSG00000272699,11
ENSG00000272701,20
ENSG00000272702,22
ENSG00000272703,1
ENSG00000272707,33
ENSG00000272710,0
ENSG00000272711,75
ENSG00000272714,0
ENSG00000272715,0
ENSG00000272716,11
ENSG00000272717,5
ENSG00000272719,2
ENSG00000272720,24
ENSG00000272721,26
ENSG00000272724,8
ENSG00000272727,2
ENSG00000272729,0
ENSG00000272732,87
ENSG00000272733,11
ENSG00000272734,164
ENSG00000272735,15
ENSG00000272736,0
ENSG00000272741,1
ENSG00000272742,0
ENSG00000272744,42
ENSG00000272745,8
ENSG00000272746,31
ENSG00000272748,0
ENSG00000272750,135
ENSG00000272752,96
ENSG00000272754,1
ENSG00000272755,1
ENSG00000272758,96
ENSG00000272760,67
ENSG00000272762,0
ENSG00000272763,5
ENSG00000272764,5
ENSG00000272767,26
ENSG00000272768,6
ENSG00000272769,13
ENSG00000272770,0
ENSG00000272772,0
ENSG00000272774,0
ENSG00000272777,9
ENSG00000272779,234
ENSG00000272780,0
ENSG00000272783,3
ENSG00000272784,3
ENSG00000272787,10
ENSG00000272788,2
ENSG00000272789,1
ENSG00000272791,87
ENSG00000272792,1
ENSG00000272795,5
ENSG00000272797,0
ENSG00000272798,0
ENSG00000272799,7
ENSG00000272800,15
ENSG00000272801,0
ENSG00000272804,0
ENSG00000272807,37
ENSG00000272808,143
ENSG00000272810,2
ENSG00000272812,4
ENSG00000272814,0
ENSG00000272815,0
ENSG00000272817,5
ENSG00000272821,276
ENSG00000272822,4
ENSG00000272823,0
ENSG00000272824,4
ENSG00000272825,21
ENSG00000272827,0
ENSG00000272829,27
ENSG00000272831,212
ENSG00000272832,2
ENSG00000272834,3
ENSG00000272836,15
ENSG00000272837,0
ENSG00000272839,7
ENSG00000272840,2
ENSG00000272841,146
ENSG00000272842,32
ENSG00000272843,1
ENSG00000272844,7
ENSG00000272848,17
ENSG00000272849,34
ENSG00000272851,0
ENSG00000272853,28
ENSG00000272854,5
ENSG00000272855,0
ENSG00000272856,0
ENSG00000272858,10
ENSG00000272861,13
ENSG00000272862,0
ENSG00000272864,7
ENSG00000272865,4
ENSG00000272866,1
ENSG00000272869,7
ENSG00000272870,76
ENSG00000272871,22
ENSG00000272872,11
ENSG00000272874,0
ENSG00000272880,0
ENSG00000272882,0
ENSG00000272884,0
ENSG00000272885,4
ENSG00000272886,1542
ENSG00000272887,0
ENSG00000272888,1624
ENSG00000272892,5
ENSG00000272894,251
ENSG00000272895,0
ENSG00000272896,1
ENSG00000272897,0
ENSG00000272899,17
ENSG00000272900,0
ENSG00000272902,69
ENSG00000272904,0
ENSG00000272905,3
ENSG00000272906,5
ENSG00000272908,11
ENSG00000272909,40
ENSG00000272910,50
ENSG00000272911,5
ENSG00000272912,0
ENSG00000272913,361
ENSG00000272914,20
ENSG00000272915,1
ENSG00000272916,5
ENSG00000272917,1
ENSG00000272918,24
ENSG00000272920,0
ENSG00000272921,1
ENSG00000272922,3
ENSG00000272923,0
ENSG00000272927,14
ENSG00000272931,32
ENSG00000272933,79
ENSG00000272934,0
ENSG00000272936,0
ENSG00000272937,0
ENSG00000272940,6
ENSG00000272941,21
ENSG00000272942,0
ENSG00000272944,3
ENSG00000272945,5
ENSG00000272948,2
ENSG00000272949,0
ENSG00000272950,4
ENSG00000272953,17
ENSG00000272954,10
ENSG00000272958,0
ENSG00000272963,0
ENSG00000272966,1
ENSG00000272967,0
ENSG00000272968,1
ENSG00000272969,8
ENSG00000272970,18
ENSG00000272971,1
ENSG00000272973,4
ENSG00000272975,3
ENSG00000272977,27
ENSG00000272979,5
ENSG00000272980,17
ENSG00000272981,0
ENSG00000272982,0
ENSG00000272983,10
ENSG00000272984,0
ENSG00000272986,25
ENSG00000272987,0
ENSG00000272988,0
ENSG00000272989,45
ENSG00000272990,17
ENSG00000272991,0
ENSG00000272993,0
ENSG00000272994,118
ENSG00000272995,0
ENSG00000273000,4
ENSG00000273001,5
ENSG00000273002,5
ENSG00000273003,1
ENSG00000273004,13
ENSG00000273006,1
ENSG00000273007,3
ENSG00000273008,9
ENSG00000273009,11
ENSG00000273010,14
ENSG00000273011,0
ENSG00000273012,1
ENSG00000273013,20
ENSG00000273014,44
ENSG00000273015,446
ENSG00000273017,12
ENSG00000273018,105
ENSG00000273019,0
ENSG00000273024,10
ENSG00000273025,0
ENSG00000273026,56
ENSG00000273027,30
ENSG00000273030,57
ENSG00000273032,19
ENSG00000273033,467
ENSG00000273035,6
ENSG00000273036,7
ENSG00000273038,229
ENSG00000273041,0
ENSG00000273044,0
ENSG00000273045,194
ENSG00000273046,3
ENSG00000273047,0
ENSG00000273048,0
ENSG00000273049,0
ENSG00000273051,0
ENSG00000273055,28
ENSG00000273056,7
ENSG00000273058,115
ENSG00000273059,1
ENSG00000273061,51
ENSG00000273062,11
ENSG00000273063,0
ENSG00000273064,21
ENSG00000273065,0
ENSG00000273066,39
ENSG00000273068,0
ENSG00000273069,2
ENSG00000273071,1
ENSG00000273073,1
ENSG00000273076,10
ENSG00000273077,2
ENSG00000273079,61
ENSG00000273080,63
ENSG00000273082,0
ENSG00000273084,68
ENSG00000273085,0
ENSG00000273088,0
ENSG00000273090,0
ENSG00000273091,27
ENSG00000273093,0
ENSG00000273096,4
ENSG00000273098,0
ENSG00000273100,5
ENSG00000273102,2
ENSG00000273104,0
ENSG00000273106,1
ENSG00000273107,4
ENSG00000273108,5
ENSG00000273110,0
ENSG00000273111,2
ENSG00000273112,0
ENSG00000273113,2
ENSG00000273115,1
ENSG00000273117,206
ENSG00000273118,1
ENSG00000273119,0
ENSG00000273123,3
ENSG00000273124,2
ENSG00000273125,5
ENSG00000273129,0
ENSG00000273132,20
ENSG00000273133,5
ENSG00000273136,238
ENSG00000273137,30
ENSG00000273138,1
ENSG00000273139,5
ENSG00000273141,0
ENSG00000273142,632
ENSG00000273143,3
ENSG00000273145,72
ENSG00000273148,21
ENSG00000273149,0
ENSG00000273151,34
ENSG00000273153,0
ENSG00000273154,52
ENSG00000273155,4
ENSG00000273156,9
ENSG00000273160,0
ENSG00000273162,68
ENSG00000273164,0
ENSG00000273165,1
ENSG00000273167,0
ENSG00000273170,0
ENSG00000273171,0
ENSG00000273172,0
ENSG00000273173,3
ENSG00000273174,53
ENSG00000273175,5
ENSG00000273176,0
ENSG00000273177,0
ENSG00000273179,34
ENSG00000273180,1
ENSG00000273181,12
ENSG00000273183,13
ENSG00000273184,3
ENSG00000273186,2
ENSG00000273188,12
ENSG00000273189,1
ENSG00000273192,43
ENSG00000273196,5
ENSG00000273198,0
ENSG00000273199,4
ENSG00000273203,3
ENSG00000273204,0
ENSG00000273209,11
ENSG00000273210,10
ENSG00000273211,0
ENSG00000273212,17
ENSG00000273213,0
ENSG00000273214,0
ENSG00000273216,11
ENSG00000273217,0
ENSG00000273218,13
ENSG00000273219,0
ENSG00000273221,0
ENSG00000273225,0
ENSG00000273226,41
ENSG00000273228,0
ENSG00000273230,25
ENSG00000273232,3
ENSG00000273233,0
ENSG00000273234,3
ENSG00000273237,241
ENSG00000273238,0
ENSG00000273240,13
ENSG00000273243,1
ENSG00000273244,0
ENSG00000273245,4
ENSG00000273247,342
ENSG00000273248,1
ENSG00000273249,1
ENSG00000273252,1
ENSG00000273253,18
ENSG00000273254,7
ENSG00000273255,0
ENSG00000273257,39
ENSG00000273258,3
ENSG00000273259,11
ENSG00000273261,22
ENSG00000273262,0
ENSG00000273264,2
ENSG00000273265,67
ENSG00000273267,0
ENSG00000273269,0
ENSG00000273270,1283
ENSG00000273271,64
ENSG00000273272,5
ENSG00000273274,0
ENSG00000273275,0
ENSG00000273284,26
ENSG00000273287,2
ENSG00000273288,0
ENSG00000273289,3
ENSG00000273291,3
ENSG00000273293,1
ENSG00000273294,5
ENSG00000273295,32
ENSG00000273297,12
ENSG00000273299,0
ENSG00000273300,0
ENSG00000273301,2
ENSG00000273302,6
ENSG00000273303,0
ENSG00000273305,26
ENSG00000273306,28
ENSG00000273307,0
ENSG00000273308,15
ENSG00000273311,33
ENSG00000273312,0
ENSG00000273313,9
ENSG00000273314,398
ENSG00000273319,2
ENSG00000273320,38
ENSG00000273321,7
ENSG00000273325,0
ENSG00000273327,0
ENSG00000273328,730
ENSG00000273329,222
ENSG00000273330,0
ENSG00000273331,0
ENSG00000273333,1
ENSG00000273335,5
ENSG00000273336,0
ENSG00000273338,3
ENSG00000273340,7
ENSG00000273341,7
ENSG00000273342,3
ENSG00000273343,12
ENSG00000273344,421
ENSG00000273345,5
ENSG00000273348,1
ENSG00000273350,7
ENSG00000273352,22
ENSG00000273353,0
ENSG00000273355,48
ENSG00000273356,15
ENSG00000273360,0
ENSG00000273361,5
ENSG00000273362,1
ENSG00000273363,2
ENSG00000273365,3
ENSG00000273366,55
ENSG00000273367,28
ENSG00000273368,2
ENSG00000273369,1
ENSG00000273370,0
ENSG00000273372,0
ENSG00000273373,75
ENSG00000273374,5
ENSG00000273375,1
ENSG00000273377,0
ENSG00000273381,8
ENSG00000273382,46
ENSG00000273384,8
ENSG00000273387,21
ENSG00000273388,12
ENSG00000273389,1
ENSG00000273391,42
ENSG00000273394,4
ENSG00000273396,0
ENSG00000273398,1
ENSG00000273399,1
ENSG00000273402,6
ENSG00000273403,8
ENSG00000273406,0
ENSG00000273407,1
ENSG00000273408,0
ENSG00000273409,0
ENSG00000273413,0
ENSG00000273415,0
ENSG00000273416,7
ENSG00000273419,3
ENSG00000273420,0
ENSG00000273423,0
ENSG00000273424,3
ENSG00000273428,1
ENSG00000273432,0
ENSG00000273433,0
ENSG00000273434,0
ENSG00000273437,10
ENSG00000273442,1
ENSG00000273443,4
ENSG00000273444,1
ENSG00000273445,8
ENSG00000273447,24
ENSG00000273448,33
ENSG00000273449,11
ENSG00000273450,7
ENSG00000273451,0
ENSG00000273454,0
ENSG00000273455,3
ENSG00000273456,255
ENSG00000273461,0
ENSG00000273464,1
ENSG00000273466,51
ENSG00000273471,0
ENSG00000273472,65
ENSG00000273473,12
ENSG00000273474,4
ENSG00000273476,4
ENSG00000273478,54
ENSG00000273481,1
ENSG00000273483,4
ENSG00000273484,0
ENSG00000273485,0
ENSG00000273486,40
ENSG00000273487,11
ENSG00000273489,11
ENSG00000273492,11
ENSG00000273493,8
ENSG00000273497,0
ENSG00000273499,0
ENSG00000273500,0
ENSG00000273504,0
ENSG00000273507,1
ENSG00000273509,2
ENSG00000273512,0
ENSG00000273513,0
ENSG00000273514,0
ENSG00000273515,0
ENSG00000273516,0
ENSG00000273520,0
ENSG00000273521,2
ENSG00000273523,1
ENSG00000273524,1
ENSG00000273527,0
ENSG00000273530,0
ENSG00000273531,0
ENSG00000273534,0
ENSG00000273536,0
ENSG00000273537,0
ENSG00000273540,0
ENSG00000273541,0
ENSG00000273542,16
ENSG00000273544,0
ENSG00000273545,0
ENSG00000273547,0
ENSG00000273549,0
ENSG00000273550,0
ENSG00000273551,0
ENSG00000273552,1
ENSG00000273553,0
ENSG00000273555,3
ENSG00000273556,2
ENSG00000273557,5
ENSG00000273558,0
ENSG00000273559,584
ENSG00000273560,0
ENSG00000273561,0
ENSG00000273565,6
ENSG00000273566,0
ENSG00000273567,0
ENSG00000273568,17
ENSG00000273569,0
ENSG00000273570,0
ENSG00000273571,0
ENSG00000273573,0
ENSG00000273576,325
ENSG00000273577,3
ENSG00000273580,0
ENSG00000273581,0
ENSG00000273582,0
ENSG00000273583,0
ENSG00000273584,0
ENSG00000273585,2
ENSG00000273586,116
ENSG00000273587,0
ENSG00000273588,0
ENSG00000273589,0
ENSG00000273590,0
ENSG00000273591,0
ENSG00000273593,0
ENSG00000273595,0
ENSG00000273596,0
ENSG00000273597,4
ENSG00000273598,0
ENSG00000273599,58
ENSG00000273600,0
ENSG00000273604,834
ENSG00000273606,1
ENSG00000273609,0
ENSG00000273610,0
ENSG00000273611,695
ENSG00000273612,0
ENSG00000273613,0
ENSG00000273614,0
ENSG00000273615,116
ENSG00000273618,1
ENSG00000273619,103
ENSG00000273621,0
ENSG00000273623,0
ENSG00000273626,0
ENSG00000273627,0
ENSG00000273628,1
ENSG00000273629,0
ENSG00000273630,0
ENSG00000273631,0
ENSG00000273632,0
ENSG00000273634,0
ENSG00000273637,5
ENSG00000273639,12
ENSG00000273640,0
ENSG00000273643,0
ENSG00000273644,0
ENSG00000273648,0
ENSG00000273650,4
ENSG00000273653,0
ENSG00000273654,2
ENSG00000273657,0
ENSG00000273658,0
ENSG00000273659,0
ENSG00000273662,2
ENSG00000273663,0
ENSG00000273664,0
ENSG00000273665,0
ENSG00000273667,0
ENSG00000273668,0
ENSG00000273669,40
ENSG00000273672,0
ENSG00000273674,8
ENSG00000273675,0
ENSG00000273676,0
ENSG00000273677,0
ENSG00000273678,0
ENSG00000273679,0
ENSG00000273680,28
ENSG00000273682,0
ENSG00000273684,0
ENSG00000273685,0
ENSG00000273687,3
ENSG00000273689,0
ENSG00000273690,0
ENSG00000273691,34
ENSG00000273692,0
ENSG00000273693,0
ENSG00000273694,0
ENSG00000273695,0
ENSG00000273696,0
ENSG00000273697,0
ENSG00000273698,0
ENSG00000273699,0
ENSG00000273700,0
ENSG00000273701,0
ENSG00000273702,1005
ENSG00000273703,1
ENSG00000273704,0
ENSG00000273705,0
ENSG00000273706,1
ENSG00000273709,0
ENSG00000273710,0
ENSG00000273711,0
ENSG00000273712,22
ENSG00000273717,0
ENSG00000273718,0
ENSG00000273719,0
ENSG00000273720,3
ENSG00000273721,0
ENSG00000273723,8
ENSG00000273724,8
ENSG00000273725,0
ENSG00000273727,3
ENSG00000273729,32
ENSG00000273731,0
ENSG00000273732,0
ENSG00000273733,11
ENSG00000273734,1
ENSG00000273736,0
ENSG00000273742,0
ENSG00000273743,0
ENSG00000273744,0
ENSG00000273745,0
ENSG00000273746,0
ENSG00000273747,12
ENSG00000273749,12265
ENSG00000273750,0
ENSG00000273751,0
ENSG00000273754,0
ENSG00000273756,0
ENSG00000273758,1
ENSG00000273759,89
ENSG00000273760,2
ENSG00000273762,0
ENSG00000273763,3
ENSG00000273765,2
ENSG00000273767,0
ENSG00000273768,0
ENSG00000273769,0
ENSG00000273771,5
ENSG00000273773,0
ENSG00000273774,0
ENSG00000273776,0
ENSG00000273777,1
ENSG00000273778,0
ENSG00000273781,3
ENSG00000273782,0
ENSG00000273783,154
ENSG00000273784,5
ENSG00000273786,5
ENSG00000273787,0
ENSG00000273788,0
ENSG00000273789,0
ENSG00000273790,0
ENSG00000273791,0
ENSG00000273792,18
ENSG00000273796,28
ENSG00000273797,3
ENSG00000273798,0
ENSG00000273800,0
ENSG00000273801,0
ENSG00000273802,463
ENSG00000273804,0
ENSG00000273805,0
ENSG00000273806,0
ENSG00000273809,0
ENSG00000273810,0
ENSG00000273811,2
ENSG00000273812,94
ENSG00000273813,0
ENSG00000273816,0
ENSG00000273817,0
ENSG00000273818,0
ENSG00000273819,0
ENSG00000273820,282
ENSG00000273821,41
ENSG00000273823,1
ENSG00000273824,7
ENSG00000273825,0
ENSG00000273826,0
ENSG00000273828,1
ENSG00000273829,0
ENSG00000273830,0
ENSG00000273832,0
ENSG00000273834,0
ENSG00000273835,0
ENSG00000273836,0
ENSG00000273837,17
ENSG00000273838,19
ENSG00000273840,0
ENSG00000273841,2356
ENSG00000273842,0
ENSG00000273844,0
ENSG00000273846,0
ENSG00000273848,0
ENSG00000273849,0
ENSG00000273851,0
ENSG00000273853,0
ENSG00000273854,0
ENSG00000273855,0
ENSG00000273857,0
ENSG00000273858,0
ENSG00000273860,0
ENSG00000273862,0
ENSG00000273863,0
ENSG00000273866,2
ENSG00000273868,0
ENSG00000273870,1
ENSG00000273872,0
ENSG00000273874,0
ENSG00000273876,0
ENSG00000273877,0
ENSG00000273878,0
ENSG00000273879,0
ENSG00000273882,0
ENSG00000273885,0
ENSG00000273886,0
ENSG00000273888,23
ENSG00000273890,0
ENSG00000273891,17
ENSG00000273892,0
ENSG00000273893,27
ENSG00000273894,0
ENSG00000273895,0
ENSG00000273897,0
ENSG00000273898,0
ENSG00000273899,203
ENSG00000273900,0
ENSG00000273901,24
ENSG00000273902,0
ENSG00000273903,1
ENSG00000273904,0
ENSG00000273906,0
ENSG00000273907,0
ENSG00000273908,0
ENSG00000273910,0
ENSG00000273912,0
ENSG00000273913,0
ENSG00000273915,0
ENSG00000273917,0
ENSG00000273919,0
ENSG00000273920,5
ENSG00000273923,0
ENSG00000273925,3
ENSG00000273926,0
ENSG00000273927,0
ENSG00000273930,0
ENSG00000273932,0
ENSG00000273933,1
ENSG00000273939,0
ENSG00000273940,0
ENSG00000273941,3
ENSG00000273942,0
ENSG00000273945,0
ENSG00000273946,1
ENSG00000273948,0
ENSG00000273949,0
ENSG00000273950,3
ENSG00000273951,27
ENSG00000273952,0
ENSG00000273956,0
ENSG00000273957,2
ENSG00000273958,0
ENSG00000273960,0
ENSG00000273961,0
ENSG00000273962,2
ENSG00000273963,0
ENSG00000273964,0
ENSG00000273965,2
ENSG00000273966,0
ENSG00000273971,1
ENSG00000273972,4
ENSG00000273973,5
ENSG00000273974,0
ENSG00000273975,2
ENSG00000273976,0
ENSG00000273978,0
ENSG00000273979,0
ENSG00000273980,7
ENSG00000273981,0
ENSG00000273982,24
ENSG00000273983,135
ENSG00000273985,0
ENSG00000273986,0
ENSG00000273987,2
ENSG00000273988,0
ENSG00000273989,1
ENSG00000273994,0
ENSG00000273996,0
ENSG00000273997,0
ENSG00000273998,8
ENSG00000273999,0
ENSG00000274001,2
ENSG00000274002,5
ENSG00000274004,0
ENSG00000274006,0
ENSG00000274008,0
ENSG00000274010,0
ENSG00000274011,2
ENSG00000274012,675
ENSG00000274013,0
ENSG00000274014,0
ENSG00000274015,6
ENSG00000274017,0
ENSG00000274019,0
ENSG00000274020,126
ENSG00000274021,4
ENSG00000274022,0
ENSG00000274023,1
ENSG00000274024,3
ENSG00000274025,0
ENSG00000274026,1
ENSG00000274027,0
ENSG00000274028,0
ENSG00000274029,0
ENSG00000274031,3
ENSG00000274033,0
ENSG00000274034,0
ENSG00000274037,0
ENSG00000274038,15
ENSG00000274043,0
ENSG00000274044,0
ENSG00000274046,0
ENSG00000274049,14
ENSG00000274051,5
ENSG00000274052,0
ENSG00000274054,0
ENSG00000274055,0
ENSG00000274056,0
ENSG00000274057,0
ENSG00000274059,0
ENSG00000274060,0
ENSG00000274061,0
ENSG00000274062,0
ENSG00000274064,0
ENSG00000274065,0
ENSG00000274066,2
ENSG00000274067,0
ENSG00000274068,0
ENSG00000274070,92
ENSG00000274072,0
ENSG00000274074,0
ENSG00000274075,0
ENSG00000274076,0
ENSG00000274077,0
ENSG00000274079,0
ENSG00000274080,23
ENSG00000274083,0
ENSG00000274086,0
ENSG00000274087,0
ENSG00000274088,0
ENSG00000274090,0
ENSG00000274091,0
ENSG00000274092,3
ENSG00000274093,0
ENSG00000274094,0
ENSG00000274095,0
ENSG00000274096,0
ENSG00000274097,0
ENSG00000274098,0
ENSG00000274099,0
ENSG00000274100,0
ENSG00000274102,0
ENSG00000274103,0
ENSG00000274104,62
ENSG00000274105,14
ENSG00000274111,0
ENSG00000274114,1
ENSG00000274115,0
ENSG00000274116,0
ENSG00000274118,0
ENSG00000274121,0
ENSG00000274124,0
ENSG00000274127,0
ENSG00000274128,1
ENSG00000274133,0
ENSG00000274134,3
ENSG00000274135,0
ENSG00000274139,0
ENSG00000274140,0
ENSG00000274141,0
ENSG00000274149,0
ENSG00000274150,0
ENSG00000274151,0
ENSG00000274153,0
ENSG00000274154,0
ENSG00000274155,0
ENSG00000274156,2
ENSG00000274157,0
ENSG00000274159,2
ENSG00000274160,0
ENSG00000274162,0
ENSG00000274164,0
ENSG00000274167,0
ENSG00000274168,0
ENSG00000274170,0
ENSG00000274172,18
ENSG00000274173,490
ENSG00000274177,0
ENSG00000274178,0
ENSG00000274180,1372
ENSG00000274181,0
ENSG00000274182,0
ENSG00000274183,0
ENSG00000274184,14
ENSG00000274186,0
ENSG00000274188,0
ENSG00000274190,0
ENSG00000274191,5
ENSG00000274196,0
ENSG00000274197,0
ENSG00000274198,1
ENSG00000274199,0
ENSG00000274200,0
ENSG00000274203,0
ENSG00000274204,9
ENSG00000274206,0
ENSG00000274207,0
ENSG00000274209,2
ENSG00000274210,3
ENSG00000274211,607
ENSG00000274212,0
ENSG00000274213,97
ENSG00000274214,0
ENSG00000274215,1
ENSG00000274216,0
ENSG00000274219,0
ENSG00000274220,142
ENSG00000274222,0
ENSG00000274223,0
ENSG00000274225,32
ENSG00000274226,0
ENSG00000274227,4
ENSG00000274228,0
ENSG00000274230,0
ENSG00000274231,0
ENSG00000274234,0
ENSG00000274235,0
ENSG00000274237,10
ENSG00000274238,0
ENSG00000274241,0
ENSG00000274242,0
ENSG00000274244,0
ENSG00000274245,8
ENSG00000274246,6
ENSG00000274248,1
ENSG00000274250,0
ENSG00000274251,2
ENSG00000274252,0
ENSG00000274253,6
ENSG00000274255,0
ENSG00000274256,0
ENSG00000274258,0
ENSG00000274259,0
ENSG00000274261,0
ENSG00000274263,0
ENSG00000274265,103
ENSG00000274266,0
ENSG00000274267,39
ENSG00000274268,0
ENSG00000274269,1
ENSG00000274270,9
ENSG00000274272,110
ENSG00000274274,0
ENSG00000274275,1
ENSG00000274276,1
ENSG00000274277,0
ENSG00000274278,0
ENSG00000274279,0
ENSG00000274280,0
ENSG00000274281,3
ENSG00000274282,0
ENSG00000274284,0
ENSG00000274286,64
ENSG00000274289,0
ENSG00000274290,11
ENSG00000274292,16
ENSG00000274293,0
ENSG00000274294,0
ENSG00000274295,3
ENSG00000274297,0
ENSG00000274298,0
ENSG00000274299,0
ENSG00000274300,0
ENSG00000274301,0
ENSG00000274302,0
ENSG00000274303,0
ENSG00000274304,0
ENSG00000274306,0
ENSG00000274307,19
ENSG00000274308,0
ENSG00000274309,0
ENSG00000274310,0
ENSG00000274312,2
ENSG00000274314,0
ENSG00000274315,13
ENSG00000274316,0
ENSG00000274317,142
ENSG00000274319,1
ENSG00000274321,0
ENSG00000274322,3
ENSG00000274325,0
ENSG00000274326,0
ENSG00000274328,2
ENSG00000274329,0
ENSG00000274330,0
ENSG00000274331,1
ENSG00000274333,8
ENSG00000274335,0
ENSG00000274340,4
ENSG00000274341,8
ENSG00000274342,0
ENSG00000274343,0
ENSG00000274344,0
ENSG00000274346,0
ENSG00000274347,0
ENSG00000274349,70
ENSG00000274350,0
ENSG00000274351,0
ENSG00000274353,0
ENSG00000274354,0
ENSG00000274355,0
ENSG00000274356,0
ENSG00000274357,0
ENSG00000274358,2
ENSG00000274363,7
ENSG00000274364,1
ENSG00000274365,0
ENSG00000274366,0
ENSG00000274367,17
ENSG00000274368,0
ENSG00000274369,7
ENSG00000274370,5
ENSG00000274372,7
ENSG00000274373,16
ENSG00000274374,2
ENSG00000274376,2
ENSG00000274377,0
ENSG00000274378,0
ENSG00000274379,0
ENSG00000274380,0
ENSG00000274381,0
ENSG00000274383,25
ENSG00000274385,0
ENSG00000274386,22
ENSG00000274387,0
ENSG00000274388,0
ENSG00000274389,0
ENSG00000274390,0
ENSG00000274391,0
ENSG00000274395,0
ENSG00000274396,0
ENSG00000274397,1
ENSG00000274398,0
ENSG00000274400,3
ENSG00000274403,5
ENSG00000274408,0
ENSG00000274409,0
ENSG00000274414,14
ENSG00000274415,0
ENSG00000274416,0
ENSG00000274417,0
ENSG00000274419,0
ENSG00000274420,0
ENSG00000274421,0
ENSG00000274422,50
ENSG00000274423,0
ENSG00000274424,0
ENSG00000274425,75
ENSG00000274426,0
ENSG00000274427,3
ENSG00000274428,1
ENSG00000274430,0
ENSG00000274431,0
ENSG00000274432,0
ENSG00000274433,0
ENSG00000274441,0
ENSG00000274443,1
ENSG00000274444,1
ENSG00000274445,0
ENSG00000274446,0
ENSG00000274447,36
ENSG00000274448,0
ENSG00000274450,0
ENSG00000274451,0
ENSG00000274452,0
ENSG00000274453,0
ENSG00000274455,0
ENSG00000274457,0
ENSG00000274458,0
ENSG00000274459,0
ENSG00000274460,8
ENSG00000274461,6
ENSG00000274464,0
ENSG00000274466,0
ENSG00000274467,0
ENSG00000274468,0
ENSG00000274469,0
ENSG00000274470,0
ENSG00000274471,23
ENSG00000274472,0
ENSG00000274475,2
ENSG00000274478,0
ENSG00000274479,0
ENSG00000274481,0
ENSG00000274483,8
ENSG00000274484,0
ENSG00000274486,0
ENSG00000274487,2
ENSG00000274489,0
ENSG00000274490,0
ENSG00000274491,0
ENSG00000274492,4
ENSG00000274493,1
ENSG00000274494,0
ENSG00000274496,0
ENSG00000274499,0
ENSG00000274500,0
ENSG00000274501,7
ENSG00000274502,0
ENSG00000274503,0
ENSG00000274505,0
ENSG00000274507,0
ENSG00000274508,2
ENSG00000274509,4
ENSG00000274510,1
ENSG00000274512,16
ENSG00000274514,3
ENSG00000274515,4
ENSG00000274516,0
ENSG00000274519,0
ENSG00000274520,3
ENSG00000274521,0
ENSG00000274523,6044
ENSG00000274524,0
ENSG00000274525,4
ENSG00000274526,0
ENSG00000274527,0
ENSG00000274528,35
ENSG00000274529,0
ENSG00000274532,0
ENSG00000274535,0
ENSG00000274536,4
ENSG00000274537,0
ENSG00000274541,0
ENSG00000274544,0
ENSG00000274547,0
ENSG00000274548,0
ENSG00000274549,0
ENSG00000274550,0
ENSG00000274551,0
ENSG00000274552,0
ENSG00000274553,3
ENSG00000274554,3
ENSG00000274555,1
ENSG00000274557,0
ENSG00000274559,0
ENSG00000274560,1
ENSG00000274561,203
ENSG00000274562,0
ENSG00000274565,13
ENSG00000274568,0
ENSG00000274569,1
ENSG00000274570,0
ENSG00000274572,0
ENSG00000274576,69
ENSG00000274578,0
ENSG00000274579,0
ENSG00000274582,0
ENSG00000274583,0
ENSG00000274584,0
ENSG00000274585,0
ENSG00000274588,0
ENSG00000274589,0
ENSG00000274590,0
ENSG00000274591,0
ENSG00000274592,0
ENSG00000274594,1
ENSG00000274596,0
ENSG00000274598,1
ENSG00000274599,0
ENSG00000274600,5
ENSG00000274601,0
ENSG00000274602,50
ENSG00000274603,0
ENSG00000274604,0
ENSG00000274605,1161
ENSG00000274606,0
ENSG00000274607,0
ENSG00000274611,0
ENSG00000274612,1
ENSG00000274614,1
ENSG00000274615,1
ENSG00000274617,0
ENSG00000274618,0
ENSG00000274620,2
ENSG00000274621,1
ENSG00000274622,0
ENSG00000274624,1
ENSG00000274625,0
ENSG00000274627,62
ENSG00000274628,0
ENSG00000274629,3
ENSG00000274630,0
ENSG00000274631,0
ENSG00000274632,0
ENSG00000274633,0
ENSG00000274634,0
ENSG00000274635,0
ENSG00000274637,0
ENSG00000274640,0
ENSG00000274641,14
ENSG00000274642,3
ENSG00000274645,0
ENSG00000274647,0
ENSG00000274648,0
ENSG00000274649,0
ENSG00000274652,0
ENSG00000274653,42
ENSG00000274654,0
ENSG00000274655,0
ENSG00000274656,0
ENSG00000274658,0
ENSG00000274659,1
ENSG00000274660,0
ENSG00000274662,0
ENSG00000274663,0
ENSG00000274664,0
ENSG00000274666,2
ENSG00000274667,26
ENSG00000274668,0
ENSG00000274670,0
ENSG00000274673,0
ENSG00000274674,0
ENSG00000274677,16
ENSG00000274678,10
ENSG00000274680,1
ENSG00000274682,0
ENSG00000274683,0
ENSG00000274685,0
ENSG00000274686,0
ENSG00000274688,0
ENSG00000274689,0
ENSG00000274691,0
ENSG00000274693,0
ENSG00000274694,0
ENSG00000274695,0
ENSG00000274697,0
ENSG00000274698,1
ENSG00000274701,0
ENSG00000274702,0
ENSG00000274704,0
ENSG00000274705,0
ENSG00000274709,0
ENSG00000274711,0
ENSG00000274712,238
ENSG00000274713,0
ENSG00000274716,0
ENSG00000274717,0
ENSG00000274718,0
ENSG00000274719,0
ENSG00000274721,0
ENSG00000274723,1
ENSG00000274725,0
ENSG00000274727,0
ENSG00000274728,0
ENSG00000274730,0
ENSG00000274732,0
ENSG00000274735,0
ENSG00000274736,15
ENSG00000274737,4
ENSG00000274740,0
ENSG00000274742,0
ENSG00000274743,0
ENSG00000274744,0
ENSG00000274747,0
ENSG00000274748,0
ENSG00000274749,0
ENSG00000274750,53
ENSG00000274751,1
ENSG00000274752,6
ENSG00000274753,0
ENSG00000274755,0
ENSG00000274756,5
ENSG00000274758,0
ENSG00000274759,0
ENSG00000274760,0
ENSG00000274761,0
ENSG00000274762,0
ENSG00000274764,0
ENSG00000274765,1
ENSG00000274766,0
ENSG00000274767,9
ENSG00000274769,17
ENSG00000274770,0
ENSG00000274772,0
ENSG00000274773,0
ENSG00000274775,1
ENSG00000274776,1
ENSG00000274777,0
ENSG00000274778,0
ENSG00000274784,0
ENSG00000274787,0
ENSG00000274790,0
ENSG00000274791,0
ENSG00000274793,0
ENSG00000274794,0
ENSG00000274797,2
ENSG00000274798,6
ENSG00000274799,0
ENSG00000274800,1
ENSG00000274802,0
ENSG00000274805,0
ENSG00000274808,0
ENSG00000274809,0
ENSG00000274810,2
ENSG00000274813,0
ENSG00000274814,0
ENSG00000274815,0
ENSG00000274816,1
ENSG00000274817,3
ENSG00000274818,50
ENSG00000274819,0
ENSG00000274820,0
ENSG00000274822,0
ENSG00000274823,0
ENSG00000274824,0
ENSG00000274825,12
ENSG00000274827,190
ENSG00000274828,199
ENSG00000274831,0
ENSG00000274832,0
ENSG00000274833,0
ENSG00000274834,0
ENSG00000274835,0
ENSG00000274836,0
ENSG00000274837,0
ENSG00000274838,0
ENSG00000274840,0
ENSG00000274841,0
ENSG00000274844,0
ENSG00000274845,0
ENSG00000274848,0
ENSG00000274849,15
ENSG00000274852,0
ENSG00000274855,0
ENSG00000274856,0
ENSG00000274859,0
ENSG00000274860,0
ENSG00000274862,0
ENSG00000274863,0
ENSG00000274864,0
ENSG00000274866,0
ENSG00000274867,0
ENSG00000274868,0
ENSG00000274869,0
ENSG00000274871,0
ENSG00000274872,0
ENSG00000274874,2
ENSG00000274877,4
ENSG00000274878,0
ENSG00000274879,0
ENSG00000274880,0
ENSG00000274883,0
ENSG00000274884,0
ENSG00000274885,0
ENSG00000274886,0
ENSG00000274888,0
ENSG00000274890,0
ENSG00000274892,0
ENSG00000274893,0
ENSG00000274895,0
ENSG00000274897,50
ENSG00000274898,16
ENSG00000274899,0
ENSG00000274900,0
ENSG00000274901,0
ENSG00000274902,1
ENSG00000274903,0
ENSG00000274904,0
ENSG00000274910,0
ENSG00000274911,1
ENSG00000274913,0
ENSG00000274915,0
ENSG00000274916,0
ENSG00000274918,16
ENSG00000274919,0
ENSG00000274922,53
ENSG00000274923,0
ENSG00000274924,0
ENSG00000274925,37
ENSG00000274927,0
ENSG00000274928,0
ENSG00000274929,7
ENSG00000274930,0
ENSG00000274932,0
ENSG00000274933,0
ENSG00000274934,0
ENSG00000274937,1
ENSG00000274940,0
ENSG00000274943,22
ENSG00000274944,8
ENSG00000274949,36
ENSG00000274951,0
ENSG00000274954,0
ENSG00000274956,0
ENSG00000274959,0
ENSG00000274961,2
ENSG00000274962,0
ENSG00000274963,1
ENSG00000274964,28
ENSG00000274966,0
ENSG00000274967,0
ENSG00000274969,0
ENSG00000274970,0
ENSG00000274973,0
ENSG00000274975,0
ENSG00000274976,6
ENSG00000274977,0
ENSG00000274978,8
ENSG00000274979,8
ENSG00000274982,0
ENSG00000274983,0
ENSG00000274984,0
ENSG00000274985,0
ENSG00000274986,0
ENSG00000274987,7
ENSG00000274988,0
ENSG00000274991,2
ENSG00000274992,0
ENSG00000274993,0
ENSG00000274994,0
ENSG00000274995,0
ENSG00000274996,0
ENSG00000274997,9
ENSG00000274998,0
ENSG00000274999,0
ENSG00000275000,0
ENSG00000275001,0
ENSG00000275002,0
ENSG00000275004,18
ENSG00000275005,3
ENSG00000275006,0
ENSG00000275010,0
ENSG00000275011,0
ENSG00000275012,0
ENSG00000275014,0
ENSG00000275015,0
ENSG00000275016,0
ENSG00000275017,1
ENSG00000275020,0
ENSG00000275022,0
ENSG00000275023,2697
ENSG00000275024,2
ENSG00000275025,3
ENSG00000275026,0
ENSG00000275027,0
ENSG00000275029,0
ENSG00000275030,0
ENSG00000275033,0
ENSG00000275034,0
ENSG00000275036,0
ENSG00000275038,0
ENSG00000275039,0
ENSG00000275040,0
ENSG00000275041,0
ENSG00000275042,0
ENSG00000275043,0
ENSG00000275044,0
ENSG00000275046,0
ENSG00000275048,0
ENSG00000275052,7050
ENSG00000275053,0
ENSG00000275054,0
ENSG00000275055,18
ENSG00000275056,3
ENSG00000275058,0
ENSG00000275060,0
ENSG00000275061,0
ENSG00000275064,0
ENSG00000275065,0
ENSG00000275066,1427
ENSG00000275067,0
ENSG00000275068,0
ENSG00000275069,0
ENSG00000275070,2
ENSG00000275071,0
ENSG00000275072,0
ENSG00000275074,402
ENSG00000275075,0
ENSG00000275076,0
ENSG00000275077,0
ENSG00000275078,0
ENSG00000275084,2
ENSG00000275085,0
ENSG00000275088,3
ENSG00000275089,0
ENSG00000275090,0
ENSG00000275091,2
ENSG00000275092,1
ENSG00000275094,0
ENSG00000275096,0
ENSG00000275097,9
ENSG00000275098,0
ENSG00000275100,0
ENSG00000275101,0
ENSG00000275103,0
ENSG00000275105,0
ENSG00000275106,4
ENSG00000275107,0
ENSG00000275108,1
ENSG00000275109,0
ENSG00000275110,0
ENSG00000275111,479
ENSG00000275113,0
ENSG00000275114,0
ENSG00000275115,0
ENSG00000275119,1
ENSG00000275120,5
ENSG00000275121,0
ENSG00000275124,0
ENSG00000275126,1
ENSG00000275127,0
ENSG00000275128,0
ENSG00000275129,0
ENSG00000275130,0
ENSG00000275131,95
ENSG00000275132,1
ENSG00000275134,0
ENSG00000275135,0
ENSG00000275138,0
ENSG00000275139,0
ENSG00000275140,0
ENSG00000275141,0
ENSG00000275142,16
ENSG00000275143,0
ENSG00000275144,0
ENSG00000275146,0
ENSG00000275147,2
ENSG00000275149,8
ENSG00000275152,3
ENSG00000275154,0
ENSG00000275155,8
ENSG00000275157,0
ENSG00000275158,1
ENSG00000275159,0
ENSG00000275160,11
ENSG00000275161,0
ENSG00000275162,1
ENSG00000275163,0
ENSG00000275166,4
ENSG00000275167,0
ENSG00000275170,0
ENSG00000275173,0
ENSG00000275174,0
ENSG00000275175,2
ENSG00000275178,6
ENSG00000275179,0
ENSG00000275180,11
ENSG00000275182,0
ENSG00000275183,383
ENSG00000275184,0
ENSG00000275185,0
ENSG00000275186,4
ENSG00000275191,23
ENSG00000275194,0
ENSG00000275197,2
ENSG00000275198,38
ENSG00000275200,0
ENSG00000275201,0
ENSG00000275202,75
ENSG00000275206,0
ENSG00000275207,0
ENSG00000275208,2
ENSG00000275209,0
ENSG00000275210,0
ENSG00000275212,0
ENSG00000275213,0
ENSG00000275215,0
ENSG00000275216,3
ENSG00000275217,0
ENSG00000275218,0
ENSG00000275219,0
ENSG00000275220,0
ENSG00000275221,0
ENSG00000275222,0
ENSG00000275223,18
ENSG00000275224,0
ENSG00000275226,0
ENSG00000275227,1
ENSG00000275228,0
ENSG00000275229,0
ENSG00000275230,0
ENSG00000275231,0
ENSG00000275232,0
ENSG00000275233,0
ENSG00000275234,505
ENSG00000275235,0
ENSG00000275236,1
ENSG00000275238,0
ENSG00000275239,0
ENSG00000275241,0
ENSG00000275243,0
ENSG00000275248,0
ENSG00000275250,0
ENSG00000275251,0
ENSG00000275252,0
ENSG00000275254,0
ENSG00000275256,0
ENSG00000275258,0
ENSG00000275259,0
ENSG00000275261,0
ENSG00000275263,5
ENSG00000275264,0
ENSG00000275265,0
ENSG00000275266,0
ENSG00000275267,0
ENSG00000275268,0
ENSG00000275270,0
ENSG00000275271,0
ENSG00000275273,0
ENSG00000275277,0
ENSG00000275278,0
ENSG00000275279,0
ENSG00000275280,0
ENSG00000275285,0
ENSG00000275286,0
ENSG00000275287,0
ENSG00000275291,3
ENSG00000275292,0
ENSG00000275293,0
ENSG00000275294,4
ENSG00000275295,0
ENSG00000275296,0
ENSG00000275297,0
ENSG00000275301,8
ENSG00000275302,361
ENSG00000275303,0
ENSG00000275305,0
ENSG00000275307,0
ENSG00000275309,0
ENSG00000275310,0
ENSG00000275312,0
ENSG00000275314,0
ENSG00000275315,0
ENSG00000275318,10
ENSG00000275319,0
ENSG00000275320,0
ENSG00000275322,27
ENSG00000275325,2
ENSG00000275327,0
ENSG00000275328,2
ENSG00000275329,1
ENSG00000275332,1
ENSG00000275334,0
ENSG00000275335,0
ENSG00000275337,0
ENSG00000275339,3
ENSG00000275340,6
ENSG00000275342,1305
ENSG00000275343,3
ENSG00000275344,0
ENSG00000275345,6
ENSG00000275347,0
ENSG00000275348,0
ENSG00000275350,0
ENSG00000275352,0
ENSG00000275355,0
ENSG00000275356,0
ENSG00000275358,0
ENSG00000275359,0
ENSG00000275360,0
ENSG00000275361,0
ENSG00000275362,0
ENSG00000275363,0
ENSG00000275364,0
ENSG00000275367,4
ENSG00000275370,0
ENSG00000275371,3
ENSG00000275372,0
ENSG00000275373,0
ENSG00000275374,2
ENSG00000275377,0
ENSG00000275378,0
ENSG00000275379,1
ENSG00000275381,0
ENSG00000275382,0
ENSG00000275383,18
ENSG00000275385,742
ENSG00000275386,0
ENSG00000275387,0
ENSG00000275389,8
ENSG00000275390,0
ENSG00000275391,0
ENSG00000275392,0
ENSG00000275393,5
ENSG00000275395,315
ENSG00000275398,0
ENSG00000275400,357
ENSG00000275401,7
ENSG00000275402,0
ENSG00000275403,0
ENSG00000275406,0
ENSG00000275409,12
ENSG00000275410,0
ENSG00000275411,0
ENSG00000275413,17
ENSG00000275414,0
ENSG00000275417,0
ENSG00000275418,1
ENSG00000275419,0
ENSG00000275423,0
ENSG00000275425,0
ENSG00000275426,7
ENSG00000275427,0
ENSG00000275429,0
ENSG00000275431,0
ENSG00000275432,0
ENSG00000275437,40
ENSG00000275438,1
ENSG00000275439,0
ENSG00000275441,18
ENSG00000275443,1
ENSG00000275445,6
ENSG00000275446,0
ENSG00000275447,0
ENSG00000275448,0
ENSG00000275449,1
ENSG00000275450,1
ENSG00000275451,0
ENSG00000275453,0
ENSG00000275454,7
ENSG00000275455,0
ENSG00000275457,29
ENSG00000275458,0
ENSG00000275459,0
ENSG00000275460,0
ENSG00000275461,0
ENSG00000275464,399
ENSG00000275465,0
ENSG00000275466,0
ENSG00000275467,1
ENSG00000275468,2
ENSG00000275469,0
ENSG00000275475,1
ENSG00000275476,2
ENSG00000275479,10
ENSG00000275480,1
ENSG00000275481,10
ENSG00000275484,12
ENSG00000275485,2
ENSG00000275488,0
ENSG00000275489,2
ENSG00000275490,0
ENSG00000275491,38
ENSG00000275493,0
ENSG00000275494,72
ENSG00000275496,6
ENSG00000275497,0
ENSG00000275502,0
ENSG00000275503,0
ENSG00000275504,0
ENSG00000275505,0
ENSG00000275506,1
ENSG00000275507,0
ENSG00000275508,0
ENSG00000275509,0
ENSG00000275510,0
ENSG00000275512,0
ENSG00000275515,1
ENSG00000275516,0
ENSG00000275518,0
ENSG00000275519,0
ENSG00000275520,0
ENSG00000275523,0
ENSG00000275524,0
ENSG00000275527,0
ENSG00000275529,0
ENSG00000275530,1
ENSG00000275532,11
ENSG00000275533,0
ENSG00000275534,0
ENSG00000275535,0
ENSG00000275537,0
ENSG00000275538,1
ENSG00000275540,2
ENSG00000275541,0
ENSG00000275542,9
ENSG00000275547,0
ENSG00000275549,5
ENSG00000275550,0
ENSG00000275552,9
ENSG00000275553,0
ENSG00000275554,0
ENSG00000275557,25
ENSG00000275558,0
ENSG00000275559,0
ENSG00000275560,29
ENSG00000275562,2
ENSG00000275563,0
ENSG00000275567,2
ENSG00000275569,4
ENSG00000275572,0
ENSG00000275576,6
ENSG00000275578,0
ENSG00000275580,23
ENSG00000275582,17
ENSG00000275585,0
ENSG00000275586,0
ENSG00000275588,0
ENSG00000275589,0
ENSG00000275591,3
ENSG00000275592,0
ENSG00000275595,0
ENSG00000275597,0
ENSG00000275598,8
ENSG00000275601,1
ENSG00000275603,0
ENSG00000275604,0
ENSG00000275607,0
ENSG00000275609,1
ENSG00000275610,0
ENSG00000275611,0
ENSG00000275612,0
ENSG00000275613,0
ENSG00000275614,0
ENSG00000275616,0
ENSG00000275620,3
ENSG00000275622,0
ENSG00000275625,0
ENSG00000275628,0
ENSG00000275630,2
ENSG00000275631,0
ENSG00000275632,39
ENSG00000275634,0
ENSG00000275635,0
ENSG00000275636,2
ENSG00000275638,0
ENSG00000275640,0
ENSG00000275642,1
ENSG00000275643,0
ENSG00000275645,5
ENSG00000275646,0
ENSG00000275647,1
ENSG00000275649,0
ENSG00000275651,0
ENSG00000275652,0
ENSG00000275653,0
ENSG00000275654,0
ENSG00000275655,1
ENSG00000275656,0
ENSG00000275657,0
ENSG00000275662,0
ENSG00000275663,0
ENSG00000275664,0
ENSG00000275665,1
ENSG00000275666,0
ENSG00000275667,0
ENSG00000275668,0
ENSG00000275669,0
ENSG00000275670,0
ENSG00000275672,2
ENSG00000275673,0
ENSG00000275674,4
ENSG00000275675,2
ENSG00000275676,0
ENSG00000275677,0
ENSG00000275678,0
ENSG00000275680,0
ENSG00000275681,0
ENSG00000275682,0
ENSG00000275685,0
ENSG00000275686,0
ENSG00000275687,0
ENSG00000275688,0
ENSG00000275689,0
ENSG00000275690,0
ENSG00000275691,0
ENSG00000275692,0
ENSG00000275693,0
ENSG00000275694,0
ENSG00000275695,0
ENSG00000275696,0
ENSG00000275700,2107
ENSG00000275701,0
ENSG00000275702,0
ENSG00000275703,0
ENSG00000275704,0
ENSG00000275707,0
ENSG00000275708,0
ENSG00000275709,2
ENSG00000275710,7
ENSG00000275711,0
ENSG00000275713,1874
ENSG00000275714,31
ENSG00000275716,0
ENSG00000275718,0
ENSG00000275719,6
ENSG00000275720,1
ENSG00000275722,0
ENSG00000275725,0
ENSG00000275726,0
ENSG00000275727,1
ENSG00000275728,4
ENSG00000275729,0
ENSG00000275733,0
ENSG00000275734,11
ENSG00000275739,0
ENSG00000275740,4
ENSG00000275741,0
ENSG00000275742,0
ENSG00000275743,3
ENSG00000275745,0
ENSG00000275747,2
ENSG00000275756,0
ENSG00000275759,18
ENSG00000275761,0
ENSG00000275763,3
ENSG00000275764,512
ENSG00000275765,100
ENSG00000275767,0
ENSG00000275768,0
ENSG00000275769,5
ENSG00000275770,0
ENSG00000275771,0
ENSG00000275772,1
ENSG00000275773,0
ENSG00000275774,0
ENSG00000275776,0
ENSG00000275778,1
ENSG00000275783,0
ENSG00000275784,31
ENSG00000275785,0
ENSG00000275787,0
ENSG00000275788,0
ENSG00000275789,0
ENSG00000275790,0
ENSG00000275791,13
ENSG00000275793,28
ENSG00000275799,0
ENSG00000275800,0
ENSG00000275801,3
ENSG00000275802,0
ENSG00000275803,0
ENSG00000275805,7
ENSG00000275807,9
ENSG00000275808,0
ENSG00000275810,0
ENSG00000275811,0
ENSG00000275812,3
ENSG00000275813,0
ENSG00000275816,0
ENSG00000275818,0
ENSG00000275820,0
ENSG00000275823,0
ENSG00000275826,0
ENSG00000275827,0
ENSG00000275828,0
ENSG00000275829,0
ENSG00000275830,2
ENSG00000275831,0
ENSG00000275832,657
ENSG00000275833,5
ENSG00000275834,0
ENSG00000275835,1458
ENSG00000275836,0
ENSG00000275839,0
ENSG00000275840,0
ENSG00000275842,0
ENSG00000275845,0
ENSG00000275846,2
ENSG00000275847,0
ENSG00000275849,0
ENSG00000275850,5
ENSG00000275852,2
ENSG00000275853,0
ENSG00000275854,8
ENSG00000275856,0
ENSG00000275857,0
ENSG00000275858,24
ENSG00000275859,0
ENSG00000275860,0
ENSG00000275862,0
ENSG00000275863,0
ENSG00000275864,0
ENSG00000275866,0
ENSG00000275868,0
ENSG00000275870,0
ENSG00000275871,0
ENSG00000275874,4
ENSG00000275875,0
ENSG00000275876,0
ENSG00000275877,1
ENSG00000275878,0
ENSG00000275880,47
ENSG00000275881,0
ENSG00000275882,0
ENSG00000275883,0
ENSG00000275884,0
ENSG00000275888,17
ENSG00000275891,0
ENSG00000275892,0
ENSG00000275894,22
ENSG00000275895,3
ENSG00000275896,124
ENSG00000275897,15
ENSG00000275898,0
ENSG00000275899,0
ENSG00000275900,0
ENSG00000275901,1
ENSG00000275902,0
ENSG00000275904,0
ENSG00000275905,0
ENSG00000275906,0
ENSG00000275908,2
ENSG00000275909,1
ENSG00000275910,9
ENSG00000275912,0
ENSG00000275915,0
ENSG00000275916,0
ENSG00000275919,0
ENSG00000275922,0
ENSG00000275923,0
ENSG00000275924,1
ENSG00000275925,0
ENSG00000275926,0
ENSG00000275927,0
ENSG00000275928,0
ENSG00000275929,0
ENSG00000275930,0
ENSG00000275933,0
ENSG00000275934,0
ENSG00000275936,3
ENSG00000275939,2
ENSG00000275940,0
ENSG00000275942,0
ENSG00000275943,0
ENSG00000275944,0
ENSG00000275945,12
ENSG00000275948,0
ENSG00000275950,0
ENSG00000275952,0
ENSG00000275953,0
ENSG00000275954,0
ENSG00000275955,0
ENSG00000275956,6
ENSG00000275957,0
ENSG00000275958,0
ENSG00000275959,0
ENSG00000275961,0
ENSG00000275963,21
ENSG00000275964,46
ENSG00000275965,0
ENSG00000275966,1
ENSG00000275967,0
ENSG00000275968,0
ENSG00000275969,0
ENSG00000275971,0
ENSG00000275975,0
ENSG00000275976,0
ENSG00000275977,0
ENSG00000275978,0
ENSG00000275980,0
ENSG00000275981,2
ENSG00000275982,0
ENSG00000275986,0
ENSG00000275989,0
ENSG00000275992,0
ENSG00000275993,204
ENSG00000275994,0
ENSG00000275995,1
ENSG00000275996,0
ENSG00000275997,0
ENSG00000275998,0
ENSG00000276002,0
ENSG00000276003,0
ENSG00000276006,0
ENSG00000276007,73
ENSG00000276012,0
ENSG00000276014,0
ENSG00000276015,0
ENSG00000276018,0
ENSG00000276019,0
ENSG00000276023,807
ENSG00000276024,0
ENSG00000276026,13
ENSG00000276027,0
ENSG00000276029,0
ENSG00000276030,7
ENSG00000276031,0
ENSG00000276032,0
ENSG00000276036,0
ENSG00000276037,0
ENSG00000276038,0
ENSG00000276039,0
ENSG00000276040,0
ENSG00000276043,1871
ENSG00000276045,1122
ENSG00000276046,0
ENSG00000276047,1
ENSG00000276048,0
ENSG00000276050,0
ENSG00000276054,0
ENSG00000276055,0
ENSG00000276056,0
ENSG00000276057,0
ENSG00000276058,15
ENSG00000276059,0
ENSG00000276063,0
ENSG00000276064,0
ENSG00000276067,0
ENSG00000276070,143
ENSG00000276071,4
ENSG00000276073,164
ENSG00000276074,0
ENSG00000276075,17
ENSG00000276076,0
ENSG00000276077,0
ENSG00000276078,0
ENSG00000276079,0
ENSG00000276081,0
ENSG00000276083,0
ENSG00000276085,84
ENSG00000276087,1
ENSG00000276088,0
ENSG00000276089,0
ENSG00000276090,0
ENSG00000276092,2
ENSG00000276093,1
ENSG00000276094,0
ENSG00000276095,0
ENSG00000276096,3
ENSG00000276097,0
ENSG00000276098,0
ENSG00000276100,0
ENSG00000276101,0
ENSG00000276102,0
ENSG00000276103,4
ENSG00000276104,0
ENSG00000276105,0
ENSG00000276107,12
ENSG00000276108,0
ENSG00000276109,0
ENSG00000276110,0
ENSG00000276115,11
ENSG00000276116,7
ENSG00000276117,0
ENSG00000276118,0
ENSG00000276119,0
ENSG00000276121,0
ENSG00000276122,0
ENSG00000276123,0
ENSG00000276124,0
ENSG00000276127,0
ENSG00000276128,0
ENSG00000276131,21
ENSG00000276135,0
ENSG00000276136,22
ENSG00000276137,0
ENSG00000276138,0
ENSG00000276140,0
ENSG00000276141,22
ENSG00000276144,0
ENSG00000276147,1
ENSG00000276148,20
ENSG00000276149,0
ENSG00000276150,0
ENSG00000276151,0
ENSG00000276156,1
ENSG00000276157,0
ENSG00000276158,0
ENSG00000276160,0
ENSG00000276161,0
ENSG00000276162,0
ENSG00000276164,0
ENSG00000276165,0
ENSG00000276166,4
ENSG00000276168,0
ENSG00000276169,0
ENSG00000276170,10
ENSG00000276171,4
ENSG00000276172,0
ENSG00000276174,1
ENSG00000276176,0
ENSG00000276178,0
ENSG00000276179,0
ENSG00000276180,652
ENSG00000276181,0
ENSG00000276182,24
ENSG00000276183,0
ENSG00000276185,0
ENSG00000276188,6
ENSG00000276189,0
ENSG00000276193,0
ENSG00000276198,1
ENSG00000276200,1
ENSG00000276201,0
ENSG00000276202,0
ENSG00000276203,0
ENSG00000276204,0
ENSG00000276205,0
ENSG00000276206,0
ENSG00000276208,0
ENSG00000276210,0
ENSG00000276213,1
ENSG00000276214,0
ENSG00000276215,0
ENSG00000276216,2
ENSG00000276221,0
ENSG00000276223,8
ENSG00000276225,0
ENSG00000276229,0
ENSG00000276231,73
ENSG00000276232,0
ENSG00000276233,0
ENSG00000276234,671
ENSG00000276235,0
ENSG00000276236,1
ENSG00000276237,0
ENSG00000276240,0
ENSG00000276241,1
ENSG00000276242,0
ENSG00000276244,0
ENSG00000276246,0
ENSG00000276248,58
ENSG00000276250,3
ENSG00000276251,3
ENSG00000276252,0
ENSG00000276255,0
ENSG00000276257,0
ENSG00000276259,160
ENSG00000276261,11
ENSG00000276266,0
ENSG00000276269,0
ENSG00000276270,0
ENSG00000276271,0
ENSG00000276272,7
ENSG00000276273,0
ENSG00000276277,0
ENSG00000276278,0
ENSG00000276280,0
ENSG00000276281,0
ENSG00000276282,0
ENSG00000276283,0
ENSG00000276288,4
ENSG00000276289,2
ENSG00000276290,0
ENSG00000276291,122
ENSG00000276292,4
ENSG00000276293,2288
ENSG00000276294,0
ENSG00000276298,0
ENSG00000276301,0
ENSG00000276302,4
ENSG00000276304,0
ENSG00000276305,1
ENSG00000276308,0
ENSG00000276309,0
ENSG00000276311,0
ENSG00000276314,0
ENSG00000276315,0
ENSG00000276316,5
ENSG00000276317,8
ENSG00000276318,0
ENSG00000276319,0
ENSG00000276322,0
ENSG00000276325,0
ENSG00000276326,1
ENSG00000276331,0
ENSG00000276332,0
ENSG00000276334,61
ENSG00000276335,1
ENSG00000276337,41
ENSG00000276338,0
ENSG00000276347,0
ENSG00000276348,0
ENSG00000276350,0
ENSG00000276352,0
ENSG00000276353,0
ENSG00000276354,2
ENSG00000276359,0
ENSG00000276362,0
ENSG00000276365,0
ENSG00000276366,0
ENSG00000276368,24
ENSG00000276369,0
ENSG00000276372,0
ENSG00000276373,0
ENSG00000276375,0
ENSG00000276376,0
ENSG00000276380,0
ENSG00000276381,7
ENSG00000276384,3
ENSG00000276385,0
ENSG00000276386,3
ENSG00000276388,0
ENSG00000276389,0
ENSG00000276390,22
ENSG00000276391,1
ENSG00000276393,0
ENSG00000276396,0
ENSG00000276397,0
ENSG00000276398,0
ENSG00000276399,0
ENSG00000276400,0
ENSG00000276401,0
ENSG00000276403,0
ENSG00000276404,1
ENSG00000276405,7
ENSG00000276406,2
ENSG00000276407,0
ENSG00000276408,1
ENSG00000276409,69
ENSG00000276410,3
ENSG00000276411,0
ENSG00000276412,0
ENSG00000276413,0
ENSG00000276417,1
ENSG00000276418,9
ENSG00000276419,0
ENSG00000276422,0
ENSG00000276426,0
ENSG00000276427,0
ENSG00000276428,0
ENSG00000276430,0
ENSG00000276431,0
ENSG00000276434,3
ENSG00000276436,1
ENSG00000276442,0
ENSG00000276443,0
ENSG00000276444,0
ENSG00000276445,27
ENSG00000276449,22
ENSG00000276454,0
ENSG00000276456,0
ENSG00000276457,0
ENSG00000276460,0
ENSG00000276462,1
ENSG00000276467,0
ENSG00000276470,0
ENSG00000276471,0
ENSG00000276472,0
ENSG00000276473,2
ENSG00000276474,0
ENSG00000276475,0
ENSG00000276476,3
ENSG00000276477,0
ENSG00000276478,0
ENSG00000276479,0
ENSG00000276484,0
ENSG00000276486,0
ENSG00000276487,0
ENSG00000276488,9
ENSG00000276489,0
ENSG00000276490,0
ENSG00000276493,2
ENSG00000276494,0
ENSG00000276496,0
ENSG00000276499,0
ENSG00000276500,0
ENSG00000276502,0
ENSG00000276505,0
ENSG00000276506,0
ENSG00000276507,0
ENSG00000276508,0
ENSG00000276509,2
ENSG00000276510,0
ENSG00000276511,0
ENSG00000276513,0
ENSG00000276514,0
ENSG00000276515,0
ENSG00000276517,34
ENSG00000276519,0
ENSG00000276520,1
ENSG00000276521,0
ENSG00000276522,0
ENSG00000276523,10
ENSG00000276524,0
ENSG00000276525,0
ENSG00000276527,13
ENSG00000276528,0
ENSG00000276529,61
ENSG00000276530,0
ENSG00000276531,1
ENSG00000276532,0
ENSG00000276533,7
ENSG00000276535,0
ENSG00000276538,3
ENSG00000276540,0
ENSG00000276542,1
ENSG00000276543,0
ENSG00000276544,1
ENSG00000276545,11
ENSG00000276546,0
ENSG00000276547,1375
ENSG00000276548,0
ENSG00000276550,373
ENSG00000276554,0
ENSG00000276555,0
ENSG00000276556,0
ENSG00000276557,24
ENSG00000276558,0
ENSG00000276562,0
ENSG00000276563,0
ENSG00000276564,49
ENSG00000276566,11
ENSG00000276568,0
ENSG00000276569,0
ENSG00000276570,19
ENSG00000276571,15
ENSG00000276573,0
ENSG00000276574,1
ENSG00000276575,2
ENSG00000276576,0
ENSG00000276577,0
ENSG00000276578,0
ENSG00000276580,0
ENSG00000276581,0
ENSG00000276584,0
ENSG00000276586,0
ENSG00000276587,0
ENSG00000276588,0
ENSG00000276591,0
ENSG00000276592,0
ENSG00000276593,3
ENSG00000276596,0
ENSG00000276597,3
ENSG00000276598,0
ENSG00000276599,0
ENSG00000276600,157
ENSG00000276601,0
ENSG00000276602,0
ENSG00000276603,9
ENSG00000276605,0
ENSG00000276607,0
ENSG00000276609,0
ENSG00000276610,0
ENSG00000276612,1
ENSG00000276614,0
ENSG00000276617,0
ENSG00000276619,0
ENSG00000276620,0
ENSG00000276621,0
ENSG00000276622,0
ENSG00000276623,0
ENSG00000276624,0
ENSG00000276626,0
ENSG00000276627,0
ENSG00000276629,1
ENSG00000276631,0
ENSG00000276632,0
ENSG00000276633,0
ENSG00000276635,0
ENSG00000276637,0
ENSG00000276638,0
ENSG00000276639,0
ENSG00000276641,0
ENSG00000276642,0
ENSG00000276643,0
ENSG00000276644,82
ENSG00000276645,0
ENSG00000276647,0
ENSG00000276648,0
ENSG00000276649,8
ENSG00000276650,0
ENSG00000276651,1
ENSG00000276652,0
ENSG00000276653,0
ENSG00000276656,0
ENSG00000276659,1
ENSG00000276660,0
ENSG00000276661,0
ENSG00000276662,2
ENSG00000276663,7
ENSG00000276664,0
ENSG00000276667,0
ENSG00000276668,0
ENSG00000276669,0
ENSG00000276670,0
ENSG00000276672,122
ENSG00000276673,0
ENSG00000276674,0
ENSG00000276675,0
ENSG00000276677,0
ENSG00000276678,4
ENSG00000276680,0
ENSG00000276682,0
ENSG00000276683,0
ENSG00000276685,0
ENSG00000276687,0
ENSG00000276688,0
ENSG00000276689,0
ENSG00000276690,0
ENSG00000276691,9
ENSG00000276692,0
ENSG00000276693,0
ENSG00000276694,0
ENSG00000276695,0
ENSG00000276696,1
ENSG00000276698,56
ENSG00000276699,0
ENSG00000276702,7
ENSG00000276703,0
ENSG00000276704,3
ENSG00000276706,0
ENSG00000276707,0
ENSG00000276710,118
ENSG00000276712,4
ENSG00000276713,1
ENSG00000276715,0
ENSG00000276717,0
ENSG00000276718,31
ENSG00000276721,0
ENSG00000276722,0
ENSG00000276723,0
ENSG00000276724,0
ENSG00000276727,3
ENSG00000276728,16
ENSG00000276729,0
ENSG00000276730,0
ENSG00000276733,0
ENSG00000276735,0
ENSG00000276737,0
ENSG00000276738,0
ENSG00000276740,0
ENSG00000276741,0
ENSG00000276742,4
ENSG00000276743,0
ENSG00000276744,5
ENSG00000276745,0
ENSG00000276746,0
ENSG00000276747,4
ENSG00000276748,0
ENSG00000276750,0
ENSG00000276751,0
ENSG00000276752,0
ENSG00000276753,1
ENSG00000276754,0
ENSG00000276755,0
ENSG00000276756,0
ENSG00000276757,0
ENSG00000276758,1
ENSG00000276759,0
ENSG00000276762,0
ENSG00000276763,7
ENSG00000276764,0
ENSG00000276765,0
ENSG00000276768,0
ENSG00000276769,0
ENSG00000276770,0
ENSG00000276771,0
ENSG00000276772,2
ENSG00000276773,0
ENSG00000276775,15
ENSG00000276778,2
ENSG00000276782,0
ENSG00000276783,0
ENSG00000276784,0
ENSG00000276786,0
ENSG00000276788,0
ENSG00000276789,0
ENSG00000276790,0
ENSG00000276791,54
ENSG00000276792,0
ENSG00000276793,0
ENSG00000276795,0
ENSG00000276796,0
ENSG00000276797,0
ENSG00000276800,0
ENSG00000276801,0
ENSG00000276805,70
ENSG00000276807,0
ENSG00000276809,12
ENSG00000276810,0
ENSG00000276811,0
ENSG00000276812,0
ENSG00000276813,0
ENSG00000276814,18
ENSG00000276815,0
ENSG00000276817,0
ENSG00000276818,0
ENSG00000276819,7
ENSG00000276822,0
ENSG00000276823,0
ENSG00000276824,0
ENSG00000276827,0
ENSG00000276828,0
ENSG00000276829,0
ENSG00000276830,0
ENSG00000276831,6
ENSG00000276832,4
ENSG00000276835,0
ENSG00000276839,1
ENSG00000276840,9
ENSG00000276841,0
ENSG00000276842,3
ENSG00000276844,0
ENSG00000276845,0
ENSG00000276846,70
ENSG00000276850,5
ENSG00000276851,3
ENSG00000276852,0
ENSG00000276853,2
ENSG00000276854,0
ENSG00000276855,513
ENSG00000276857,0
ENSG00000276859,0
ENSG00000276861,0
ENSG00000276862,0
ENSG00000276863,1
ENSG00000276866,0
ENSG00000276867,2
ENSG00000276868,0
ENSG00000276869,0
ENSG00000276871,0
ENSG00000276873,0
ENSG00000276874,0
ENSG00000276877,0
ENSG00000276878,0
ENSG00000276883,0
ENSG00000276884,0
ENSG00000276888,0
ENSG00000276889,2
ENSG00000276890,0
ENSG00000276891,0
ENSG00000276892,0
ENSG00000276893,0
ENSG00000276894,0
ENSG00000276897,0
ENSG00000276898,0
ENSG00000276899,0
ENSG00000276900,1105
ENSG00000276902,0
ENSG00000276903,31
ENSG00000276904,0
ENSG00000276908,0
ENSG00000276911,0
ENSG00000276915,0
ENSG00000276916,9
ENSG00000276917,0
ENSG00000276918,0
ENSG00000276919,0
ENSG00000276921,0
ENSG00000276922,0
ENSG00000276923,0
ENSG00000276924,0
ENSG00000276925,2
ENSG00000276926,5
ENSG00000276927,0
ENSG00000276928,0
ENSG00000276929,0
ENSG00000276931,3
ENSG00000276933,0
ENSG00000276934,1
ENSG00000276939,0
ENSG00000276940,0
ENSG00000276941,0
ENSG00000276942,0
ENSG00000276943,0
ENSG00000276945,22
ENSG00000276949,0
ENSG00000276950,0
ENSG00000276951,0
ENSG00000276952,4
ENSG00000276953,9
ENSG00000276955,0
ENSG00000276956,0
ENSG00000276957,2
ENSG00000276958,0
ENSG00000276960,0
ENSG00000276961,0
ENSG00000276962,0
ENSG00000276963,0
ENSG00000276964,0
ENSG00000276965,0
ENSG00000276966,36
ENSG00000276967,0
ENSG00000276968,2
ENSG00000276972,0
ENSG00000276975,42
ENSG00000276978,0
ENSG00000276980,18
ENSG00000276984,2
ENSG00000276987,0
ENSG00000276988,1
ENSG00000276989,0
ENSG00000276990,0
ENSG00000276991,0
ENSG00000276992,0
ENSG00000276993,0
ENSG00000276995,18
ENSG00000276997,9
ENSG00000276998,0
ENSG00000277000,0
ENSG00000277001,0
ENSG00000277002,0
ENSG00000277003,0
ENSG00000277004,0
ENSG00000277007,21
ENSG00000277008,0
ENSG00000277009,0
ENSG00000277010,2
ENSG00000277011,0
ENSG00000277013,952
ENSG00000277014,0
ENSG00000277017,0
ENSG00000277020,3
ENSG00000277021,1
ENSG00000277022,9
ENSG00000277023,0
ENSG00000277024,0
ENSG00000277026,0
ENSG00000277027,0
ENSG00000277029,0
ENSG00000277030,15
ENSG00000277031,0
ENSG00000277034,0
ENSG00000277035,0
ENSG00000277039,0
ENSG00000277040,0
ENSG00000277041,0
ENSG00000277043,0
ENSG00000277045,0
ENSG00000277047,0
ENSG00000277049,0
ENSG00000277050,10
ENSG00000277051,6
ENSG00000277052,1
ENSG00000277053,149
ENSG00000277054,18
ENSG00000277056,0
ENSG00000277057,0
ENSG00000277058,0
ENSG00000277061,0
ENSG00000277062,0
ENSG00000277063,0
ENSG00000277064,0
ENSG00000277066,0
ENSG00000277067,0
ENSG00000277072,107
ENSG00000277073,1
ENSG00000277074,0
ENSG00000277075,439
ENSG00000277077,0
ENSG00000277081,0
ENSG00000277082,0
ENSG00000277083,0
ENSG00000277084,0
ENSG00000277087,0
ENSG00000277089,4
ENSG00000277095,0
ENSG00000277096,0
ENSG00000277097,0
ENSG00000277099,0
ENSG00000277100,0
ENSG00000277102,0
ENSG00000277103,0
ENSG00000277105,1
ENSG00000277108,0
ENSG00000277109,0
ENSG00000277112,0
ENSG00000277115,0
ENSG00000277116,0
ENSG00000277117,187
ENSG00000277118,1
ENSG00000277119,0
ENSG00000277120,0
ENSG00000277121,0
ENSG00000277122,0
ENSG00000277123,0
ENSG00000277124,0
ENSG00000277125,0
ENSG00000277127,3
ENSG00000277128,14
ENSG00000277129,2
ENSG00000277130,2
ENSG00000277133,0
ENSG00000277135,2
ENSG00000277136,0
ENSG00000277137,0
ENSG00000277138,0
ENSG00000277141,0
ENSG00000277142,15
ENSG00000277143,0
ENSG00000277144,3
ENSG00000277146,0
ENSG00000277147,108
ENSG00000277149,172
ENSG00000277150,1
ENSG00000277151,6
ENSG00000277152,2
ENSG00000277155,0
ENSG00000277156,4
ENSG00000277157,15
ENSG00000277158,0
ENSG00000277159,97
ENSG00000277160,0
ENSG00000277161,362
ENSG00000277162,0
ENSG00000277168,1
ENSG00000277169,0
ENSG00000277170,4
ENSG00000277171,0
ENSG00000277172,0
ENSG00000277173,0
ENSG00000277174,0
ENSG00000277180,0
ENSG00000277182,149
ENSG00000277184,0
ENSG00000277186,1
ENSG00000277188,0
ENSG00000277189,0
ENSG00000277191,0
ENSG00000277192,0
ENSG00000277194,0
ENSG00000277197,0
ENSG00000277198,0
ENSG00000277199,1
ENSG00000277200,29
ENSG00000277201,1
ENSG00000277202,0
ENSG00000277203,461
ENSG00000277204,0
ENSG00000277206,0
ENSG00000277207,0
ENSG00000277208,0
ENSG00000277209,0
ENSG00000277210,0
ENSG00000277211,0
ENSG00000277212,0
ENSG00000277213,0
ENSG00000277214,0
ENSG00000277215,3
ENSG00000277216,0
ENSG00000277217,0
ENSG00000277218,3
ENSG00000277223,0
ENSG00000277224,42
ENSG00000277225,0
ENSG00000277227,0
ENSG00000277228,0
ENSG00000277229,2
ENSG00000277231,0
ENSG00000277232,75
ENSG00000277233,0
ENSG00000277234,0
ENSG00000277235,22
ENSG00000277239,0
ENSG00000277241,1
ENSG00000277243,0
ENSG00000277244,0
ENSG00000277245,9
ENSG00000277246,2
ENSG00000277247,0
ENSG00000277248,0
ENSG00000277249,0
ENSG00000277250,0
ENSG00000277252,0
ENSG00000277253,0
ENSG00000277255,0
ENSG00000277257,0
ENSG00000277258,1720
ENSG00000277259,0
ENSG00000277260,0
ENSG00000277264,0
ENSG00000277265,0
ENSG00000277268,2
ENSG00000277269,0
ENSG00000277270,1
ENSG00000277274,0
ENSG00000277275,0
ENSG00000277277,0
ENSG00000277282,8
ENSG00000277283,121
ENSG00000277284,0
ENSG00000277285,0
ENSG00000277287,123
ENSG00000277288,2
ENSG00000277289,0
ENSG00000277290,14
ENSG00000277294,0
ENSG00000277295,0
ENSG00000277296,0
ENSG00000277297,0
ENSG00000277299,4
ENSG00000277300,0
ENSG00000277301,0
ENSG00000277302,0
ENSG00000277304,0
ENSG00000277305,0
ENSG00000277306,0
ENSG00000277308,0
ENSG00000277310,13
ENSG00000277311,2
ENSG00000277312,0
ENSG00000277313,0
ENSG00000277315,0
ENSG00000277319,0
ENSG00000277320,0
ENSG00000277321,0
ENSG00000277322,0
ENSG00000277323,0
ENSG00000277324,21
ENSG00000277325,0
ENSG00000277326,0
ENSG00000277327,0
ENSG00000277328,0
ENSG00000277329,0
ENSG00000277330,0
ENSG00000277331,0
ENSG00000277332,0
ENSG00000277333,2
ENSG00000277338,0
ENSG00000277340,0
ENSG00000277341,0
ENSG00000277342,3
ENSG00000277344,0
ENSG00000277346,0
ENSG00000277347,2
ENSG00000277348,1
ENSG00000277349,0
ENSG00000277350,1
ENSG00000277351,2
ENSG00000277352,0
ENSG00000277353,5
ENSG00000277357,0
ENSG00000277358,2
ENSG00000277360,0
ENSG00000277363,744
ENSG00000277367,0
ENSG00000277368,13
ENSG00000277369,37
ENSG00000277370,0
ENSG00000277371,0
ENSG00000277372,0
ENSG00000277373,0
ENSG00000277379,0
ENSG00000277382,1
ENSG00000277383,8
ENSG00000277385,0
ENSG00000277386,0
ENSG00000277387,1
ENSG00000277388,0
ENSG00000277391,0
ENSG00000277393,0
ENSG00000277394,14
ENSG00000277396,3
ENSG00000277397,0
ENSG00000277399,7
ENSG00000277402,0
ENSG00000277406,10
ENSG00000277408,0
ENSG00000277410,0
ENSG00000277411,0
ENSG00000277412,0
ENSG00000277413,0
ENSG00000277418,0
ENSG00000277420,8
ENSG00000277422,0
ENSG00000277423,1
ENSG00000277425,3
ENSG00000277426,0
ENSG00000277427,0
ENSG00000277433,0
ENSG00000277435,1
ENSG00000277436,0
ENSG00000277437,0
ENSG00000277438,0
ENSG00000277440,0
ENSG00000277441,0
ENSG00000277443,18115
ENSG00000277444,0
ENSG00000277446,0
ENSG00000277447,2
ENSG00000277448,0
ENSG00000277449,144
ENSG00000277450,1
ENSG00000277451,0
ENSG00000277452,0
ENSG00000277453,4
ENSG00000277455,0
ENSG00000277458,0
ENSG00000277459,8
ENSG00000277460,0
ENSG00000277462,697
ENSG00000277463,11
ENSG00000277464,0
ENSG00000277465,0
ENSG00000277466,0
ENSG00000277467,0
ENSG00000277468,0
ENSG00000277469,0
ENSG00000277472,0
ENSG00000277473,0
ENSG00000277474,0
ENSG00000277476,392
ENSG00000277478,1
ENSG00000277479,5
ENSG00000277481,3
ENSG00000277482,0
ENSG00000277483,0
ENSG00000277486,0
ENSG00000277487,0
ENSG00000277488,0
ENSG00000277489,0
ENSG00000277490,0
ENSG00000277491,2
ENSG00000277492,0
ENSG00000277493,2
ENSG00000277494,256
ENSG00000277496,45
ENSG00000277497,0
ENSG00000277498,2
ENSG00000277499,0
ENSG00000277500,0
ENSG00000277501,0
ENSG00000277502,0
ENSG00000277503,0
ENSG00000277504,4
ENSG00000277505,0
ENSG00000277506,0
ENSG00000277508,0
ENSG00000277509,0
ENSG00000277510,0
ENSG00000277511,49
ENSG00000277512,0
ENSG00000277513,0
ENSG00000277514,0
ENSG00000277515,0
ENSG00000277516,0
ENSG00000277519,0
ENSG00000277520,0
ENSG00000277521,0
ENSG00000277524,0
ENSG00000277526,0
ENSG00000277527,1
ENSG00000277528,0
ENSG00000277529,23
ENSG00000277531,1
ENSG00000277532,0
ENSG00000277533,0
ENSG00000277534,831
ENSG00000277535,0
ENSG00000277537,0
ENSG00000277539,1
ENSG00000277541,1
ENSG00000277542,0
ENSG00000277543,0
ENSG00000277544,0
ENSG00000277545,1
ENSG00000277547,0
ENSG00000277548,2
ENSG00000277549,0
ENSG00000277550,0
ENSG00000277553,0
ENSG00000277555,0
ENSG00000277556,0
ENSG00000277558,0
ENSG00000277559,59
ENSG00000277561,1
ENSG00000277562,0
ENSG00000277563,1
ENSG00000277565,0
ENSG00000277566,4
ENSG00000277568,5
ENSG00000277569,0
ENSG00000277572,3
ENSG00000277573,0
ENSG00000277575,0
ENSG00000277576,0
ENSG00000277577,0
ENSG00000277578,0
ENSG00000277579,0
ENSG00000277581,5
ENSG00000277582,0
ENSG00000277583,0
ENSG00000277586,2
ENSG00000277587,0
ENSG00000277588,0
ENSG00000277589,4
ENSG00000277590,0
ENSG00000277591,0
ENSG00000277592,1
ENSG00000277593,0
ENSG00000277595,2
ENSG00000277597,2
ENSG00000277598,0
ENSG00000277599,0
ENSG00000277601,0
ENSG00000277602,3
ENSG00000277604,0
ENSG00000277605,0
ENSG00000277608,0
ENSG00000277609,0
ENSG00000277610,1
ENSG00000277611,0
ENSG00000277612,0
ENSG00000277613,0
ENSG00000277617,0
ENSG00000277618,0
ENSG00000277619,1
ENSG00000277621,2
ENSG00000277622,0
ENSG00000277624,0
ENSG00000277627,0
ENSG00000277628,0
ENSG00000277631,3
ENSG00000277632,340
ENSG00000277634,1
ENSG00000277635,0
ENSG00000277636,0
ENSG00000277637,0
ENSG00000277639,19
ENSG00000277640,0
ENSG00000277644,0
ENSG00000277645,0
ENSG00000277646,0
ENSG00000277647,0
ENSG00000277648,0
ENSG00000277651,2
ENSG00000277652,0
ENSG00000277653,0
ENSG00000277654,3
ENSG00000277655,0
ENSG00000277661,0
ENSG00000277662,5
ENSG00000277663,0
ENSG00000277664,0
ENSG00000277665,0
ENSG00000277668,0
ENSG00000277669,0
ENSG00000277670,0
ENSG00000277671,0
ENSG00000277672,2
ENSG00000277673,0
ENSG00000277675,0
ENSG00000277677,0
ENSG00000277678,1
ENSG00000277681,1
ENSG00000277682,0
ENSG00000277683,0
ENSG00000277684,0
ENSG00000277685,0
ENSG00000277687,8
ENSG00000277688,0
ENSG00000277689,0
ENSG00000277690,1
ENSG00000277692,15
ENSG00000277693,0
ENSG00000277694,0
ENSG00000277695,0
ENSG00000277697,0
ENSG00000277698,0
ENSG00000277699,0
ENSG00000277700,0
ENSG00000277701,1
ENSG00000277702,14
ENSG00000277703,0
ENSG00000277704,0
ENSG00000277705,1
ENSG00000277708,0
ENSG00000277710,0
ENSG00000277711,0
ENSG00000277712,0
ENSG00000277713,1
ENSG00000277714,0
ENSG00000277715,81
ENSG00000277716,0
ENSG00000277717,0
ENSG00000277718,0
ENSG00000277719,0
ENSG00000277720,8
ENSG00000277721,0
ENSG00000277723,0
ENSG00000277724,0
ENSG00000277726,0
ENSG00000277727,0
ENSG00000277728,19
ENSG00000277731,0
ENSG00000277732,0
ENSG00000277734,1405
ENSG00000277735,0
ENSG00000277736,0
ENSG00000277737,17
ENSG00000277738,0
ENSG00000277739,0
ENSG00000277740,0
ENSG00000277741,3
ENSG00000277743,0
ENSG00000277744,15
ENSG00000277745,0
ENSG00000277746,0
ENSG00000277747,0
ENSG00000277748,1
ENSG00000277749,0
ENSG00000277752,0
ENSG00000277754,0
ENSG00000277755,0
ENSG00000277756,0
ENSG00000277757,0
ENSG00000277758,21
ENSG00000277759,0
ENSG00000277760,0
ENSG00000277762,0
ENSG00000277763,9
ENSG00000277764,1
ENSG00000277766,0
ENSG00000277767,2
ENSG00000277769,0
ENSG00000277770,0
ENSG00000277771,0
ENSG00000277772,0
ENSG00000277774,0
ENSG00000277775,61
ENSG00000277777,0
ENSG00000277778,12
ENSG00000277779,0
ENSG00000277780,0
ENSG00000277782,147
ENSG00000277784,0
ENSG00000277785,0
ENSG00000277787,0
ENSG00000277790,0
ENSG00000277791,3160
ENSG00000277792,0
ENSG00000277793,0
ENSG00000277794,1
ENSG00000277795,15
ENSG00000277797,0
ENSG00000277798,0
ENSG00000277801,0
ENSG00000277803,0
ENSG00000277805,0
ENSG00000277806,66
ENSG00000277809,2
ENSG00000277810,0
ENSG00000277812,2
ENSG00000277813,0
ENSG00000277814,0
ENSG00000277815,0
ENSG00000277817,0
ENSG00000277818,0
ENSG00000277819,0
ENSG00000277821,0
ENSG00000277822,0
ENSG00000277825,0
ENSG00000277826,0
ENSG00000277827,0
ENSG00000277828,0
ENSG00000277829,2
ENSG00000277830,0
ENSG00000277831,2
ENSG00000277832,0
ENSG00000277837,0
ENSG00000277838,0
ENSG00000277839,0
ENSG00000277840,2
ENSG00000277841,0
ENSG00000277842,0
ENSG00000277843,0
ENSG00000277846,0
ENSG00000277847,0
ENSG00000277851,6
ENSG00000277852,0
ENSG00000277854,0
ENSG00000277855,89
ENSG00000277858,0
ENSG00000277859,0
ENSG00000277861,5
ENSG00000277862,0
ENSG00000277863,0
ENSG00000277864,0
ENSG00000277865,0
ENSG00000277866,0
ENSG00000277867,1
ENSG00000277869,0
ENSG00000277870,0
ENSG00000277872,0
ENSG00000277873,18
ENSG00000277875,0
ENSG00000277876,0
ENSG00000277877,31
ENSG00000277878,14
ENSG00000277879,129
ENSG00000277880,0
ENSG00000277881,0
ENSG00000277882,0
ENSG00000277883,2
ENSG00000277884,0
ENSG00000277886,0
ENSG00000277887,0
ENSG00000277888,0
ENSG00000277889,0
ENSG00000277892,0
ENSG00000277893,23
ENSG00000277895,2
ENSG00000277896,0
ENSG00000277899,0
ENSG00000277900,0
ENSG00000277901,0
ENSG00000277903,0
ENSG00000277904,0
ENSG00000277907,0
ENSG00000277910,0
ENSG00000277911,0
ENSG00000277912,0
ENSG00000277913,0
ENSG00000277914,0
ENSG00000277916,4
ENSG00000277918,0
ENSG00000277919,0
ENSG00000277920,0
ENSG00000277922,0
ENSG00000277925,0
ENSG00000277929,0
ENSG00000277930,0
ENSG00000277932,0
ENSG00000277933,0
ENSG00000277934,0
ENSG00000277935,0
ENSG00000277937,0
ENSG00000277938,12
ENSG00000277939,0
ENSG00000277941,0
ENSG00000277942,0
ENSG00000277945,0
ENSG00000277946,0
ENSG00000277947,0
ENSG00000277948,1
ENSG00000277950,0
ENSG00000277951,0
ENSG00000277952,0
ENSG00000277954,15
ENSG00000277957,7
ENSG00000277958,1
ENSG00000277959,13
ENSG00000277960,0
ENSG00000277962,0
ENSG00000277965,0
ENSG00000277966,0
ENSG00000277967,0
ENSG00000277968,0
ENSG00000277969,116
ENSG00000277971,0
ENSG00000277972,1000
ENSG00000277973,0
ENSG00000277975,1
ENSG00000277977,32
ENSG00000277978,46
ENSG00000277979,0
ENSG00000277981,0
ENSG00000277984,0
ENSG00000277985,0
ENSG00000277986,0
ENSG00000277987,0
ENSG00000277988,0
ENSG00000277990,0
ENSG00000277991,0
ENSG00000277992,0
ENSG00000277994,0
ENSG00000277997,0
ENSG00000277998,5
ENSG00000277999,4
ENSG00000278000,5
ENSG00000278001,0
ENSG00000278002,8
ENSG00000278004,0
ENSG00000278005,0
ENSG00000278007,0
ENSG00000278008,0
ENSG00000278009,2
ENSG00000278010,0
ENSG00000278011,0
ENSG00000278012,1
ENSG00000278013,0
ENSG00000278014,0
ENSG00000278017,19
ENSG00000278020,0
ENSG00000278022,3
ENSG00000278023,58
ENSG00000278026,0
ENSG00000278027,0
ENSG00000278028,0
ENSG00000278029,4
ENSG00000278030,28
ENSG00000278034,0
ENSG00000278035,0
ENSG00000278038,0
ENSG00000278039,0
ENSG00000278040,0
ENSG00000278041,12
ENSG00000278044,0
ENSG00000278045,0
ENSG00000278047,0
ENSG00000278048,0
ENSG00000278050,0
ENSG00000278052,0
ENSG00000278053,995
ENSG00000278054,0
ENSG00000278055,0
ENSG00000278056,0
ENSG00000278057,0
ENSG00000278058,6
ENSG00000278059,0
ENSG00000278060,0
ENSG00000278065,0
ENSG00000278067,0
ENSG00000278068,0
ENSG00000278069,0
ENSG00000278071,17
ENSG00000278072,0
ENSG00000278073,0
ENSG00000278075,1
ENSG00000278076,0
ENSG00000278077,0
ENSG00000278078,0
ENSG00000278080,0
ENSG00000278083,1
ENSG00000278084,1
ENSG00000278085,0
ENSG00000278089,0
ENSG00000278090,7
ENSG00000278093,0
ENSG00000278095,0
ENSG00000278097,0
ENSG00000278098,0
ENSG00000278099,0
ENSG00000278100,0
ENSG00000278102,0
ENSG00000278103,0
ENSG00000278104,0
ENSG00000278105,0
ENSG00000278106,0
ENSG00000278107,48
ENSG00000278108,0
ENSG00000278109,1
ENSG00000278110,0
ENSG00000278112,7
ENSG00000278113,0
ENSG00000278122,0
ENSG00000278123,0
ENSG00000278124,0
ENSG00000278125,0
ENSG00000278126,14
ENSG00000278128,0
ENSG00000278129,439
ENSG00000278130,0
ENSG00000278131,0
ENSG00000278133,330
ENSG00000278134,0
ENSG00000278135,0
ENSG00000278136,0
ENSG00000278138,0
ENSG00000278139,0
ENSG00000278142,0
ENSG00000278143,5
ENSG00000278144,0
ENSG00000278146,0
ENSG00000278147,1
ENSG00000278148,0
ENSG00000278150,0
ENSG00000278151,0
ENSG00000278153,1
ENSG00000278156,35
ENSG00000278158,0
ENSG00000278159,0
ENSG00000278160,0
ENSG00000278166,0
ENSG00000278171,0
ENSG00000278172,0
ENSG00000278175,158
ENSG00000278176,0
ENSG00000278177,0
ENSG00000278179,0
ENSG00000278180,0
ENSG00000278181,0
ENSG00000278182,0
ENSG00000278184,11
ENSG00000278185,12
ENSG00000278187,0
ENSG00000278188,0
ENSG00000278189,0
ENSG00000278192,3
ENSG00000278193,0
ENSG00000278195,25
ENSG00000278196,483
ENSG00000278197,0
ENSG00000278200,1
ENSG00000278202,6
ENSG00000278203,0
ENSG00000278204,0
ENSG00000278205,0
ENSG00000278206,16
ENSG00000278212,0
ENSG00000278213,0
ENSG00000278214,2
ENSG00000278215,0
ENSG00000278217,0
ENSG00000278218,0
ENSG00000278219,19
ENSG00000278221,0
ENSG00000278222,0
ENSG00000278223,0
ENSG00000278224,4
ENSG00000278226,0
ENSG00000278227,0
ENSG00000278228,0
ENSG00000278231,9
ENSG00000278233,0
ENSG00000278234,0
ENSG00000278236,1
ENSG00000278237,0
ENSG00000278238,30
ENSG00000278239,0
ENSG00000278242,0
ENSG00000278244,2
ENSG00000278249,0
ENSG00000278250,2
ENSG00000278251,0
ENSG00000278254,0
ENSG00000278255,0
ENSG00000278256,0
ENSG00000278258,0
ENSG00000278259,735
ENSG00000278260,0
ENSG00000278261,0
ENSG00000278263,26
ENSG00000278264,0
ENSG00000278265,0
ENSG00000278266,214
ENSG00000278267,0
ENSG00000278272,67
ENSG00000278273,0
ENSG00000278274,0
ENSG00000278275,0
ENSG00000278276,2
ENSG00000278278,0
ENSG00000278281,0
ENSG00000278282,0
ENSG00000278283,0
ENSG00000278285,0
ENSG00000278287,0
ENSG00000278289,0
ENSG00000278290,0
ENSG00000278291,35
ENSG00000278292,0
ENSG00000278297,0
ENSG00000278299,0
ENSG00000278301,19
ENSG00000278305,0
ENSG00000278309,18
ENSG00000278311,1947
ENSG00000278313,0
ENSG00000278317,0
ENSG00000278318,541
ENSG00000278319,1
ENSG00000278321,0
ENSG00000278324,0
ENSG00000278328,0
ENSG00000278330,7
ENSG00000278331,0
ENSG00000278332,0
ENSG00000278333,0
ENSG00000278334,0
ENSG00000278335,0
ENSG00000278337,0
ENSG00000278338,10
ENSG00000278340,0
ENSG00000278341,11
ENSG00000278342,1
ENSG00000278343,0
ENSG00000278344,20
ENSG00000278346,0
ENSG00000278348,0
ENSG00000278349,0
ENSG00000278350,3
ENSG00000278351,0
ENSG00000278352,0
ENSG00000278353,0
ENSG00000278356,16
ENSG00000278358,0
ENSG00000278359,0
ENSG00000278366,0
ENSG00000278367,0
ENSG00000278370,1
ENSG00000278371,0
ENSG00000278374,0
ENSG00000278375,1
ENSG00000278376,30
ENSG00000278380,0
ENSG00000278381,0
ENSG00000278382,0
ENSG00000278383,10
ENSG00000278385,73
ENSG00000278388,0
ENSG00000278389,21
ENSG00000278390,13
ENSG00000278391,0
ENSG00000278392,0
ENSG00000278393,0
ENSG00000278395,0
ENSG00000278396,26
ENSG00000278398,0
ENSG00000278399,0
ENSG00000278400,0
ENSG00000278404,0
ENSG00000278405,0
ENSG00000278406,0
ENSG00000278408,0
ENSG00000278410,0
ENSG00000278412,0
ENSG00000278413,0
ENSG00000278416,1
ENSG00000278418,0
ENSG00000278419,0
ENSG00000278420,1
ENSG00000278421,0
ENSG00000278422,0
ENSG00000278423,0
ENSG00000278424,0
ENSG00000278428,0
ENSG00000278431,0
ENSG00000278433,0
ENSG00000278434,0
ENSG00000278435,0
ENSG00000278438,0
ENSG00000278439,1
ENSG00000278441,0
ENSG00000278445,1
ENSG00000278446,0
ENSG00000278447,0
ENSG00000278448,1
ENSG00000278449,1
ENSG00000278451,0
ENSG00000278452,0
ENSG00000278453,0
ENSG00000278454,0
ENSG00000278455,0
ENSG00000278456,0
ENSG00000278459,0
ENSG00000278460,0
ENSG00000278462,2
ENSG00000278463,19
ENSG00000278464,0
ENSG00000278465,0
ENSG00000278467,6
ENSG00000278469,0
ENSG00000278471,0
ENSG00000278472,12
ENSG00000278473,4
ENSG00000278475,8
ENSG00000278477,0
ENSG00000278478,0
ENSG00000278479,0
ENSG00000278480,0
ENSG00000278482,0
ENSG00000278483,0
ENSG00000278484,2
ENSG00000278485,0
ENSG00000278486,0
ENSG00000278487,0
ENSG00000278491,1
ENSG00000278492,31
ENSG00000278493,4
ENSG00000278496,0
ENSG00000278497,0
ENSG00000278498,0
ENSG00000278499,0
ENSG00000278500,2
ENSG00000278502,0
ENSG00000278504,2
ENSG00000278505,0
ENSG00000278506,0
ENSG00000278507,0
ENSG00000278509,0
ENSG00000278512,0
ENSG00000278513,0
ENSG00000278514,2
ENSG00000278517,0
ENSG00000278518,1
ENSG00000278520,2
ENSG00000278521,0
ENSG00000278522,0
ENSG00000278523,0
ENSG00000278524,0
ENSG00000278525,0
ENSG00000278526,0
ENSG00000278527,0
ENSG00000278528,0
ENSG00000278529,0
ENSG00000278530,6
ENSG00000278531,0
ENSG00000278532,0
ENSG00000278534,0
ENSG00000278535,374
ENSG00000278536,0
ENSG00000278537,0
ENSG00000278540,2713
ENSG00000278541,0
ENSG00000278543,1
ENSG00000278544,0
ENSG00000278546,1
ENSG00000278547,0
ENSG00000278549,1
ENSG00000278551,0
ENSG00000278552,0
ENSG00000278554,0
ENSG00000278556,0
ENSG00000278557,0
ENSG00000278558,8
ENSG00000278560,0
ENSG00000278561,2
ENSG00000278564,0
ENSG00000278566,0
ENSG00000278568,0
ENSG00000278569,0
ENSG00000278570,10
ENSG00000278571,0
ENSG00000278572,0
ENSG00000278575,0
ENSG00000278576,17
ENSG00000278577,0
ENSG00000278578,0
ENSG00000278579,0
ENSG00000278580,0
ENSG00000278581,0
ENSG00000278582,0
ENSG00000278584,0
ENSG00000278585,0
ENSG00000278586,0
ENSG00000278587,0
ENSG00000278588,5
ENSG00000278589,0
ENSG00000278590,0
ENSG00000278591,0
ENSG00000278592,0
ENSG00000278593,0
ENSG00000278594,3
ENSG00000278595,0
ENSG00000278596,0
ENSG00000278597,0
ENSG00000278598,0
ENSG00000278599,0
ENSG00000278600,94
ENSG00000278601,4
ENSG00000278602,0
ENSG00000278603,4
ENSG00000278604,0
ENSG00000278607,14
ENSG00000278609,0
ENSG00000278610,0
ENSG00000278611,74
ENSG00000278612,0
ENSG00000278615,483
ENSG00000278616,24
ENSG00000278617,0
ENSG00000278618,1
ENSG00000278619,149
ENSG00000278621,11
ENSG00000278626,0
ENSG00000278627,26
ENSG00000278628,0
ENSG00000278629,0
ENSG00000278630,0
ENSG00000278631,0
ENSG00000278635,0
ENSG00000278636,0
ENSG00000278637,2
ENSG00000278638,4
ENSG00000278639,0
ENSG00000278640,0
ENSG00000278641,0
ENSG00000278642,0
ENSG00000278643,0
ENSG00000278645,0
ENSG00000278646,0
ENSG00000278647,0
ENSG00000278648,0
ENSG00000278650,0
ENSG00000278651,0
ENSG00000278652,0
ENSG00000278654,1
ENSG00000278655,2
ENSG00000278657,0
ENSG00000278658,0
ENSG00000278660,1
ENSG00000278661,0
ENSG00000278662,27
ENSG00000278663,0
ENSG00000278664,0
ENSG00000278665,1
ENSG00000278667,0
ENSG00000278668,5
ENSG00000278669,0
ENSG00000278671,0
ENSG00000278672,0
ENSG00000278674,0
ENSG00000278675,0
ENSG00000278677,28
ENSG00000278678,0
ENSG00000278679,4
ENSG00000278681,0
ENSG00000278683,0
ENSG00000278684,0
ENSG00000278685,0
ENSG00000278686,0
ENSG00000278687,0
ENSG00000278690,0
ENSG00000278694,0
ENSG00000278696,0
ENSG00000278698,0
ENSG00000278700,0
ENSG00000278701,0
ENSG00000278702,0
ENSG00000278703,10
ENSG00000278705,9
ENSG00000278708,0
ENSG00000278709,1682
ENSG00000278713,0
ENSG00000278715,0
ENSG00000278716,69
ENSG00000278717,0
ENSG00000278719,0
ENSG00000278720,0
ENSG00000278722,0
ENSG00000278724,0
ENSG00000278725,1
ENSG00000278727,21
ENSG00000278730,5555
ENSG00000278732,0
ENSG00000278733,3
ENSG00000278734,0
ENSG00000278735,0
ENSG00000278736,0
ENSG00000278737,7
ENSG00000278739,2
ENSG00000278740,4
ENSG00000278743,25
ENSG00000278744,0
ENSG00000278745,0
ENSG00000278746,0
ENSG00000278748,0
ENSG00000278750,0
ENSG00000278751,0
ENSG00000278752,0
ENSG00000278753,0
ENSG00000278754,0
ENSG00000278756,1
ENSG00000278757,0
ENSG00000278761,0
ENSG00000278763,0
ENSG00000278764,0
ENSG00000278765,9
ENSG00000278766,0
ENSG00000278768,125
ENSG00000278769,0
ENSG00000278770,1
ENSG00000278771,11
ENSG00000278772,1
ENSG00000278773,0
ENSG00000278774,0
ENSG00000278775,0
ENSG00000278778,0
ENSG00000278783,0
ENSG00000278784,290
ENSG00000278785,0
ENSG00000278790,0
ENSG00000278791,0
ENSG00000278792,2
ENSG00000278794,0
ENSG00000278797,2
ENSG00000278799,0
ENSG00000278802,0
ENSG00000278803,0
ENSG00000278804,0
ENSG00000278807,0
ENSG00000278810,0
ENSG00000278811,7
ENSG00000278813,0
ENSG00000278814,0
ENSG00000278815,0
ENSG00000278816,1
ENSG00000278818,1
ENSG00000278819,2
ENSG00000278820,13
ENSG00000278822,0
ENSG00000278824,0
ENSG00000278825,0
ENSG00000278828,724
ENSG00000278829,0
ENSG00000278830,0
ENSG00000278831,5
ENSG00000278832,0
ENSG00000278834,172
ENSG00000278837,0
ENSG00000278838,0
ENSG00000278840,6
ENSG00000278841,0
ENSG00000278842,0
ENSG00000278844,0
ENSG00000278845,1293
ENSG00000278847,0
ENSG00000278848,0
ENSG00000278849,0
ENSG00000278851,0
ENSG00000278852,0
ENSG00000278854,0
ENSG00000278857,16
ENSG00000278859,0
ENSG00000278860,0
ENSG00000278861,1
ENSG00000278862,0
ENSG00000278863,1
ENSG00000278864,127
ENSG00000278865,0
ENSG00000278866,0
ENSG00000278867,36
ENSG00000278868,0
ENSG00000278869,7
ENSG00000278870,0
ENSG00000278872,0
ENSG00000278873,0
ENSG00000278874,0
ENSG00000278875,0
ENSG00000278876,14
ENSG00000278877,0
ENSG00000278878,0
ENSG00000278879,5
ENSG00000278880,0
ENSG00000278881,3
ENSG00000278882,131
ENSG00000278883,1
ENSG00000278884,0
ENSG00000278885,0
ENSG00000278886,0
ENSG00000278887,0
ENSG00000278888,0
ENSG00000278889,0
ENSG00000278890,0
ENSG00000278891,1
ENSG00000278892,3
ENSG00000278893,1
ENSG00000278894,0
ENSG00000278895,1
ENSG00000278896,0
ENSG00000278897,6
ENSG00000278898,0
ENSG00000278899,16
ENSG00000278900,1
ENSG00000278901,0
ENSG00000278902,4
ENSG00000278903,0
ENSG00000278905,0
ENSG00000278907,0
ENSG00000278908,3
ENSG00000278909,4
ENSG00000278910,1
ENSG00000278911,4
ENSG00000278912,0
ENSG00000278913,0
ENSG00000278914,0
ENSG00000278915,0
ENSG00000278916,33
ENSG00000278917,30
ENSG00000278918,11
ENSG00000278919,25
ENSG00000278920,2
ENSG00000278921,69
ENSG00000278922,95
ENSG00000278923,0
ENSG00000278924,3
ENSG00000278925,3
ENSG00000278926,0
ENSG00000278927,0
ENSG00000278928,5
ENSG00000278929,0
ENSG00000278931,0
ENSG00000278932,11
ENSG00000278933,0
ENSG00000278934,15
ENSG00000278935,0
ENSG00000278936,0
ENSG00000278937,2
ENSG00000278938,0
ENSG00000278939,0
ENSG00000278941,0
ENSG00000278942,0
ENSG00000278943,9
ENSG00000278944,0
ENSG00000278945,0
ENSG00000278946,0
ENSG00000278947,0
ENSG00000278948,56
ENSG00000278949,5
ENSG00000278950,0
ENSG00000278951,0
ENSG00000278952,1
ENSG00000278953,0
ENSG00000278954,1
ENSG00000278955,0
ENSG00000278957,0
ENSG00000278958,3
ENSG00000278959,7
ENSG00000278960,0
ENSG00000278961,0
ENSG00000278962,61
ENSG00000278963,3
ENSG00000278964,0
ENSG00000278965,4
ENSG00000278966,7
ENSG00000278967,2
ENSG00000278969,0
ENSG00000278970,990
ENSG00000278971,0
ENSG00000278972,0
ENSG00000278973,0
ENSG00000278974,136
ENSG00000278975,0
ENSG00000278977,0
ENSG00000278978,422
ENSG00000278979,0
ENSG00000278980,0
ENSG00000278981,0
ENSG00000278982,18
ENSG00000278983,0
ENSG00000278985,12
ENSG00000278986,4
ENSG00000278987,6
ENSG00000278988,0
ENSG00000278989,6
ENSG00000278990,0
ENSG00000278991,2
ENSG00000278992,0
ENSG00000278993,20
ENSG00000278994,0
ENSG00000278995,8
ENSG00000278996,8
ENSG00000278997,34
ENSG00000278998,0
ENSG00000278999,3
ENSG00000279000,0
ENSG00000279001,0
ENSG00000279002,0
ENSG00000279003,7
ENSG00000279004,0
ENSG00000279005,0
ENSG00000279006,1
ENSG00000279007,4
ENSG00000279009,0
ENSG00000279010,118
ENSG00000279011,0
ENSG00000279012,0
ENSG00000279013,2
ENSG00000279014,0
ENSG00000279015,0
ENSG00000279016,0
ENSG00000279017,0
ENSG00000279018,1
ENSG00000279019,10
ENSG00000279020,0
ENSG00000279021,0
ENSG00000279022,11
ENSG00000279023,0
ENSG00000279024,5
ENSG00000279025,0
ENSG00000279026,22
ENSG00000279027,0
ENSG00000279028,0
ENSG00000279029,1
ENSG00000279030,0
ENSG00000279031,6
ENSG00000279032,13
ENSG00000279033,0
ENSG00000279034,0
ENSG00000279035,4
ENSG00000279036,3
ENSG00000279037,0
ENSG00000279038,8
ENSG00000279039,31
ENSG00000279040,0
ENSG00000279041,239
ENSG00000279042,0
ENSG00000279043,1
ENSG00000279044,5
ENSG00000279045,0
ENSG00000279046,0
ENSG00000279047,0
ENSG00000279048,8
ENSG00000279049,0
ENSG00000279050,1
ENSG00000279051,0
ENSG00000279054,0
ENSG00000279056,0
ENSG00000279057,2
ENSG00000279058,7
ENSG00000279059,431
ENSG00000279061,0
ENSG00000279062,1
ENSG00000279063,1
ENSG00000279064,0
ENSG00000279065,0
ENSG00000279066,4
ENSG00000279067,0
ENSG00000279068,1
ENSG00000279069,177
ENSG00000279070,0
ENSG00000279071,1
ENSG00000279072,13
ENSG00000279073,0
ENSG00000279074,0
ENSG00000279075,6
ENSG00000279076,0
ENSG00000279077,1
ENSG00000279078,3
ENSG00000279080,6
ENSG00000279081,2
ENSG00000279082,3
ENSG00000279083,0
ENSG00000279084,0
ENSG00000279085,0
ENSG00000279086,3
ENSG00000279087,0
ENSG00000279088,240
ENSG00000279089,39
ENSG00000279090,0
ENSG00000279091,0
ENSG00000279092,0
ENSG00000279093,0
ENSG00000279094,0
ENSG00000279095,235
ENSG00000279096,0
ENSG00000279097,0
ENSG00000279098,0
ENSG00000279099,0
ENSG00000279100,0
ENSG00000279103,23
ENSG00000279104,0
ENSG00000279106,0
ENSG00000279107,0
ENSG00000279108,82
ENSG00000279109,0
ENSG00000279110,6
ENSG00000279111,0
ENSG00000279113,0
ENSG00000279114,6
ENSG00000279115,0
ENSG00000279116,2
ENSG00000279117,306
ENSG00000279118,50
ENSG00000279119,0
ENSG00000279120,0
ENSG00000279121,0
ENSG00000279122,0
ENSG00000279123,11
ENSG00000279124,0
ENSG00000279125,0
ENSG00000279126,1
ENSG00000279127,0
ENSG00000279128,1
ENSG00000279129,1
ENSG00000279130,3
ENSG00000279131,0
ENSG00000279132,0
ENSG00000279133,170
ENSG00000279134,0
ENSG00000279135,1
ENSG00000279136,0
ENSG00000279137,3
ENSG00000279138,7
ENSG00000279139,0
ENSG00000279140,14
ENSG00000279141,1
ENSG00000279142,0
ENSG00000279143,1
ENSG00000279144,2
ENSG00000279145,8
ENSG00000279146,0
ENSG00000279147,0
ENSG00000279148,48
ENSG00000279149,4
ENSG00000279151,0
ENSG00000279152,0
ENSG00000279153,0
ENSG00000279154,0
ENSG00000279155,6
ENSG00000279156,0
ENSG00000279157,0
ENSG00000279159,122
ENSG00000279160,1
ENSG00000279161,2
ENSG00000279162,6
ENSG00000279163,0
ENSG00000279164,0
ENSG00000279165,0
ENSG00000279166,1
ENSG00000279167,0
ENSG00000279168,0
ENSG00000279169,0
ENSG00000279170,19
ENSG00000279171,0
ENSG00000279172,0
ENSG00000279173,0
ENSG00000279174,4
ENSG00000279175,4
ENSG00000279176,0
ENSG00000279177,0
ENSG00000279179,35
ENSG00000279180,0
ENSG00000279181,1
ENSG00000279182,3
ENSG00000279183,0
ENSG00000279184,14
ENSG00000279185,0
ENSG00000279186,0
ENSG00000279187,2
ENSG00000279188,0
ENSG00000279189,0
ENSG00000279190,0
ENSG00000279191,3
ENSG00000279192,2
ENSG00000279193,0
ENSG00000279195,0
ENSG00000279196,12
ENSG00000279197,0
ENSG00000279198,22
ENSG00000279199,71
ENSG00000279200,1
ENSG00000279201,0
ENSG00000279202,0
ENSG00000279203,14
ENSG00000279204,38
ENSG00000279205,0
ENSG00000279206,3
ENSG00000279207,6527
ENSG00000279208,0
ENSG00000279209,0
ENSG00000279210,0
ENSG00000279211,0
ENSG00000279212,5
ENSG00000279213,0
ENSG00000279214,1
ENSG00000279216,0
ENSG00000279217,3
ENSG00000279218,0
ENSG00000279219,0
ENSG00000279220,0
ENSG00000279221,0
ENSG00000279222,0
ENSG00000279223,0
ENSG00000279225,0
ENSG00000279226,0
ENSG00000279227,114
ENSG00000279228,0
ENSG00000279229,2
ENSG00000279230,0
ENSG00000279231,0
ENSG00000279232,5
ENSG00000279233,43
ENSG00000279235,0
ENSG00000279236,2
ENSG00000279237,0
ENSG00000279238,4
ENSG00000279239,0
ENSG00000279240,0
ENSG00000279242,0
ENSG00000279243,0
ENSG00000279244,0
ENSG00000279245,0
ENSG00000279246,12
ENSG00000279248,0
ENSG00000279249,0
ENSG00000279250,1
ENSG00000279251,2
ENSG00000279252,3
ENSG00000279253,48
ENSG00000279254,6
ENSG00000279255,18
ENSG00000279256,0
ENSG00000279257,0
ENSG00000279259,12
ENSG00000279260,0
ENSG00000279261,1
ENSG00000279262,0
ENSG00000279263,0
ENSG00000279264,0
ENSG00000279265,24
ENSG00000279266,3
ENSG00000279267,20
ENSG00000279268,0
ENSG00000279269,1
ENSG00000279270,0
ENSG00000279271,0
ENSG00000279272,1
ENSG00000279273,0
ENSG00000279274,0
ENSG00000279275,5
ENSG00000279276,0
ENSG00000279277,4
ENSG00000279278,51
ENSG00000279281,74
ENSG00000279282,0
ENSG00000279283,12
ENSG00000279284,0
ENSG00000279285,0
ENSG00000279286,30
ENSG00000279287,0
ENSG00000279288,0
ENSG00000279289,2
ENSG00000279291,0
ENSG00000279294,0
ENSG00000279295,0
ENSG00000279296,4
ENSG00000279297,0
ENSG00000279298,0
ENSG00000279299,0
ENSG00000279300,1
ENSG00000279301,0
ENSG00000279302,8
ENSG00000279303,0
ENSG00000279304,0
ENSG00000279305,1
ENSG00000279306,1
ENSG00000279307,16
ENSG00000279310,0
ENSG00000279311,1
ENSG00000279312,15
ENSG00000279313,0
ENSG00000279314,9
ENSG00000279315,2
ENSG00000279317,0
ENSG00000279319,7
ENSG00000279320,4
ENSG00000279321,0
ENSG00000279322,0
ENSG00000279324,1
ENSG00000279325,0
ENSG00000279326,0
ENSG00000279328,2
ENSG00000279329,36
ENSG00000279330,8
ENSG00000279331,22
ENSG00000279332,99
ENSG00000279333,0
ENSG00000279334,0
ENSG00000279335,0
ENSG00000279336,0
ENSG00000279337,0
ENSG00000279338,70
ENSG00000279339,2
ENSG00000279340,1
ENSG00000279341,0
ENSG00000279342,10
ENSG00000279343,0
ENSG00000279344,9
ENSG00000279345,2
ENSG00000279346,0
ENSG00000279347,13
ENSG00000279348,39
ENSG00000279349,1
ENSG00000279352,0
ENSG00000279353,3
ENSG00000279354,0
ENSG00000279355,4
ENSG00000279356,3
ENSG00000279357,3
ENSG00000279358,0
ENSG00000279359,0
ENSG00000279360,0
ENSG00000279361,0
ENSG00000279362,0
ENSG00000279363,0
ENSG00000279364,0
ENSG00000279365,1
ENSG00000279366,0
ENSG00000279367,0
ENSG00000279368,7
ENSG00000279369,753
ENSG00000279370,0
ENSG00000279372,2
ENSG00000279373,2
ENSG00000279374,0
ENSG00000279375,3
ENSG00000279376,0
ENSG00000279377,600
ENSG00000279378,3
ENSG00000279379,6
ENSG00000279380,2
ENSG00000279381,0
ENSG00000279382,57
ENSG00000279384,10
ENSG00000279386,5
ENSG00000279387,0
ENSG00000279388,0
ENSG00000279390,2
ENSG00000279391,0
ENSG00000279392,21
ENSG00000279393,5
ENSG00000279394,1
ENSG00000279395,0
ENSG00000279396,6
ENSG00000279397,2
ENSG00000279398,0
ENSG00000279399,0
ENSG00000279400,0
ENSG00000279401,0
ENSG00000279403,0
ENSG00000279404,0
ENSG00000279405,0
ENSG00000279406,42
ENSG00000279407,59
ENSG00000279408,0
ENSG00000279409,0
ENSG00000279410,1
ENSG00000279411,0
ENSG00000279412,6
ENSG00000279413,41
ENSG00000279414,0
ENSG00000279415,15
ENSG00000279416,1
ENSG00000279417,0
ENSG00000279418,0
ENSG00000279419,0
ENSG00000279420,0
ENSG00000279421,1
ENSG00000279422,4
ENSG00000279423,0
ENSG00000279424,4
ENSG00000279425,25
ENSG00000279426,0
ENSG00000279427,124
ENSG00000279428,1
ENSG00000279429,0
ENSG00000279430,1
ENSG00000279431,0
ENSG00000279432,7
ENSG00000279433,0
ENSG00000279434,48
ENSG00000279435,0
ENSG00000279437,0
ENSG00000279438,0
ENSG00000279439,0
ENSG00000279440,0
ENSG00000279441,0
ENSG00000279442,0
ENSG00000279443,398
ENSG00000279444,2
ENSG00000279445,0
ENSG00000279446,0
ENSG00000279447,0
ENSG00000279448,2
ENSG00000279450,0
ENSG00000279452,40
ENSG00000279453,532
ENSG00000279454,0
ENSG00000279455,0
ENSG00000279456,6
ENSG00000279457,92
ENSG00000279458,0
ENSG00000279459,24
ENSG00000279460,2
ENSG00000279461,0
ENSG00000279462,0
ENSG00000279463,4
ENSG00000279464,17
ENSG00000279465,1
ENSG00000279466,1
ENSG00000279467,11
ENSG00000279468,48
ENSG00000279469,2
ENSG00000279470,0
ENSG00000279471,0
ENSG00000279472,0
ENSG00000279473,0
ENSG00000279474,0
ENSG00000279475,0
ENSG00000279476,0
ENSG00000279477,0
ENSG00000279478,0
ENSG00000279479,1
ENSG00000279480,3
ENSG00000279481,3
ENSG00000279482,0
ENSG00000279483,688
ENSG00000279484,2
ENSG00000279485,0
ENSG00000279486,0
ENSG00000279487,5
ENSG00000279488,4
ENSG00000279489,2
ENSG00000279490,0
ENSG00000279491,42
ENSG00000279493,0
ENSG00000279494,0
ENSG00000279495,105
ENSG00000279496,88
ENSG00000279497,0
ENSG00000279498,0
ENSG00000279499,2
ENSG00000279500,17
ENSG00000279501,1
ENSG00000279502,0
ENSG00000279503,0
ENSG00000279504,0
ENSG00000279505,0
ENSG00000279507,3
ENSG00000279508,23
ENSG00000279509,0
ENSG00000279510,6
ENSG00000279511,1
ENSG00000279512,3
ENSG00000279513,1
ENSG00000279514,0
ENSG00000279515,0
ENSG00000279516,0
ENSG00000279517,0
ENSG00000279518,10
ENSG00000279519,61
ENSG00000279520,26
ENSG00000279521,0
ENSG00000279522,23
ENSG00000279523,0
ENSG00000279524,2
ENSG00000279525,0
ENSG00000279526,3
ENSG00000279527,0
ENSG00000279528,157
ENSG00000279529,20
ENSG00000279530,3
ENSG00000279531,0
ENSG00000279532,1
ENSG00000279533,1
ENSG00000279534,0
ENSG00000279535,0
ENSG00000279536,22
ENSG00000279537,0
ENSG00000279538,0
ENSG00000279539,22
ENSG00000279541,14
ENSG00000279542,0
ENSG00000279543,1
ENSG00000279544,1
ENSG00000279546,0
ENSG00000279547,0
ENSG00000279548,0
ENSG00000279549,6
ENSG00000279550,0
ENSG00000279551,0
ENSG00000279554,0
ENSG00000279555,12
ENSG00000279556,0
ENSG00000279557,1
ENSG00000279558,0
ENSG00000279559,0
ENSG00000279560,0
ENSG00000279561,46
ENSG00000279562,0
ENSG00000279565,0
ENSG00000279567,0
ENSG00000279568,2
ENSG00000279569,67
ENSG00000279570,0
ENSG00000279571,4
ENSG00000279572,0
ENSG00000279573,9
ENSG00000279575,0
ENSG00000279576,0
ENSG00000279578,0
ENSG00000279579,0
ENSG00000279581,0
ENSG00000279582,0
ENSG00000279583,1
ENSG00000279584,3
ENSG00000279585,0
ENSG00000279586,0
ENSG00000279587,4
ENSG00000279588,0
ENSG00000279589,0
ENSG00000279590,2
ENSG00000279591,6
ENSG00000279592,2
ENSG00000279593,0
ENSG00000279594,8
ENSG00000279595,0
ENSG00000279597,0
ENSG00000279598,0
ENSG00000279599,0
ENSG00000279600,1
ENSG00000279601,1
ENSG00000279602,28
ENSG00000279603,0
ENSG00000279604,0
ENSG00000279605,80
ENSG00000279606,0
ENSG00000279607,0
ENSG00000279608,18
ENSG00000279609,0
ENSG00000279610,0
ENSG00000279611,5
ENSG00000279613,1
ENSG00000279615,0
ENSG00000279616,0
ENSG00000279617,1
ENSG00000279618,0
ENSG00000279619,1
ENSG00000279620,0
ENSG00000279621,0
ENSG00000279622,2
ENSG00000279623,13
ENSG00000279624,5
ENSG00000279625,0
ENSG00000279626,0
ENSG00000279628,0
ENSG00000279629,2
ENSG00000279630,0
ENSG00000279631,18
ENSG00000279632,2
ENSG00000279633,2
ENSG00000279635,0
ENSG00000279636,19
ENSG00000279637,0
ENSG00000279638,0
ENSG00000279639,0
ENSG00000279640,2
ENSG00000279641,5
ENSG00000279642,0
ENSG00000279644,9
ENSG00000279645,0
ENSG00000279646,0
ENSG00000279647,0
ENSG00000279648,0
ENSG00000279649,55
ENSG00000279650,0
ENSG00000279652,13
ENSG00000279653,4
ENSG00000279654,0
ENSG00000279655,0
ENSG00000279656,38
ENSG00000279657,0
ENSG00000279658,0
ENSG00000279659,2
ENSG00000279660,14
ENSG00000279662,45
ENSG00000279663,0
ENSG00000279664,0
ENSG00000279665,0
ENSG00000279666,0
ENSG00000279667,11
ENSG00000279668,0
ENSG00000279669,0
ENSG00000279670,0
ENSG00000279671,0
ENSG00000279672,124
ENSG00000279673,176
ENSG00000279674,0
ENSG00000279675,6
ENSG00000279676,0
ENSG00000279677,0
ENSG00000279678,0
ENSG00000279679,0
ENSG00000279681,1
ENSG00000279682,0
ENSG00000279683,0
ENSG00000279684,0
ENSG00000279685,2
ENSG00000279686,0
ENSG00000279687,1
ENSG00000279688,0
ENSG00000279689,47
ENSG00000279690,0
ENSG00000279691,0
ENSG00000279692,42
ENSG00000279693,6
ENSG00000279694,0
ENSG00000279695,0
ENSG00000279696,45
ENSG00000279697,0
ENSG00000279698,0
ENSG00000279699,15
ENSG00000279700,14
ENSG00000279701,0
ENSG00000279702,0
ENSG00000279703,1
ENSG00000279704,0
ENSG00000279705,0
ENSG00000279706,0
ENSG00000279707,1
ENSG00000279708,3
ENSG00000279709,0
ENSG00000279711,13
ENSG00000279712,8
ENSG00000279713,2
ENSG00000279714,0
ENSG00000279715,0
ENSG00000279716,39
ENSG00000279717,4
ENSG00000279718,0
ENSG00000279719,0
ENSG00000279720,0
ENSG00000279721,1
ENSG00000279722,45
ENSG00000279723,0
ENSG00000279724,1
ENSG00000279725,0
ENSG00000279726,0
ENSG00000279727,1
ENSG00000279728,0
ENSG00000279729,0
ENSG00000279730,2
ENSG00000279732,0
ENSG00000279733,0
ENSG00000279734,0
ENSG00000279735,0
ENSG00000279737,1
ENSG00000279738,89
ENSG00000279739,2
ENSG00000279741,31
ENSG00000279742,216
ENSG00000279743,0
ENSG00000279744,1
ENSG00000279745,1
ENSG00000279746,0
ENSG00000279747,0
ENSG00000279748,5
ENSG00000279749,0
ENSG00000279750,0
ENSG00000279751,0
ENSG00000279752,0
ENSG00000279753,0
ENSG00000279754,0
ENSG00000279755,0
ENSG00000279756,0
ENSG00000279757,1
ENSG00000279758,8
ENSG00000279759,31
ENSG00000279761,0
ENSG00000279762,4
ENSG00000279764,0
ENSG00000279765,16
ENSG00000279766,17
ENSG00000279767,0
ENSG00000279768,0
ENSG00000279769,0
ENSG00000279770,10
ENSG00000279771,0
ENSG00000279772,0
ENSG00000279773,1
ENSG00000279774,0
ENSG00000279775,0
ENSG00000279777,0
ENSG00000279778,6
ENSG00000279779,0
ENSG00000279780,0
ENSG00000279781,23
ENSG00000279782,0
ENSG00000279783,0
ENSG00000279784,0
ENSG00000279785,1
ENSG00000279786,5
ENSG00000279788,0
ENSG00000279789,66
ENSG00000279790,0
ENSG00000279791,2
ENSG00000279792,14
ENSG00000279793,0
ENSG00000279794,2
ENSG00000279795,0
ENSG00000279796,0
ENSG00000279797,0
ENSG00000279798,0
ENSG00000279799,9
ENSG00000279800,1
ENSG00000279801,6
ENSG00000279802,1
ENSG00000279803,4
ENSG00000279804,0
ENSG00000279805,11
ENSG00000279806,44
ENSG00000279807,3
ENSG00000279808,1
ENSG00000279809,0
ENSG00000279810,2
ENSG00000279811,2
ENSG00000279812,0
ENSG00000279813,0
ENSG00000279814,0
ENSG00000279815,0
ENSG00000279816,1
ENSG00000279817,0
ENSG00000279818,0
ENSG00000279819,0
ENSG00000279821,32
ENSG00000279822,4
ENSG00000279824,0
ENSG00000279825,0
ENSG00000279827,1
ENSG00000279829,0
ENSG00000279831,0
ENSG00000279833,8
ENSG00000279834,1
ENSG00000279835,0
ENSG00000279836,0
ENSG00000279837,8
ENSG00000279838,17
ENSG00000279839,1
ENSG00000279840,0
ENSG00000279841,5
ENSG00000279842,0
ENSG00000279843,0
ENSG00000279844,0
ENSG00000279845,4
ENSG00000279846,0
ENSG00000279847,0
ENSG00000279848,0
ENSG00000279849,0
ENSG00000279850,0
ENSG00000279851,0
ENSG00000279852,4
ENSG00000279853,5
ENSG00000279855,0
ENSG00000279856,0
ENSG00000279857,0
ENSG00000279858,0
ENSG00000279859,0
ENSG00000279860,0
ENSG00000279861,28
ENSG00000279862,4
ENSG00000279863,139
ENSG00000279864,0
ENSG00000279865,40
ENSG00000279866,11
ENSG00000279868,0
ENSG00000279869,0
ENSG00000279872,0
ENSG00000279873,8
ENSG00000279874,0
ENSG00000279875,0
ENSG00000279876,0
ENSG00000279877,0
ENSG00000279878,48
ENSG00000279879,2
ENSG00000279880,20
ENSG00000279881,7
ENSG00000279882,0
ENSG00000279883,0
ENSG00000279884,7
ENSG00000279885,0
ENSG00000279886,0
ENSG00000279887,1
ENSG00000279888,0
ENSG00000279889,0
ENSG00000279891,0
ENSG00000279892,0
ENSG00000279893,0
ENSG00000279894,4
ENSG00000279895,0
ENSG00000279897,2
ENSG00000279900,2
ENSG00000279901,0
ENSG00000279903,0
ENSG00000279904,0
ENSG00000279905,0
ENSG00000279906,0
ENSG00000279907,0
ENSG00000279908,85
ENSG00000279909,4
ENSG00000279910,0
ENSG00000279911,0
ENSG00000279912,0
ENSG00000279913,0
ENSG00000279914,1
ENSG00000279916,0
ENSG00000279917,20
ENSG00000279918,0
ENSG00000279919,0
ENSG00000279920,0
ENSG00000279921,0
ENSG00000279922,0
ENSG00000279923,71
ENSG00000279924,0
ENSG00000279925,2
ENSG00000279926,22
ENSG00000279927,0
ENSG00000279928,0
ENSG00000279929,0
ENSG00000279930,2
ENSG00000279931,0
ENSG00000279932,1
ENSG00000279933,0
ENSG00000279935,6
ENSG00000279936,1
ENSG00000279937,2
ENSG00000279939,0
ENSG00000279940,0
ENSG00000279941,0
ENSG00000279942,0
ENSG00000279943,5
ENSG00000279945,4
ENSG00000279946,0
ENSG00000279948,22
ENSG00000279949,1
ENSG00000279951,0
ENSG00000279952,0
ENSG00000279953,1
ENSG00000279954,0
ENSG00000279955,0
ENSG00000279956,0
ENSG00000279957,0
ENSG00000279958,0
ENSG00000279959,0
ENSG00000279960,0
ENSG00000279961,0
ENSG00000279962,0
ENSG00000279963,0
ENSG00000279964,0
ENSG00000279965,5
ENSG00000279966,0
ENSG00000279967,0
ENSG00000279968,62
ENSG00000279970,19
ENSG00000279971,1
ENSG00000279972,0
ENSG00000279973,0
ENSG00000279975,2
ENSG00000279976,0
ENSG00000279977,0
ENSG00000279978,223
ENSG00000279979,0
ENSG00000279980,2
ENSG00000279981,0
ENSG00000279982,1
ENSG00000279983,0
ENSG00000279985,2
ENSG00000279986,0
ENSG00000279987,0
ENSG00000279988,0
ENSG00000279989,13
ENSG00000279990,0
ENSG00000279991,0
ENSG00000279992,0
ENSG00000279993,0
ENSG00000279994,0
ENSG00000279995,0
ENSG00000279996,0
ENSG00000279997,0
ENSG00000279998,0
ENSG00000279999,0
ENSG00000280000,0
ENSG00000280002,0
ENSG00000280003,7
ENSG00000280004,0
ENSG00000280005,0
ENSG00000280006,0
ENSG00000280007,40
ENSG00000280008,3
ENSG00000280009,0
ENSG00000280010,20
ENSG00000280011,2
ENSG00000280012,4
ENSG00000280013,0
ENSG00000280014,1
ENSG00000280015,0
ENSG00000280016,1
ENSG00000280017,0
ENSG00000280018,0
ENSG00000280019,0
ENSG00000280020,11
ENSG00000280021,0
ENSG00000280022,7
ENSG00000280023,0
ENSG00000280024,0
ENSG00000280025,0
ENSG00000280026,0
ENSG00000280027,91
ENSG00000280028,2
ENSG00000280029,3
ENSG00000280032,3
ENSG00000280033,17
ENSG00000280034,0
ENSG00000280035,1
ENSG00000280036,0
ENSG00000280037,3
ENSG00000280038,0
ENSG00000280039,20
ENSG00000280040,1
ENSG00000280041,0
ENSG00000280042,4
ENSG00000280043,2
ENSG00000280044,0
ENSG00000280046,58
ENSG00000280047,33
ENSG00000280048,0
ENSG00000280049,0
ENSG00000280050,0
ENSG00000280051,0
ENSG00000280053,0
ENSG00000280054,8
ENSG00000280055,8
ENSG00000280056,0
ENSG00000280057,7
ENSG00000280058,0
ENSG00000280059,0
ENSG00000280060,1
ENSG00000280061,0
ENSG00000280062,1
ENSG00000280063,18
ENSG00000280064,0
ENSG00000280065,0
ENSG00000280067,22
ENSG00000280068,0
ENSG00000280069,1
ENSG00000280070,3
ENSG00000280071,35
ENSG00000280073,2
ENSG00000280074,1
ENSG00000280075,1
ENSG00000280076,0
ENSG00000280077,57
ENSG00000280078,1
ENSG00000280079,634
ENSG00000280080,0
ENSG00000280081,85
ENSG00000280082,0
ENSG00000280083,8
ENSG00000280085,0
ENSG00000280086,0
ENSG00000280087,6
ENSG00000280088,576
ENSG00000280089,0
ENSG00000280090,0
ENSG00000280091,0
ENSG00000280092,2
ENSG00000280093,0
ENSG00000280094,0
ENSG00000280095,0
ENSG00000280096,0
ENSG00000280097,0
ENSG00000280098,0
ENSG00000280099,87
ENSG00000280102,0
ENSG00000280103,0
ENSG00000280104,4
ENSG00000280105,0
ENSG00000280106,93
ENSG00000280107,3
ENSG00000280108,0
ENSG00000280109,5
ENSG00000280110,0
ENSG00000280111,626
ENSG00000280112,0
ENSG00000280113,0
ENSG00000280114,5
ENSG00000280115,0
ENSG00000280116,1
ENSG00000280117,0
ENSG00000280118,0
ENSG00000280119,32
ENSG00000280120,77
ENSG00000280121,2
ENSG00000280122,1
ENSG00000280123,135
ENSG00000280124,0
ENSG00000280125,0
ENSG00000280126,0
ENSG00000280127,0
ENSG00000280128,406
ENSG00000280129,22
ENSG00000280130,1
ENSG00000280131,0
ENSG00000280132,22
ENSG00000280133,0
ENSG00000280134,0
ENSG00000280135,4
ENSG00000280136,2
ENSG00000280137,1
ENSG00000280138,177
ENSG00000280139,0
ENSG00000280140,0
ENSG00000280141,0
ENSG00000280142,0
ENSG00000280143,222
ENSG00000280144,0
ENSG00000280145,21
ENSG00000280147,3
ENSG00000280148,0
ENSG00000280149,7
ENSG00000280150,0
ENSG00000280151,5
ENSG00000280152,13
ENSG00000280153,67
ENSG00000280154,1
ENSG00000280155,0
ENSG00000280156,2
ENSG00000280157,20
ENSG00000280158,0
ENSG00000280159,2
ENSG00000280160,9
ENSG00000280161,22
ENSG00000280162,5
ENSG00000280163,7
ENSG00000280164,0
ENSG00000280165,0
ENSG00000280166,0
ENSG00000280167,0
ENSG00000280168,3
ENSG00000280169,4
ENSG00000280170,2
ENSG00000280171,1
ENSG00000280172,0
ENSG00000280173,111
ENSG00000280175,0
ENSG00000280176,0
ENSG00000280177,2
ENSG00000280178,0
ENSG00000280179,0
ENSG00000280180,0
ENSG00000280181,3
ENSG00000280182,0
ENSG00000280183,3
ENSG00000280184,15
ENSG00000280185,0
ENSG00000280186,15
ENSG00000280187,625
ENSG00000280188,0
ENSG00000280189,0
ENSG00000280190,0
ENSG00000280191,0
ENSG00000280193,20
ENSG00000280194,28
ENSG00000280195,37
ENSG00000280196,0
ENSG00000280197,0
ENSG00000280198,9
ENSG00000280199,0
ENSG00000280200,0
ENSG00000280201,0
ENSG00000280202,103
ENSG00000280204,0
ENSG00000280205,0
ENSG00000280206,702
ENSG00000280207,0
ENSG00000280208,2
ENSG00000280211,17
ENSG00000280212,5
ENSG00000280213,13
ENSG00000280214,25
ENSG00000280215,0
ENSG00000280216,3
ENSG00000280217,2
ENSG00000280219,23
ENSG00000280220,0
ENSG00000280221,7
ENSG00000280222,0
ENSG00000280223,0
ENSG00000280224,1
ENSG00000280225,10
ENSG00000280226,0
ENSG00000280227,0
ENSG00000280228,0
ENSG00000280229,0
ENSG00000280230,0
ENSG00000280231,1
ENSG00000280232,0
ENSG00000280233,4
ENSG00000280234,0
ENSG00000280236,0
ENSG00000280237,31
ENSG00000280238,0
ENSG00000280239,41
ENSG00000280240,2
ENSG00000280241,7
ENSG00000280242,0
ENSG00000280243,0
ENSG00000280244,0
ENSG00000280245,3
ENSG00000280246,1
ENSG00000280247,2
ENSG00000280248,1
ENSG00000280249,0
ENSG00000280250,0
ENSG00000280251,0
ENSG00000280252,1
ENSG00000280253,0
ENSG00000280254,113
ENSG00000280255,2
ENSG00000280257,0
ENSG00000280258,2
ENSG00000280259,0
ENSG00000280260,0
ENSG00000280261,0
ENSG00000280262,0
ENSG00000280263,0
ENSG00000280264,0
ENSG00000280265,0
ENSG00000280266,0
ENSG00000280267,0
ENSG00000280268,0
ENSG00000280269,2
ENSG00000280270,0
ENSG00000280272,0
ENSG00000280273,6
ENSG00000280274,1
ENSG00000280275,0
ENSG00000280276,0
ENSG00000280277,2
ENSG00000280278,20
ENSG00000280279,5
ENSG00000280280,0
ENSG00000280281,0
ENSG00000280282,0
ENSG00000280283,0
ENSG00000280284,0
ENSG00000280285,0
ENSG00000280286,1
ENSG00000280287,29
ENSG00000280288,0
ENSG00000280291,0
ENSG00000280294,12
ENSG00000280295,0
ENSG00000280296,0
ENSG00000280298,0
ENSG00000280299,0
ENSG00000280300,4
ENSG00000280301,0
ENSG00000280302,3
ENSG00000280303,113
ENSG00000280304,3
ENSG00000280305,0
ENSG00000280306,0
ENSG00000280307,0
ENSG00000280308,1
ENSG00000280309,0
ENSG00000280310,4
ENSG00000280311,6
ENSG00000280312,0
ENSG00000280314,0
ENSG00000280315,0
ENSG00000280316,5
ENSG00000280317,0
ENSG00000280318,0
ENSG00000280319,0
ENSG00000280320,0
ENSG00000280321,3
ENSG00000280322,0
ENSG00000280323,0
ENSG00000280324,0
ENSG00000280325,1
ENSG00000280326,0
ENSG00000280327,9
ENSG00000280328,40
ENSG00000280329,0
ENSG00000280330,0
ENSG00000280331,3
ENSG00000280332,36
ENSG00000280333,0
ENSG00000280334,59
ENSG00000280335,0
ENSG00000280336,4
ENSG00000280337,0
ENSG00000280338,0
ENSG00000280339,223
ENSG00000280340,0
ENSG00000280341,0
ENSG00000280344,0
ENSG00000280345,0
ENSG00000280346,0
ENSG00000280347,93
ENSG00000280348,0
ENSG00000280349,3
ENSG00000280350,2
ENSG00000280351,17
ENSG00000280352,0
ENSG00000280353,0
ENSG00000280354,0
ENSG00000280355,6
ENSG00000280356,1
ENSG00000280357,0
ENSG00000280359,0
ENSG00000280360,1
ENSG00000280361,0
ENSG00000280362,0
ENSG00000280363,0
ENSG00000280364,0
ENSG00000280365,0
ENSG00000280366,1
ENSG00000280367,0
ENSG00000280368,3
ENSG00000280369,23
ENSG00000280370,2
ENSG00000280371,0
ENSG00000280372,0
ENSG00000280373,0
ENSG00000280374,5
ENSG00000280375,1
ENSG00000280376,0
ENSG00000280377,0
ENSG00000280378,25
ENSG00000280379,0
ENSG00000280380,0
ENSG00000280381,1
ENSG00000280382,0
ENSG00000280383,12
ENSG00000280384,2
ENSG00000280385,194
ENSG00000280387,5
ENSG00000280388,9
ENSG00000280389,0
ENSG00000280390,0
ENSG00000280391,1
ENSG00000280392,3
ENSG00000280393,0
ENSG00000280394,0
ENSG00000280395,0
ENSG00000280396,0
ENSG00000280397,0
ENSG00000280398,0
ENSG00000280399,6
ENSG00000280400,0
ENSG00000280401,22
ENSG00000280402,1
ENSG00000280403,0
ENSG00000280404,0
ENSG00000280405,0
ENSG00000280406,0
ENSG00000280407,22
ENSG00000280408,0
ENSG00000280409,1
ENSG00000280410,1
ENSG00000280411,1363
ENSG00000280412,0
ENSG00000280413,1
ENSG00000280414,0
ENSG00000280415,27
ENSG00000280416,0
ENSG00000280417,62
ENSG00000280418,0
ENSG00000280419,0
ENSG00000280420,1
ENSG00000280422,13
ENSG00000280423,2
ENSG00000280424,6
ENSG00000280425,0
ENSG00000280426,17
ENSG00000280427,0
ENSG00000280429,2
ENSG00000280430,0
ENSG00000280431,0
ENSG00000280432,6
ENSG00000280433,120
ENSG00000280434,8
ENSG00000280435,1
ENSG00000280436,0
ENSG00000280438,0
ENSG00000280439,0
ENSG00000280440,2
ENSG00000280441,0
ENSG00000280443,0
ENSG00000280444,0
ENSG00000280445,0
ENSG00000280446,0
ENSG00000280447,5
ENSG00000280448,0
ENSG00000280449,2
ENSG00000280450,0
ENSG00000280451,0
ENSG00000280453,0
ENSG00000280454,0
ENSG00000280455,0
ENSG00000280456,0
ENSG00000280457,0
ENSG00000280458,0
ENSG00000280459,1
ENSG00000280462,0
ENSG00000280464,0
ENSG00000280465,0
ENSG00000280466,0
ENSG00000280468,0
ENSG00000280469,0
ENSG00000280472,0
ENSG00000280473,0
ENSG00000280474,0
ENSG00000280478,0
ENSG00000280480,0
ENSG00000280481,0
ENSG00000280483,1
ENSG00000280485,0
ENSG00000280486,0
ENSG00000280487,0
ENSG00000280488,0
ENSG00000280489,0
ENSG00000280492,0
ENSG00000280493,0
ENSG00000280494,0
ENSG00000280496,0
ENSG00000280498,0
ENSG00000280499,0
ENSG00000280502,18
ENSG00000280503,0
ENSG00000280507,0
ENSG00000280508,0
ENSG00000280509,0
ENSG00000280510,0
ENSG00000280511,0
ENSG00000280515,0
ENSG00000280517,0
ENSG00000280519,0
ENSG00000280522,0
ENSG00000280523,0
ENSG00000280524,0
ENSG00000280526,0
ENSG00000280527,9
ENSG00000280528,0
ENSG00000280530,0
ENSG00000280533,0
ENSG00000280536,0
ENSG00000280537,11
ENSG00000280539,0
ENSG00000280543,13
ENSG00000280544,1
ENSG00000280546,0
ENSG00000280547,0
ENSG00000280550,8
ENSG00000280551,3
ENSG00000280553,0
ENSG00000280554,0
ENSG00000280558,0
ENSG00000280560,1
ENSG00000280561,0
ENSG00000280564,0
ENSG00000280565,0
ENSG00000280566,0
ENSG00000280567,0
ENSG00000280570,0
ENSG00000280571,3
ENSG00000280573,0
ENSG00000280574,0
ENSG00000280575,1
ENSG00000280576,0
ENSG00000280580,0
ENSG00000280581,0
ENSG00000280583,0
ENSG00000280586,0
ENSG00000280587,638
ENSG00000280588,0
ENSG00000280589,0
ENSG00000280594,163
ENSG00000280595,0
ENSG00000280598,0
ENSG00000280599,0
ENSG00000280600,0
ENSG00000280602,0
ENSG00000280603,0
ENSG00000280604,5
ENSG00000280605,5
ENSG00000280607,0
ENSG00000280608,2
ENSG00000280614,0
ENSG00000280615,1
ENSG00000280620,1
ENSG00000280622,0
ENSG00000280623,0
ENSG00000280624,0
ENSG00000280625,0
ENSG00000280628,0
ENSG00000280630,0
ENSG00000280634,0
ENSG00000280636,0
ENSG00000280637,0
ENSG00000280639,1
ENSG00000280642,0
ENSG00000280643,0
ENSG00000280644,1
ENSG00000280646,0
ENSG00000280648,0
ENSG00000280649,38
ENSG00000280650,0
ENSG00000280653,0
ENSG00000280654,0
ENSG00000280655,0
ENSG00000280656,0
ENSG00000280657,0
ENSG00000280659,0
ENSG00000280660,0
ENSG00000280662,0
ENSG00000280665,0
ENSG00000280667,0
ENSG00000280670,101
ENSG00000280671,0
ENSG00000280672,0
ENSG00000280673,0
ENSG00000280675,0
ENSG00000280676,0
ENSG00000280678,0
ENSG00000280683,0
ENSG00000280684,1
ENSG00000280685,0
ENSG00000280687,0
ENSG00000280692,0
ENSG00000280693,2
ENSG00000280694,0
ENSG00000280696,0
ENSG00000280697,1
ENSG00000280698,0
ENSG00000280699,0
ENSG00000280702,0
ENSG00000280703,0
ENSG00000280704,0
ENSG00000280707,0
ENSG00000280709,0
ENSG00000280710,29
ENSG00000280711,0
ENSG00000280713,0
ENSG00000280715,0
ENSG00000280717,0
ENSG00000280718,0
ENSG00000280719,0
ENSG00000280721,37
ENSG00000280723,0
ENSG00000280724,0
ENSG00000280725,0
ENSG00000280727,3
ENSG00000280728,0
ENSG00000280729,0
ENSG00000280730,1
ENSG00000280731,0
ENSG00000280734,119
ENSG00000280736,0
ENSG00000280738,0
ENSG00000280739,32
ENSG00000280742,0
ENSG00000280743,0
ENSG00000280744,0
ENSG00000280746,1
ENSG00000280747,0
ENSG00000280752,0
ENSG00000280753,5
ENSG00000280755,0
ENSG00000280756,0
ENSG00000280757,0
ENSG00000280758,20
ENSG00000280760,0
ENSG00000280761,0
ENSG00000280762,0
ENSG00000280763,0
ENSG00000280764,0
ENSG00000280766,0
ENSG00000280767,1
ENSG00000280771,0
ENSG00000280772,0
ENSG00000280773,0
ENSG00000280776,114
ENSG00000280777,4
ENSG00000280778,0
ENSG00000280779,0
ENSG00000280780,0
ENSG00000280783,0
ENSG00000280785,0
ENSG00000280788,0
ENSG00000280789,877
ENSG00000280790,0
ENSG00000280791,0
ENSG00000280793,0
ENSG00000280796,0
ENSG00000280798,354
ENSG00000280799,0
ENSG00000280800,0
ENSG00000280801,0
ENSG00000280803,0
ENSG00000280804,31
ENSG00000280809,1
ENSG00000280816,10
ENSG00000280817,0
ENSG00000280818,0
ENSG00000280822,0
ENSG00000280823,0
ENSG00000280824,0
ENSG00000280826,0
ENSG00000280827,0
ENSG00000280828,13
ENSG00000280829,0
ENSG00000280832,171
ENSG00000280833,0
ENSG00000280834,0
ENSG00000280835,0
ENSG00000280836,3
ENSG00000280837,0
ENSG00000280842,0
ENSG00000280843,0
ENSG00000280845,0
ENSG00000280846,0
ENSG00000280847,0
ENSG00000280848,0
ENSG00000280849,0
ENSG00000280850,0
ENSG00000280851,0
ENSG00000280852,1
ENSG00000280854,0
ENSG00000280855,0
ENSG00000280856,0
ENSG00000280857,0
ENSG00000280859,1
ENSG00000280860,0
ENSG00000280861,0
ENSG00000280862,0
ENSG00000280863,0
ENSG00000280867,0
ENSG00000280869,1
ENSG00000280870,0
ENSG00000280871,0
ENSG00000280874,0
ENSG00000280875,0
ENSG00000280878,0
ENSG00000280881,0
ENSG00000280884,0
ENSG00000280886,0
ENSG00000280887,0
ENSG00000280888,0
ENSG00000280890,1
ENSG00000280893,0
ENSG00000280894,0
ENSG00000280896,0
ENSG00000280897,0
ENSG00000280900,0
ENSG00000280901,0
ENSG00000280902,0
ENSG00000280903,0
ENSG00000280904,0
ENSG00000280910,0
ENSG00000280911,0
ENSG00000280913,0
ENSG00000280914,0
ENSG00000280915,0
ENSG00000280916,0
ENSG00000280918,0
ENSG00000280919,1
ENSG00000280920,0
ENSG00000280921,0
ENSG00000280922,0
ENSG00000280924,6
ENSG00000280925,0
ENSG00000280927,42
ENSG00000280933,0
ENSG00000280934,0
ENSG00000280936,0
ENSG00000280942,0
ENSG00000280945,0
ENSG00000280947,0
ENSG00000280950,0
ENSG00000280953,1
ENSG00000280954,0
ENSG00000280955,0
ENSG00000280956,0
ENSG00000280957,0
ENSG00000280958,0
ENSG00000280959,0
ENSG00000280961,0
ENSG00000280964,0
ENSG00000280965,0
ENSG00000280966,0
ENSG00000280968,4
ENSG00000280969,0
ENSG00000280970,0
ENSG00000280974,0
ENSG00000280976,0
ENSG00000280977,0
ENSG00000280979,0
ENSG00000280981,0
ENSG00000280985,0
ENSG00000280987,48
ENSG00000280988,0
ENSG00000280989,0
ENSG00000280991,0
ENSG00000280992,7
ENSG00000280995,0
ENSG00000280997,0
ENSG00000280998,0
ENSG00000280999,1
ENSG00000281000,0
ENSG00000281001,0
ENSG00000281002,0
ENSG00000281003,0
ENSG00000281005,19
ENSG00000281006,0
ENSG00000281007,0
ENSG00000281008,0
ENSG00000281010,0
ENSG00000281014,0
ENSG00000281016,1
ENSG00000281017,0
ENSG00000281018,0
ENSG00000281021,1
ENSG00000281023,0
ENSG00000281025,0
ENSG00000281026,63
ENSG00000281027,0
ENSG00000281028,1
ENSG00000281030,0
ENSG00000281033,0
ENSG00000281034,0
ENSG00000281035,0
ENSG00000281037,0
ENSG00000281039,2
ENSG00000281041,0
ENSG00000281042,0
ENSG00000281044,0
ENSG00000281045,0
ENSG00000281046,0
ENSG00000281047,0
ENSG00000281052,0
ENSG00000281057,0
ENSG00000281058,0
ENSG00000281059,0
ENSG00000281061,0
ENSG00000281064,0
ENSG00000281066,0
ENSG00000281068,0
ENSG00000281069,0
ENSG00000281070,0
ENSG00000281071,0
ENSG00000281072,0
ENSG00000281075,1
ENSG00000281079,0
ENSG00000281080,1
ENSG00000281085,0
ENSG00000281087,2
ENSG00000281088,0
ENSG00000281090,0
ENSG00000281091,2
ENSG00000281096,0
ENSG00000281097,2
ENSG00000281098,0
ENSG00000281100,6
ENSG00000281103,55
ENSG00000281105,0
ENSG00000281106,0
ENSG00000281108,0
ENSG00000281109,0
ENSG00000281110,0
ENSG00000281112,1
ENSG00000281113,0
ENSG00000281114,0
ENSG00000281115,8
ENSG00000281116,0
ENSG00000281117,0
ENSG00000281119,0
ENSG00000281120,0
ENSG00000281124,1
ENSG00000281125,0
ENSG00000281126,2
ENSG00000281128,0
ENSG00000281129,0
ENSG00000281130,0
ENSG00000281131,0
ENSG00000281133,1
ENSG00000281134,0
ENSG00000281135,0
ENSG00000281136,0
ENSG00000281137,0
ENSG00000281138,0
ENSG00000281140,0
ENSG00000281142,0
ENSG00000281143,0
ENSG00000281146,0
ENSG00000281147,0
ENSG00000281148,0
ENSG00000281152,0
ENSG00000281155,0
ENSG00000281156,0
ENSG00000281158,0
ENSG00000281159,0
ENSG00000281160,0
ENSG00000281162,9
ENSG00000281164,0
ENSG00000281167,0
ENSG00000281169,0
ENSG00000281170,0
ENSG00000281171,0
ENSG00000281172,0
ENSG00000281177,0
ENSG00000281179,3
ENSG00000281181,0
ENSG00000281182,0
ENSG00000281183,23
ENSG00000281186,0
ENSG00000281187,0
ENSG00000281189,104
ENSG00000281190,0
ENSG00000281192,2
ENSG00000281193,0
ENSG00000281194,0
ENSG00000281195,7
ENSG00000281196,0
ENSG00000281199,0
ENSG00000281200,0
ENSG00000281201,0
ENSG00000281202,0
ENSG00000281203,0
ENSG00000281204,0
ENSG00000281205,87
ENSG00000281206,0
ENSG00000281207,61
ENSG00000281209,0
ENSG00000281212,0
ENSG00000281214,0
ENSG00000281215,0
ENSG00000281217,0
ENSG00000281218,0
ENSG00000281219,0
ENSG00000281220,0
ENSG00000281222,0
ENSG00000281227,0
ENSG00000281228,0
ENSG00000281231,0
ENSG00000281235,0
ENSG00000281238,0
ENSG00000281239,0
ENSG00000281241,0
ENSG00000281242,0
ENSG00000281247,0
ENSG00000281248,0
ENSG00000281253,0
ENSG00000281255,0
ENSG00000281257,0
ENSG00000281258,0
ENSG00000281259,0
ENSG00000281262,0
ENSG00000281264,0
ENSG00000281267,1
ENSG00000281269,0
ENSG00000281271,0
ENSG00000281272,0
ENSG00000281273,0
ENSG00000281275,0
ENSG00000281278,0
ENSG00000281280,0
ENSG00000281281,0
ENSG00000281282,0
ENSG00000281285,0
ENSG00000281286,0
ENSG00000281288,0
ENSG00000281290,0
ENSG00000281291,0
ENSG00000281293,0
ENSG00000281294,1
ENSG00000281295,0
ENSG00000281297,0
ENSG00000281298,0
ENSG00000281301,0
ENSG00000281302,0
ENSG00000281303,0
ENSG00000281304,0
ENSG00000281311,0
ENSG00000281312,0
ENSG00000281314,0
ENSG00000281315,0
ENSG00000281318,0
ENSG00000281319,1
ENSG00000281322,0
ENSG00000281325,1
ENSG00000281327,1
ENSG00000281328,0
ENSG00000281329,0
ENSG00000281330,0
ENSG00000281331,0
ENSG00000281332,104
ENSG00000281333,9
ENSG00000281337,0
ENSG00000281338,0
ENSG00000281339,0
ENSG00000281341,0
ENSG00000281342,0
ENSG00000281344,201
ENSG00000281346,0
ENSG00000281347,0
ENSG00000281348,6
ENSG00000281350,2
ENSG00000281352,0
ENSG00000281353,0
ENSG00000281355,0
ENSG00000281357,55
ENSG00000281358,25
ENSG00000281359,0
ENSG00000281365,0
ENSG00000281366,0
ENSG00000281368,0
ENSG00000281369,0
ENSG00000281370,1
ENSG00000281371,0
ENSG00000281372,0
ENSG00000281373,0
ENSG00000281375,0
ENSG00000281376,27
ENSG00000281378,0
ENSG00000281379,0
ENSG00000281381,0
ENSG00000281383,12
ENSG00000281386,0
ENSG00000281389,0
ENSG00000281390,0
ENSG00000281392,3
ENSG00000281394,3
ENSG00000281397,0
ENSG00000281398,27
ENSG00000281402,0
ENSG00000281404,141
ENSG00000281405,0
ENSG00000281406,4
ENSG00000281408,0
ENSG00000281411,0
ENSG00000281413,0
ENSG00000281414,0
ENSG00000281415,0
ENSG00000281419,3
ENSG00000281420,2
ENSG00000281423,0
ENSG00000281426,0
ENSG00000281428,0
ENSG00000281431,0
ENSG00000281433,5
ENSG00000281435,0
ENSG00000281437,0
ENSG00000281438,0
ENSG00000281439,0
ENSG00000281440,0
ENSG00000281441,0
ENSG00000281443,0
ENSG00000281444,0
ENSG00000281445,2
ENSG00000281446,0
ENSG00000281447,0
ENSG00000281450,0
ENSG00000281451,0
ENSG00000281452,0
ENSG00000281453,0
ENSG00000281454,0
ENSG00000281457,0
ENSG00000281458,0
ENSG00000281460,0
ENSG00000281461,0
ENSG00000281462,0
ENSG00000281463,0
ENSG00000281466,0
ENSG00000281467,1
ENSG00000281468,46
ENSG00000281469,6
ENSG00000281472,0
ENSG00000281473,0
ENSG00000281474,0
ENSG00000281475,0
ENSG00000281476,0
ENSG00000281477,0
ENSG00000281479,0
ENSG00000281480,0
ENSG00000281483,0
ENSG00000281485,1
ENSG00000281488,0
ENSG00000281490,77
ENSG00000281491,6
ENSG00000281492,0
ENSG00000281497,0
ENSG00000281501,9
ENSG00000281506,0
ENSG00000281508,0
ENSG00000281512,0
ENSG00000281514,0
ENSG00000281515,0
ENSG00000281516,0
ENSG00000281517,0
ENSG00000281522,0
ENSG00000281523,0
ENSG00000281527,4
ENSG00000281528,0
ENSG00000281530,2
ENSG00000281531,0
ENSG00000281532,0
ENSG00000281534,0
ENSG00000281535,0
ENSG00000281538,9
ENSG00000281539,0
ENSG00000281544,0
ENSG00000281545,0
ENSG00000281546,0
ENSG00000281548,1
ENSG00000281549,0
ENSG00000281550,1
ENSG00000281551,0
ENSG00000281554,0
ENSG00000281555,5
ENSG00000281558,0
ENSG00000281560,1
ENSG00000281566,4
ENSG00000281568,0
ENSG00000281570,0
ENSG00000281571,4
ENSG00000281572,0
ENSG00000281574,0
ENSG00000281575,0
ENSG00000281576,0
ENSG00000281579,0
ENSG00000281581,0
ENSG00000281584,4
ENSG00000281585,0
ENSG00000281587,0
ENSG00000281588,0
ENSG00000281589,0
ENSG00000281591,1
ENSG00000281592,0
ENSG00000281593,8
ENSG00000281594,0
ENSG00000281595,0
ENSG00000281596,0
ENSG00000281598,0
ENSG00000281599,5
ENSG00000281600,0
ENSG00000281602,0
ENSG00000281605,0
ENSG00000281606,0
ENSG00000281608,0
ENSG00000281611,0
ENSG00000281613,0
ENSG00000281615,0
ENSG00000281619,0
ENSG00000281620,0
ENSG00000281621,0
ENSG00000281627,0
ENSG00000281628,0
ENSG00000281629,0
ENSG00000281631,0
ENSG00000281632,0
ENSG00000281634,2
ENSG00000281635,0
ENSG00000281636,0
ENSG00000281637,0
ENSG00000281638,0
ENSG00000281639,0
ENSG00000281640,0
ENSG00000281641,4
ENSG00000281643,0
ENSG00000281646,0
ENSG00000281647,1
ENSG00000281649,3835
ENSG00000281652,0
ENSG00000281653,0
ENSG00000281655,6
ENSG00000281656,2
ENSG00000281657,0
ENSG00000281662,0
ENSG00000281663,1
ENSG00000281664,0
ENSG00000281666,1
ENSG00000281669,0
ENSG00000281672,0
ENSG00000281673,0
ENSG00000281674,2
ENSG00000281675,0
ENSG00000281676,0
ENSG00000281678,0
ENSG00000281681,1
ENSG00000281682,0
ENSG00000281684,1
ENSG00000281685,0
ENSG00000281686,0
ENSG00000281689,0
ENSG00000281691,5
ENSG00000281692,0
ENSG00000281694,0
ENSG00000281695,0
ENSG00000281696,0
ENSG00000281698,0
ENSG00000281700,0
ENSG00000281701,0
ENSG00000281706,21
ENSG00000281708,0
ENSG00000281710,0
ENSG00000281712,0
ENSG00000281713,0
ENSG00000281714,0
ENSG00000281715,0
ENSG00000281717,0
ENSG00000281719,2
ENSG00000281720,0
ENSG00000281721,0
ENSG00000281724,0
ENSG00000281726,0
ENSG00000281727,0
ENSG00000281729,0
ENSG00000281730,0
ENSG00000281731,9
ENSG00000281732,1
ENSG00000281735,0
ENSG00000281739,0
ENSG00000281741,5
ENSG00000281744,0
ENSG00000281745,0
ENSG00000281746,0
ENSG00000281747,0
ENSG00000281749,0
ENSG00000281751,0
ENSG00000281752,0
ENSG00000281755,0
ENSG00000281756,1
ENSG00000281760,0
ENSG00000281765,0
ENSG00000281768,0
ENSG00000281769,34
ENSG00000281772,0
ENSG00000281774,0
ENSG00000281776,0
ENSG00000281778,0
ENSG00000281779,0
ENSG00000281780,5
ENSG00000281781,0
ENSG00000281784,0
ENSG00000281786,0
ENSG00000281789,7
ENSG00000281790,0
ENSG00000281791,0
ENSG00000281795,0
ENSG00000281796,3
ENSG00000281802,0
ENSG00000281807,1
ENSG00000281808,0
ENSG00000281809,0
ENSG00000281812,0
ENSG00000281814,0
ENSG00000281816,0
ENSG00000281817,0
ENSG00000281823,0
ENSG00000281824,0
ENSG00000281825,0
ENSG00000281826,0
ENSG00000281827,1
ENSG00000281831,3
ENSG00000281832,12
ENSG00000281834,0
ENSG00000281838,0
ENSG00000281842,6
ENSG00000281843,0
ENSG00000281844,0
ENSG00000281845,0
ENSG00000281849,11
ENSG00000281850,0
ENSG00000281851,0
ENSG00000281852,5
ENSG00000281854,0
ENSG00000281855,0
ENSG00000281856,0
ENSG00000281859,0
ENSG00000281863,0
ENSG00000281864,0
ENSG00000281866,0
ENSG00000281867,2
ENSG00000281868,0
ENSG00000281869,0
ENSG00000281871,0
ENSG00000281872,0
ENSG00000281873,0
ENSG00000281875,0
ENSG00000281880,0
ENSG00000281881,5
ENSG00000281882,0
ENSG00000281883,3
ENSG00000281884,0
ENSG00000281887,0
ENSG00000281888,0
ENSG00000281889,0
ENSG00000281891,0
ENSG00000281892,0
ENSG00000281893,0
ENSG00000281895,0
ENSG00000281896,19
ENSG00000281899,0
ENSG00000281902,2
ENSG00000281903,35
ENSG00000281904,2
ENSG00000281905,0
ENSG00000281906,0
ENSG00000281909,0
ENSG00000281910,0
ENSG00000281912,156
ENSG00000281918,4
ENSG00000281920,3
ENSG00000281921,0
ENSGR0000002586,0
ENSGR0000124333,0
ENSGR0000124334,0
ENSGR0000167393,0
ENSGR0000168939,0
ENSGR0000169084,0
ENSGR0000169093,0
ENSGR0000169100,0
ENSGR0000178605,0
ENSGR0000182162,0
ENSGR0000182378,0
ENSGR0000182484,0
ENSGR0000185203,0
ENSGR0000185291,0
ENSGR0000185960,0
ENSGR0000196433,0
ENSGR0000197976,0
ENSGR0000198223,0
ENSGR0000205755,0
ENSGR0000214717,0
ENSGR0000223274,0
ENSGR0000223484,0
ENSGR0000223511,0
ENSGR0000223571,0
ENSGR0000223773,0
ENSGR0000225661,0
ENSGR0000226179,0
ENSGR0000227159,0
ENSGR0000228410,0
ENSGR0000228572,0
ENSGR0000229232,0
ENSGR0000230542,0
ENSGR0000234622,0
ENSGR0000234958,0
ENSGR0000236017,0
ENSGR0000236871,0
ENSGR0000237040,0
ENSGR0000237531,0
ENSGR0000237801,0
ENSGR0000263835,0
ENSGR0000263980,0
ENSGR0000264510,0
ENSGR0000264819,0
ENSGR0000265658,0
ENSGR0000270726,0
ENSGR0000275287,0
ENSGR0000276543,0
ENSGR0000277120,0
ENSGR0000280767,0
ENSGR0000281849,0
