Gene stable ID,9ba948f3-ae38-4c0c-961d-474c76c00df4
ENSG00000000003,982
ENSG00000000005,0
ENSG00000000419,1721
ENSG00000000457,759
ENSG00000000460,182
ENSG00000000938,344
ENSG00000000971,539
ENSG00000001036,4770
ENSG00000001084,1426
ENSG00000001167,2195
ENSG00000001460,805
ENSG00000001461,3401
ENSG00000001497,2922
ENSG00000001561,1062
ENSG00000001617,7244
ENSG00000001626,0
ENSG00000001629,2256
ENSG00000001630,174
ENSG00000001631,1871
ENSG00000002016,547
ENSG00000002079,13
ENSG00000002330,2457
ENSG00000002549,4068
ENSG00000002586,5699
ENSG00000002587,101
ENSG00000002726,0
ENSG00000002745,6
ENSG00000002746,39
ENSG00000002822,1881
ENSG00000002834,46184
ENSG00000002919,1578
ENSG00000002933,522
ENSG00000003056,3406
ENSG00000003096,42
ENSG00000003137,180
ENSG00000003147,4726
ENSG00000003249,2342
ENSG00000003393,833
ENSG00000003400,340
ENSG00000003402,1730
ENSG00000003436,469
ENSG00000003509,467
ENSG00000003756,5526
ENSG00000003987,232
ENSG00000003989,67
ENSG00000004059,8163
ENSG00000004139,205
ENSG00000004142,7779
ENSG00000004399,65550
ENSG00000004455,4536
ENSG00000004468,41
ENSG00000004478,32183
ENSG00000004487,3502
ENSG00000004534,5935
ENSG00000004660,1793
ENSG00000004700,845
ENSG00000004766,987
ENSG00000004776,91
ENSG00000004777,855
ENSG00000004779,3527
ENSG00000004799,221
ENSG00000004809,3
ENSG00000004838,300
ENSG00000004846,0
ENSG00000004848,0
ENSG00000004864,1305
ENSG00000004866,2311
ENSG00000004897,3109
ENSG00000004939,150
ENSG00000004948,7
ENSG00000004961,981
ENSG00000004975,1746
ENSG00000005001,785
ENSG00000005007,8637
ENSG00000005020,1987
ENSG00000005022,9352
ENSG00000005059,351
ENSG00000005073,9
ENSG00000005075,1550
ENSG00000005100,1052
ENSG00000005102,34
ENSG00000005108,74
ENSG00000005156,4631
ENSG00000005175,1414
ENSG00000005187,54
ENSG00000005189,256
ENSG00000005194,2917
ENSG00000005206,3095
ENSG00000005238,1722
ENSG00000005243,1174
ENSG00000005249,707
ENSG00000005302,808
ENSG00000005339,4515
ENSG00000005379,3364
ENSG00000005381,7
ENSG00000005421,53
ENSG00000005436,886
ENSG00000005448,996
ENSG00000005469,480
ENSG00000005471,37
ENSG00000005483,3621
ENSG00000005486,12205
ENSG00000005513,46
ENSG00000005700,4443
ENSG00000005801,1035
ENSG00000005810,2485
ENSG00000005812,1716
ENSG00000005844,783
ENSG00000005882,1410
ENSG00000005884,5233
ENSG00000005889,7250
ENSG00000005893,6415
ENSG00000005961,70
ENSG00000005981,150
ENSG00000006007,3428
ENSG00000006015,998
ENSG00000006016,74
ENSG00000006025,1057
ENSG00000006042,1414
ENSG00000006047,38
ENSG00000006059,1
ENSG00000006062,657
ENSG00000006071,484
ENSG00000006116,0
ENSG00000006118,2016
ENSG00000006125,14280
ENSG00000006128,0
ENSG00000006194,2149
ENSG00000006210,1074
ENSG00000006282,7340
ENSG00000006283,3
ENSG00000006327,347
ENSG00000006377,8
ENSG00000006432,395
ENSG00000006451,2579
ENSG00000006453,2078
ENSG00000006459,545
ENSG00000006468,122
ENSG00000006530,1968
ENSG00000006534,1565
ENSG00000006555,48
ENSG00000006576,744
ENSG00000006606,10
ENSG00000006607,903
ENSG00000006611,1
ENSG00000006625,1197
ENSG00000006634,312
ENSG00000006638,1087
ENSG00000006652,1043
ENSG00000006659,0
ENSG00000006695,586
ENSG00000006704,1940
ENSG00000006712,4219
ENSG00000006715,2773
ENSG00000006740,772
ENSG00000006744,5130
ENSG00000006747,169
ENSG00000006756,6366
ENSG00000006757,2661
ENSG00000006788,1
ENSG00000006831,12730
ENSG00000006837,34
ENSG00000007001,20
ENSG00000007038,6
ENSG00000007047,2745
ENSG00000007062,2
ENSG00000007080,2068
ENSG00000007129,25
ENSG00000007168,8161
ENSG00000007171,99
ENSG00000007174,218
ENSG00000007202,10968
ENSG00000007216,7
ENSG00000007237,531
ENSG00000007255,1941
ENSG00000007264,65
ENSG00000007306,38
ENSG00000007312,80
ENSG00000007314,142
ENSG00000007341,442
ENSG00000007350,0
ENSG00000007372,89
ENSG00000007376,1889
ENSG00000007384,649
ENSG00000007392,2180
ENSG00000007402,13279
ENSG00000007516,1028
ENSG00000007520,3286
ENSG00000007541,4119
ENSG00000007545,1754
ENSG00000007866,1114
ENSG00000007908,49
ENSG00000007923,1062
ENSG00000007933,124
ENSG00000007944,2531
ENSG00000007952,62
ENSG00000007968,144
ENSG00000008018,8870
ENSG00000008056,170
ENSG00000008083,1272
ENSG00000008086,862
ENSG00000008118,23
ENSG00000008128,198
ENSG00000008130,3509
ENSG00000008196,4
ENSG00000008197,0
ENSG00000008226,1007
ENSG00000008256,764
ENSG00000008277,87
ENSG00000008282,4881
ENSG00000008283,11337
ENSG00000008294,2502
ENSG00000008300,731
ENSG00000008311,324
ENSG00000008323,1106
ENSG00000008324,885
ENSG00000008382,1161
ENSG00000008394,1260
ENSG00000008405,855
ENSG00000008438,7
ENSG00000008441,10294
ENSG00000008513,3028
ENSG00000008516,1525
ENSG00000008517,308
ENSG00000008710,3130
ENSG00000008735,10304
ENSG00000008838,4029
ENSG00000008853,2138
ENSG00000008869,2652
ENSG00000008952,8272
ENSG00000008988,22965
ENSG00000009307,22107
ENSG00000009335,5364
ENSG00000009413,1112
ENSG00000009694,33
ENSG00000009709,3
ENSG00000009724,21
ENSG00000009765,51
ENSG00000009780,466
ENSG00000009790,127
ENSG00000009830,932
ENSG00000009844,2247
ENSG00000009950,115
ENSG00000009954,7135
ENSG00000010017,3946
ENSG00000010030,433
ENSG00000010072,323
ENSG00000010165,2988
ENSG00000010219,715
ENSG00000010244,6893
ENSG00000010256,10348
ENSG00000010270,1832
ENSG00000010278,58312
ENSG00000010282,5
ENSG00000010292,2233
ENSG00000010295,356
ENSG00000010310,476
ENSG00000010318,234
ENSG00000010319,2087
ENSG00000010322,6950
ENSG00000010327,6825
ENSG00000010361,1023
ENSG00000010379,18
ENSG00000010404,3570
ENSG00000010438,10
ENSG00000010539,545
ENSG00000010610,2330
ENSG00000010626,911
ENSG00000010671,301
ENSG00000010704,896
ENSG00000010803,2179
ENSG00000010810,1159
ENSG00000010818,1603
ENSG00000010932,32
ENSG00000011007,3319
ENSG00000011009,4049
ENSG00000011021,1946
ENSG00000011028,2465
ENSG00000011052,113
ENSG00000011083,1
ENSG00000011105,3375
ENSG00000011114,1759
ENSG00000011132,882
ENSG00000011143,1119
ENSG00000011198,881
ENSG00000011201,202
ENSG00000011243,2706
ENSG00000011258,705
ENSG00000011260,2580
ENSG00000011275,4085
ENSG00000011295,5644
ENSG00000011304,12732
ENSG00000011332,99
ENSG00000011347,2812
ENSG00000011376,1195
ENSG00000011405,2118
ENSG00000011422,853
ENSG00000011426,221
ENSG00000011451,3804
ENSG00000011454,2096
ENSG00000011465,2746
ENSG00000011478,739
ENSG00000011485,2645
ENSG00000011523,1566
ENSG00000011566,1239
ENSG00000011590,27
ENSG00000011600,3560
ENSG00000011638,1652
ENSG00000011677,2
ENSG00000012048,592
ENSG00000012061,2612
ENSG00000012124,123
ENSG00000012171,1726
ENSG00000012174,1302
ENSG00000012211,1166
ENSG00000012223,103
ENSG00000012232,3793
ENSG00000012504,0
ENSG00000012660,7285
ENSG00000012779,805
ENSG00000012817,0
ENSG00000012822,3424
ENSG00000012963,3138
ENSG00000012983,1493
ENSG00000013016,2378
ENSG00000013275,5091
ENSG00000013288,3714
ENSG00000013293,0
ENSG00000013297,38
ENSG00000013306,13191
ENSG00000013364,9587
ENSG00000013374,6614
ENSG00000013375,2167
ENSG00000013392,668
ENSG00000013441,2780
ENSG00000013503,640
ENSG00000013523,1002
ENSG00000013561,3124
ENSG00000013563,1124
ENSG00000013573,863
ENSG00000013583,17461
ENSG00000013588,984
ENSG00000013619,93
ENSG00000013725,119
ENSG00000013810,959
ENSG00000014123,2007
ENSG00000014138,1013
ENSG00000014164,2294
ENSG00000014216,14208
ENSG00000014257,18
ENSG00000014641,6115
ENSG00000014824,2658
ENSG00000014914,323
ENSG00000014919,1908
ENSG00000015133,1184
ENSG00000015153,670
ENSG00000015171,4225
ENSG00000015285,549
ENSG00000015413,40
ENSG00000015475,1162
ENSG00000015479,195
ENSG00000015520,811
ENSG00000015532,1907
ENSG00000015568,0
ENSG00000015592,93
ENSG00000015676,8201
ENSG00000016082,1
ENSG00000016391,4451
ENSG00000016402,242
ENSG00000016490,0
ENSG00000016602,0
ENSG00000016864,4845
ENSG00000017260,4941
ENSG00000017427,31
ENSG00000017483,57
ENSG00000017797,3181
ENSG00000018189,2198
ENSG00000018236,543
ENSG00000018280,528
ENSG00000018408,743
ENSG00000018510,2382
ENSG00000018607,0
ENSG00000018610,1123
ENSG00000018625,199
ENSG00000018699,539
ENSG00000018869,130
ENSG00000019102,472
ENSG00000019144,1694
ENSG00000019169,22
ENSG00000019186,327
ENSG00000019485,903
ENSG00000019505,64546
ENSG00000019549,372
ENSG00000019582,58936
ENSG00000019991,106
ENSG00000019995,516
ENSG00000020129,9152
ENSG00000020181,1543
ENSG00000020219,0
ENSG00000020256,1431
ENSG00000020426,723
ENSG00000020577,305
ENSG00000020633,287
ENSG00000020922,794
ENSG00000021300,5928
ENSG00000021355,4109
ENSG00000021461,6
ENSG00000021488,32
ENSG00000021574,590
ENSG00000021645,156
ENSG00000021762,4505
ENSG00000021776,2639
ENSG00000021826,21
ENSG00000021852,0
ENSG00000022267,388
ENSG00000022277,6664
ENSG00000022355,1
ENSG00000022556,2661
ENSG00000022567,1313
ENSG00000022840,11735
ENSG00000022976,688
ENSG00000023041,1044
ENSG00000023171,375
ENSG00000023191,8919
ENSG00000023228,4137
ENSG00000023287,2689
ENSG00000023318,3358
ENSG00000023330,4215
ENSG00000023445,446
ENSG00000023516,2292
ENSG00000023572,398
ENSG00000023608,151
ENSG00000023697,1417
ENSG00000023734,7045
ENSG00000023839,4
ENSG00000023892,3201
ENSG00000023902,2694
ENSG00000023909,1101
ENSG00000024048,3766
ENSG00000024422,3422
ENSG00000024526,65
ENSG00000024862,1095
ENSG00000025039,1905
ENSG00000025156,1407
ENSG00000025293,3240
ENSG00000025423,185
ENSG00000025434,1233
ENSG00000025708,2659
ENSG00000025770,2410
ENSG00000025772,5397
ENSG00000025796,4936
ENSG00000025800,6148
ENSG00000026025,23619
ENSG00000026036,124
ENSG00000026103,210
ENSG00000026297,2231
ENSG00000026508,16522
ENSG00000026559,13
ENSG00000026652,111
ENSG00000026751,74
ENSG00000026950,1801
ENSG00000027001,1363
ENSG00000027075,926
ENSG00000027644,20
ENSG00000027697,1734
ENSG00000027847,1378
ENSG00000027869,44
ENSG00000028116,575
ENSG00000028137,2038
ENSG00000028203,2609
ENSG00000028277,270
ENSG00000028310,2081
ENSG00000028528,10235
ENSG00000028839,587
ENSG00000029153,97
ENSG00000029363,5763
ENSG00000029364,2839
ENSG00000029534,14379
ENSG00000029559,42
ENSG00000029639,357
ENSG00000029725,14900
ENSG00000029993,2330
ENSG00000030066,1603
ENSG00000030110,1141
ENSG00000030304,0
ENSG00000030419,38
ENSG00000030582,18013
ENSG00000031003,1239
ENSG00000031081,1183
ENSG00000031691,275
ENSG00000031698,7881
ENSG00000031823,3529
ENSG00000032219,544
ENSG00000032389,1265
ENSG00000032444,1442
ENSG00000032742,1753
ENSG00000033011,1275
ENSG00000033030,1313
ENSG00000033050,3948
ENSG00000033100,5116
ENSG00000033122,16
ENSG00000033170,4014
ENSG00000033178,1296
ENSG00000033327,716
ENSG00000033627,6604
ENSG00000033800,3002
ENSG00000033867,967
ENSG00000034053,43
ENSG00000034152,2942
ENSG00000034239,7
ENSG00000034510,18990
ENSG00000034533,636
ENSG00000034677,1674
ENSG00000034693,608
ENSG00000034713,8002
ENSG00000034971,0
ENSG00000035115,646
ENSG00000035141,1682
ENSG00000035403,4356
ENSG00000035499,49
ENSG00000035664,4154
ENSG00000035681,1797
ENSG00000035687,1695
ENSG00000035720,10
ENSG00000035862,6073
ENSG00000035928,2429
ENSG00000036054,1272
ENSG00000036257,4199
ENSG00000036448,493
ENSG00000036473,0
ENSG00000036530,499
ENSG00000036549,2369
ENSG00000036565,21
ENSG00000036672,528
ENSG00000036828,1
ENSG00000037042,1097
ENSG00000037241,816
ENSG00000037280,1473
ENSG00000037474,6721
ENSG00000037637,1479
ENSG00000037749,416
ENSG00000037757,1167
ENSG00000037897,1201
ENSG00000037965,77
ENSG00000038002,1864
ENSG00000038210,292
ENSG00000038219,1825
ENSG00000038274,2034
ENSG00000038295,30
ENSG00000038358,3036
ENSG00000038382,3492
ENSG00000038427,2708
ENSG00000038532,1344
ENSG00000038945,1256
ENSG00000039068,21654
ENSG00000039123,2278
ENSG00000039139,378
ENSG00000039319,1468
ENSG00000039523,5376
ENSG00000039537,1
ENSG00000039560,2222
ENSG00000039600,16
ENSG00000039650,1765
ENSG00000039987,0
ENSG00000040199,923
ENSG00000040275,399
ENSG00000040341,1948
ENSG00000040487,968
ENSG00000040531,1174
ENSG00000040608,282
ENSG00000040633,3137
ENSG00000040731,0
ENSG00000040933,1279
ENSG00000041353,464
ENSG00000041357,7386
ENSG00000041515,1
ENSG00000041802,2961
ENSG00000041880,1994
ENSG00000041982,618
ENSG00000041988,861
ENSG00000042062,39
ENSG00000042088,864
ENSG00000042286,689
ENSG00000042304,0
ENSG00000042317,484
ENSG00000042429,970
ENSG00000042445,2552
ENSG00000042493,2428
ENSG00000042753,4726
ENSG00000042781,16
ENSG00000042813,5
ENSG00000042832,27
ENSG00000042980,278
ENSG00000043039,2738
ENSG00000043093,854
ENSG00000043143,3775
ENSG00000043355,8
ENSG00000043462,972
ENSG00000043514,819
ENSG00000043591,11
ENSG00000044012,0
ENSG00000044090,6988
ENSG00000044115,9820
ENSG00000044446,2693
ENSG00000044459,691
ENSG00000044524,90
ENSG00000044574,39554
ENSG00000046604,879
ENSG00000046647,1821
ENSG00000046651,2142
ENSG00000046653,110
ENSG00000046774,0
ENSG00000046889,215
ENSG00000047056,1113
ENSG00000047188,1629
ENSG00000047230,2192
ENSG00000047249,4699
ENSG00000047315,3359
ENSG00000047346,4438
ENSG00000047365,431
ENSG00000047410,5481
ENSG00000047457,11
ENSG00000047578,2857
ENSG00000047579,1078
ENSG00000047597,156
ENSG00000047617,55
ENSG00000047621,778
ENSG00000047634,590
ENSG00000047644,1481
ENSG00000047648,177
ENSG00000047662,25
ENSG00000047849,10531
ENSG00000047932,1906
ENSG00000047936,1
ENSG00000048028,636
ENSG00000048052,73
ENSG00000048140,2207
ENSG00000048162,1090
ENSG00000048342,461
ENSG00000048392,2338
ENSG00000048405,805
ENSG00000048462,3
ENSG00000048471,939
ENSG00000048540,20
ENSG00000048544,1596
ENSG00000048545,3
ENSG00000048649,1722
ENSG00000048707,3508
ENSG00000048740,411
ENSG00000048828,10337
ENSG00000048991,1143
ENSG00000049089,33
ENSG00000049130,961
ENSG00000049167,126
ENSG00000049192,51
ENSG00000049239,3847
ENSG00000049245,3803
ENSG00000049246,372
ENSG00000049247,0
ENSG00000049249,12
ENSG00000049283,1448
ENSG00000049323,566
ENSG00000049449,1418
ENSG00000049540,1612
ENSG00000049541,1499
ENSG00000049618,3800
ENSG00000049656,11838
ENSG00000049759,1706
ENSG00000049768,97
ENSG00000049769,1362
ENSG00000049860,4024
ENSG00000049883,716
ENSG00000050030,757
ENSG00000050130,1426
ENSG00000050165,1655
ENSG00000050327,1432
ENSG00000050344,268
ENSG00000050393,2802
ENSG00000050405,3454
ENSG00000050426,2105
ENSG00000050438,1538
ENSG00000050555,35
ENSG00000050628,427
ENSG00000050730,4
ENSG00000050748,3209
ENSG00000050767,72
ENSG00000050820,7715
ENSG00000051009,2182
ENSG00000051108,9546
ENSG00000051128,645
ENSG00000051180,229
ENSG00000051341,69
ENSG00000051382,2165
ENSG00000051523,4427
ENSG00000051596,441
ENSG00000051620,1891
ENSG00000051825,778
ENSG00000052126,2084
ENSG00000052344,6062
ENSG00000052723,1017
ENSG00000052749,2543
ENSG00000052795,465
ENSG00000052802,1820
ENSG00000052841,2888
ENSG00000052850,4
ENSG00000053108,4941
ENSG00000053254,695
ENSG00000053328,1
ENSG00000053371,3691
ENSG00000053372,2385
ENSG00000053438,9
ENSG00000053501,1161
ENSG00000053524,3
ENSG00000053702,496
ENSG00000053747,3331
ENSG00000053770,2061
ENSG00000053900,1032
ENSG00000053918,548
ENSG00000054116,2580
ENSG00000054118,7217
ENSG00000054148,6164
ENSG00000054179,97
ENSG00000054219,338
ENSG00000054267,2806
ENSG00000054277,106
ENSG00000054282,785
ENSG00000054356,12
ENSG00000054392,1031
ENSG00000054523,2766
ENSG00000054598,134
ENSG00000054611,1172
ENSG00000054654,1626
ENSG00000054690,82
ENSG00000054793,8378
ENSG00000054796,0
ENSG00000054803,80
ENSG00000054938,9
ENSG00000054965,1936
ENSG00000054967,161
ENSG00000054983,1534
ENSG00000055044,3228
ENSG00000055070,7026
ENSG00000055118,2523
ENSG00000055130,4937
ENSG00000055147,1047
ENSG00000055163,9191
ENSG00000055208,3608
ENSG00000055211,2235
ENSG00000055332,4656
ENSG00000055483,5545
ENSG00000055609,5650
ENSG00000055732,4
ENSG00000055813,24
ENSG00000055917,5378
ENSG00000055950,2043
ENSG00000055955,48
ENSG00000055957,12
ENSG00000056050,862
ENSG00000056097,3643
ENSG00000056277,131
ENSG00000056291,1
ENSG00000056487,18
ENSG00000056558,447
ENSG00000056586,3024
ENSG00000056736,481
ENSG00000056972,920
ENSG00000056998,207
ENSG00000057019,1464
ENSG00000057149,1
ENSG00000057252,918
ENSG00000057294,978
ENSG00000057468,3
ENSG00000057593,5
ENSG00000057608,9687
ENSG00000057657,508
ENSG00000057663,1425
ENSG00000057704,232
ENSG00000057757,2399
ENSG00000057935,2692
ENSG00000058056,865
ENSG00000058063,1538
ENSG00000058085,841
ENSG00000058091,182
ENSG00000058262,21810
ENSG00000058272,2735
ENSG00000058335,8
ENSG00000058404,4408
ENSG00000058453,2185
ENSG00000058600,3446
ENSG00000058668,5250
ENSG00000058673,7633
ENSG00000058729,1311
ENSG00000058799,4341
ENSG00000058804,476
ENSG00000058866,34
ENSG00000059122,2473
ENSG00000059145,671
ENSG00000059377,1071
ENSG00000059378,3302
ENSG00000059573,5368
ENSG00000059588,2045
ENSG00000059691,902
ENSG00000059728,1077
ENSG00000059758,4603
ENSG00000059769,481
ENSG00000059804,896
ENSG00000059915,103
ENSG00000060069,1137
ENSG00000060138,1006
ENSG00000060140,213
ENSG00000060237,10629
ENSG00000060303,1
ENSG00000060339,2458
ENSG00000060491,6417
ENSG00000060558,1721
ENSG00000060566,0
ENSG00000060642,1256
ENSG00000060656,6369
ENSG00000060688,2257
ENSG00000060709,0
ENSG00000060718,989
ENSG00000060749,1822
ENSG00000060762,1125
ENSG00000060971,6129
ENSG00000060982,479
ENSG00000061273,8632
ENSG00000061337,511
ENSG00000061455,25
ENSG00000061492,1
ENSG00000061656,583
ENSG00000061676,5958
ENSG00000061794,3030
ENSG00000061918,678
ENSG00000061936,2056
ENSG00000061938,9182
ENSG00000061987,2047
ENSG00000062038,273
ENSG00000062096,0
ENSG00000062194,4493
ENSG00000062282,34
ENSG00000062370,306
ENSG00000062485,7327
ENSG00000062524,7
ENSG00000062582,441
ENSG00000062598,5907
ENSG00000062650,1917
ENSG00000062716,6322
ENSG00000062725,2482
ENSG00000062822,892
ENSG00000063015,215
ENSG00000063046,21735
ENSG00000063127,3
ENSG00000063169,958
ENSG00000063176,1097
ENSG00000063177,38936
ENSG00000063180,2176
ENSG00000063241,2071
ENSG00000063244,9420
ENSG00000063245,7288
ENSG00000063322,4524
ENSG00000063438,884
ENSG00000063515,0
ENSG00000063587,1782
ENSG00000063601,1961
ENSG00000063660,2222
ENSG00000063761,725
ENSG00000063854,4756
ENSG00000063978,4411
ENSG00000064012,950
ENSG00000064042,2004
ENSG00000064102,1456
ENSG00000064115,2989
ENSG00000064195,19
ENSG00000064199,397
ENSG00000064201,29
ENSG00000064205,139
ENSG00000064218,43
ENSG00000064225,334
ENSG00000064270,3703
ENSG00000064300,47
ENSG00000064309,1761
ENSG00000064313,1212
ENSG00000064393,7938
ENSG00000064419,3695
ENSG00000064489,32
ENSG00000064490,2265
ENSG00000064545,1096
ENSG00000064547,601
ENSG00000064601,6820
ENSG00000064607,2353
ENSG00000064651,867
ENSG00000064652,472
ENSG00000064655,91
ENSG00000064666,1669
ENSG00000064687,1590
ENSG00000064692,29
ENSG00000064703,979
ENSG00000064726,4281
ENSG00000064763,1346
ENSG00000064787,28294
ENSG00000064835,0
ENSG00000064886,14
ENSG00000064932,4301
ENSG00000064933,451
ENSG00000064961,25977
ENSG00000064989,1262
ENSG00000064995,1455
ENSG00000064999,2066
ENSG00000065000,17507
ENSG00000065029,2742
ENSG00000065054,13266
ENSG00000065057,1277
ENSG00000065060,2401
ENSG00000065135,3976
ENSG00000065150,5352
ENSG00000065154,7349
ENSG00000065183,3050
ENSG00000065243,1320
ENSG00000065268,1674
ENSG00000065308,2418
ENSG00000065320,370
ENSG00000065325,8
ENSG00000065328,103
ENSG00000065357,2331
ENSG00000065361,14204
ENSG00000065371,0
ENSG00000065413,352
ENSG00000065427,8693
ENSG00000065457,1956
ENSG00000065485,1222
ENSG00000065491,939
ENSG00000065518,6567
ENSG00000065526,3702
ENSG00000065534,2465
ENSG00000065548,2524
ENSG00000065559,3780
ENSG00000065600,314
ENSG00000065609,1
ENSG00000065613,1807
ENSG00000065615,690
ENSG00000065618,51
ENSG00000065621,1831
ENSG00000065665,347
ENSG00000065675,12
ENSG00000065717,1693
ENSG00000065802,1013
ENSG00000065809,2928
ENSG00000065833,2961
ENSG00000065882,1911
ENSG00000065883,3071
ENSG00000065911,1116
ENSG00000065923,918
ENSG00000065970,1975
ENSG00000065978,12359
ENSG00000065989,1676
ENSG00000066027,5751
ENSG00000066032,54
ENSG00000066044,4365
ENSG00000066056,1974
ENSG00000066084,2010
ENSG00000066117,3386
ENSG00000066135,3351
ENSG00000066136,2750
ENSG00000066185,309
ENSG00000066230,49
ENSG00000066248,581
ENSG00000066279,151
ENSG00000066294,424
ENSG00000066322,3609
ENSG00000066336,1394
ENSG00000066379,1152
ENSG00000066382,480
ENSG00000066405,13
ENSG00000066422,1179
ENSG00000066427,678
ENSG00000066455,4586
ENSG00000066468,476
ENSG00000066557,324
ENSG00000066583,1162
ENSG00000066629,1456
ENSG00000066651,366
ENSG00000066654,2232
ENSG00000066697,1052
ENSG00000066735,263
ENSG00000066739,1955
ENSG00000066777,4402
ENSG00000066813,0
ENSG00000066827,561
ENSG00000066855,405
ENSG00000066923,75
ENSG00000066926,1534
ENSG00000066933,1756
ENSG00000067048,0
ENSG00000067057,2062
ENSG00000067064,1745
ENSG00000067066,3128
ENSG00000067082,2686
ENSG00000067113,2231
ENSG00000067141,5864
ENSG00000067167,5838
ENSG00000067177,1887
ENSG00000067182,5262
ENSG00000067191,280
ENSG00000067208,640
ENSG00000067221,3155
ENSG00000067225,49148
ENSG00000067248,2465
ENSG00000067334,2656
ENSG00000067365,628
ENSG00000067369,6849
ENSG00000067445,230
ENSG00000067533,1075
ENSG00000067560,29248
ENSG00000067596,3414
ENSG00000067601,161
ENSG00000067606,848
ENSG00000067646,0
ENSG00000067704,7866
ENSG00000067715,1055
ENSG00000067798,263
ENSG00000067829,5157
ENSG00000067836,4548
ENSG00000067840,747
ENSG00000067842,1
ENSG00000067900,1836
ENSG00000067955,1522
ENSG00000067992,742
ENSG00000068001,2661
ENSG00000068024,560
ENSG00000068028,1646
ENSG00000068078,1318
ENSG00000068079,3689
ENSG00000068097,1530
ENSG00000068120,9123
ENSG00000068137,4913
ENSG00000068305,3007
ENSG00000068308,4519
ENSG00000068323,3884
ENSG00000068354,1255
ENSG00000068366,393
ENSG00000068383,1199
ENSG00000068394,1812
ENSG00000068400,3835
ENSG00000068438,1888
ENSG00000068489,152
ENSG00000068615,339
ENSG00000068650,893
ENSG00000068654,2504
ENSG00000068697,11489
ENSG00000068724,1095
ENSG00000068745,6536
ENSG00000068781,0
ENSG00000068784,917
ENSG00000068796,806
ENSG00000068831,173
ENSG00000068878,2211
ENSG00000068885,428
ENSG00000068903,2478
ENSG00000068912,2690
ENSG00000068971,1227
ENSG00000068976,53
ENSG00000068985,0
ENSG00000069011,73
ENSG00000069018,0
ENSG00000069020,5760
ENSG00000069122,1646
ENSG00000069188,24
ENSG00000069206,0
ENSG00000069248,2167
ENSG00000069275,12814
ENSG00000069329,7892
ENSG00000069345,4578
ENSG00000069399,10136
ENSG00000069424,1197
ENSG00000069431,266
ENSG00000069482,3
ENSG00000069493,131
ENSG00000069509,2060
ENSG00000069535,47
ENSG00000069667,597
ENSG00000069696,18
ENSG00000069702,146
ENSG00000069712,294
ENSG00000069764,2
ENSG00000069812,7
ENSG00000069849,4247
ENSG00000069869,931
ENSG00000069943,870
ENSG00000069956,2284
ENSG00000069966,2302
ENSG00000069974,1569
ENSG00000069998,1422
ENSG00000070010,1397
ENSG00000070018,1432
ENSG00000070019,143
ENSG00000070031,22
ENSG00000070047,4308
ENSG00000070061,3230
ENSG00000070081,10674
ENSG00000070087,5116
ENSG00000070159,574
ENSG00000070182,110
ENSG00000070190,168
ENSG00000070193,701
ENSG00000070214,3110
ENSG00000070269,739
ENSG00000070366,1131
ENSG00000070367,4641
ENSG00000070371,56
ENSG00000070388,5
ENSG00000070404,423
ENSG00000070413,6284
ENSG00000070423,1745
ENSG00000070444,1590
ENSG00000070476,2361
ENSG00000070495,1924
ENSG00000070501,1647
ENSG00000070526,6
ENSG00000070540,901
ENSG00000070601,62
ENSG00000070610,4309
ENSG00000070614,5890
ENSG00000070669,3453
ENSG00000070718,899
ENSG00000070729,0
ENSG00000070731,2949
ENSG00000070748,0
ENSG00000070756,37457
ENSG00000070759,294
ENSG00000070761,1909
ENSG00000070770,2978
ENSG00000070778,293
ENSG00000070785,1315
ENSG00000070808,8
ENSG00000070814,3304
ENSG00000070831,9419
ENSG00000070882,617
ENSG00000070886,264
ENSG00000070915,3
ENSG00000070950,420
ENSG00000070961,762
ENSG00000070985,0
ENSG00000071051,1421
ENSG00000071054,3613
ENSG00000071073,8071
ENSG00000071082,23680
ENSG00000071127,12328
ENSG00000071189,1818
ENSG00000071203,0
ENSG00000071205,247
ENSG00000071242,2656
ENSG00000071243,1268
ENSG00000071246,2084
ENSG00000071282,1464
ENSG00000071462,4596
ENSG00000071537,4601
ENSG00000071539,416
ENSG00000071553,22972
ENSG00000071564,847
ENSG00000071575,694
ENSG00000071626,4408
ENSG00000071655,2155
ENSG00000071677,0
ENSG00000071794,2026
ENSG00000071859,5984
ENSG00000071889,3441
ENSG00000071894,2921
ENSG00000071909,3
ENSG00000071967,45383
ENSG00000071991,0
ENSG00000071994,2686
ENSG00000072041,0
ENSG00000072042,1858
ENSG00000072062,6339
ENSG00000072071,5113
ENSG00000072080,0
ENSG00000072110,6749
ENSG00000072121,989
ENSG00000072133,1
ENSG00000072134,1883
ENSG00000072135,4374
ENSG00000072163,755
ENSG00000072182,2
ENSG00000072195,620
ENSG00000072201,944
ENSG00000072210,6902
ENSG00000072274,1289
ENSG00000072310,71148
ENSG00000072315,1
ENSG00000072364,4416
ENSG00000072401,293
ENSG00000072415,851
ENSG00000072422,399
ENSG00000072501,8035
ENSG00000072506,5053
ENSG00000072518,2462
ENSG00000072571,161
ENSG00000072609,1617
ENSG00000072657,1
ENSG00000072682,3053
ENSG00000072694,151
ENSG00000072736,1071
ENSG00000072756,791
ENSG00000072778,8964
ENSG00000072786,2290
ENSG00000072803,2322
ENSG00000072818,170
ENSG00000072832,788
ENSG00000072840,218
ENSG00000072849,2657
ENSG00000072858,45
ENSG00000072864,2388
ENSG00000072952,667
ENSG00000072954,223
ENSG00000072958,2430
ENSG00000073008,1527
ENSG00000073050,2207
ENSG00000073060,5842
ENSG00000073067,12
ENSG00000073111,1992
ENSG00000073146,27
ENSG00000073150,769
ENSG00000073169,1582
ENSG00000073282,17
ENSG00000073331,579
ENSG00000073350,5788
ENSG00000073417,1810
ENSG00000073464,96
ENSG00000073536,1580
ENSG00000073578,5667
ENSG00000073584,4268
ENSG00000073598,5
ENSG00000073605,333
ENSG00000073614,3198
ENSG00000073670,20
ENSG00000073711,403
ENSG00000073712,1032
ENSG00000073734,1
ENSG00000073737,25
ENSG00000073754,0
ENSG00000073756,11
ENSG00000073792,51
ENSG00000073803,1616
ENSG00000073849,1416
ENSG00000073861,16
ENSG00000073905,2
ENSG00000073910,4620
ENSG00000073921,4836
ENSG00000073969,4088
ENSG00000074047,33
ENSG00000074054,2213
ENSG00000074071,5851
ENSG00000074181,7009
ENSG00000074201,2478
ENSG00000074211,2513
ENSG00000074219,387
ENSG00000074266,569
ENSG00000074276,12
ENSG00000074317,0
ENSG00000074319,4747
ENSG00000074356,2609
ENSG00000074370,1867
ENSG00000074410,4990
ENSG00000074416,11815
ENSG00000074527,659
ENSG00000074582,847
ENSG00000074590,783
ENSG00000074603,1893
ENSG00000074621,1313
ENSG00000074657,2528
ENSG00000074660,828
ENSG00000074695,6336
ENSG00000074696,14837
ENSG00000074706,43
ENSG00000074755,5524
ENSG00000074771,0
ENSG00000074800,22379
ENSG00000074803,6
ENSG00000074842,4455
ENSG00000074855,847
ENSG00000074935,493
ENSG00000074964,1393
ENSG00000074966,5
ENSG00000075035,2
ENSG00000075043,1
ENSG00000075073,62
ENSG00000075089,1132
ENSG00000075131,435
ENSG00000075142,7937
ENSG00000075151,3969
ENSG00000075188,927
ENSG00000075213,47
ENSG00000075218,95
ENSG00000075223,88
ENSG00000075234,2893
ENSG00000075239,6205
ENSG00000075240,3318
ENSG00000075275,514
ENSG00000075290,2
ENSG00000075292,6304
ENSG00000075303,701
ENSG00000075336,762
ENSG00000075340,312
ENSG00000075388,0
ENSG00000075391,547
ENSG00000075399,1020
ENSG00000075407,1879
ENSG00000075413,2821
ENSG00000075415,17925
ENSG00000075420,2243
ENSG00000075426,3700
ENSG00000075429,0
ENSG00000075461,181
ENSG00000075539,1525
ENSG00000075568,2342
ENSG00000075618,3829
ENSG00000075624,151009
ENSG00000075643,311
ENSG00000075651,283
ENSG00000075673,7
ENSG00000075702,143
ENSG00000075711,2176
ENSG00000075785,16505
ENSG00000075790,1811
ENSG00000075826,354
ENSG00000075856,3152
ENSG00000075884,287
ENSG00000075886,37
ENSG00000075891,0
ENSG00000075914,1414
ENSG00000075945,2330
ENSG00000075975,1728
ENSG00000076003,1638
ENSG00000076043,704
ENSG00000076053,473
ENSG00000076067,1360
ENSG00000076108,9668
ENSG00000076201,6459
ENSG00000076242,3250
ENSG00000076248,2447
ENSG00000076258,153
ENSG00000076321,572
ENSG00000076344,3099
ENSG00000076351,2296
ENSG00000076356,1858
ENSG00000076382,492
ENSG00000076513,2137
ENSG00000076554,8172
ENSG00000076555,1443
ENSG00000076604,3308
ENSG00000076641,822
ENSG00000076650,560
ENSG00000076662,10
ENSG00000076685,531
ENSG00000076706,8686
ENSG00000076716,138
ENSG00000076770,639
ENSG00000076826,1900
ENSG00000076864,4636
ENSG00000076924,2369
ENSG00000076928,4843
ENSG00000076944,1829
ENSG00000076984,1975
ENSG00000077009,1
ENSG00000077044,2593
ENSG00000077063,32
ENSG00000077080,3
ENSG00000077092,169
ENSG00000077097,9963
ENSG00000077147,5581
ENSG00000077150,1501
ENSG00000077152,312
ENSG00000077157,1203
ENSG00000077232,7180
ENSG00000077235,8748
ENSG00000077238,1135
ENSG00000077254,3502
ENSG00000077264,1
ENSG00000077274,1
ENSG00000077279,0
ENSG00000077312,2523
ENSG00000077327,0
ENSG00000077348,1696
ENSG00000077380,4517
ENSG00000077420,540
ENSG00000077454,1033
ENSG00000077458,298
ENSG00000077463,777
ENSG00000077498,0
ENSG00000077514,441
ENSG00000077522,1764
ENSG00000077549,13270
ENSG00000077585,401
ENSG00000077616,40
ENSG00000077684,1332
ENSG00000077713,969
ENSG00000077721,3014
ENSG00000077782,2824
ENSG00000077800,2
ENSG00000077935,2
ENSG00000077942,909
ENSG00000077943,350
ENSG00000077984,60
ENSG00000078018,195
ENSG00000078043,1024
ENSG00000078053,54
ENSG00000078061,5897
ENSG00000078070,1095
ENSG00000078081,30
ENSG00000078098,364
ENSG00000078114,1671
ENSG00000078124,588
ENSG00000078140,3205
ENSG00000078142,1796
ENSG00000078177,507
ENSG00000078237,314
ENSG00000078246,973
ENSG00000078269,3284
ENSG00000078295,14
ENSG00000078304,4555
ENSG00000078319,773
ENSG00000078328,0
ENSG00000078369,25925
ENSG00000078399,42
ENSG00000078401,102
ENSG00000078403,932
ENSG00000078487,482
ENSG00000078549,99
ENSG00000078579,6
ENSG00000078589,10
ENSG00000078596,444
ENSG00000078618,6797
ENSG00000078668,5501
ENSG00000078674,8213
ENSG00000078687,1580
ENSG00000078699,4285
ENSG00000078725,3
ENSG00000078747,2448
ENSG00000078795,2
ENSG00000078804,3721
ENSG00000078808,9051
ENSG00000078814,103
ENSG00000078898,12799
ENSG00000078900,636
ENSG00000078902,7488
ENSG00000078967,1408
ENSG00000079101,92
ENSG00000079102,117
ENSG00000079112,5
ENSG00000079134,663
ENSG00000079150,370
ENSG00000079156,1477
ENSG00000079215,296
ENSG00000079246,13118
ENSG00000079257,1526
ENSG00000079263,97
ENSG00000079277,986
ENSG00000079308,3968
ENSG00000079313,2357
ENSG00000079332,3923
ENSG00000079335,332
ENSG00000079337,1505
ENSG00000079385,225
ENSG00000079387,842
ENSG00000079393,55
ENSG00000079432,4589
ENSG00000079435,253
ENSG00000079459,7698
ENSG00000079462,3404
ENSG00000079482,568
ENSG00000079557,0
ENSG00000079616,2045
ENSG00000079689,12
ENSG00000079691,1011
ENSG00000079739,1942
ENSG00000079785,6609
ENSG00000079805,7067
ENSG00000079819,3129
ENSG00000079841,70
ENSG00000079931,117
ENSG00000079950,2523
ENSG00000079974,2078
ENSG00000079999,4978
ENSG00000080007,1
ENSG00000080031,10
ENSG00000080166,128
ENSG00000080189,5083
ENSG00000080200,178
ENSG00000080224,2100
ENSG00000080293,3
ENSG00000080298,327
ENSG00000080345,1960
ENSG00000080371,3215
ENSG00000080493,27
ENSG00000080503,10433
ENSG00000080511,3
ENSG00000080546,1660
ENSG00000080561,831
ENSG00000080572,2
ENSG00000080573,2360
ENSG00000080603,9803
ENSG00000080608,1159
ENSG00000080618,2
ENSG00000080644,2
ENSG00000080709,82
ENSG00000080802,1942
ENSG00000080815,2319
ENSG00000080819,367
ENSG00000080822,2785
ENSG00000080823,549
ENSG00000080824,102510
ENSG00000080839,359
ENSG00000080845,5964
ENSG00000080854,156
ENSG00000080910,0
ENSG00000080947,161
ENSG00000080986,142
ENSG00000081014,847
ENSG00000081019,852
ENSG00000081026,540
ENSG00000081041,23
ENSG00000081051,0
ENSG00000081052,24
ENSG00000081059,73
ENSG00000081087,1319
ENSG00000081138,1
ENSG00000081148,8
ENSG00000081154,4745
ENSG00000081177,1577
ENSG00000081181,69
ENSG00000081189,1368
ENSG00000081237,464
ENSG00000081248,6
ENSG00000081277,20
ENSG00000081307,1738
ENSG00000081320,381
ENSG00000081377,236
ENSG00000081386,935
ENSG00000081479,19671
ENSG00000081665,933
ENSG00000081692,1045
ENSG00000081721,714
ENSG00000081760,3831
ENSG00000081791,2503
ENSG00000081800,0
ENSG00000081803,626
ENSG00000081818,52
ENSG00000081842,3
ENSG00000081853,9
ENSG00000081870,983
ENSG00000081913,1006
ENSG00000081923,3430
ENSG00000081985,1
ENSG00000082014,2954
ENSG00000082068,1788
ENSG00000082074,455
ENSG00000082126,1
ENSG00000082146,1146
ENSG00000082153,6486
ENSG00000082175,6271
ENSG00000082196,225
ENSG00000082212,2047
ENSG00000082213,1889
ENSG00000082258,885
ENSG00000082269,216
ENSG00000082293,1
ENSG00000082397,5039
ENSG00000082438,943
ENSG00000082458,5299
ENSG00000082482,166
ENSG00000082497,83
ENSG00000082512,827
ENSG00000082515,1153
ENSG00000082516,1433
ENSG00000082556,0
ENSG00000082641,22343
ENSG00000082684,493
ENSG00000082701,3299
ENSG00000082781,5324
ENSG00000082805,1788
ENSG00000082898,6578
ENSG00000082929,0
ENSG00000082996,1924
ENSG00000083067,1
ENSG00000083093,479
ENSG00000083097,1343
ENSG00000083099,2519
ENSG00000083123,594
ENSG00000083168,3661
ENSG00000083223,2175
ENSG00000083290,2991
ENSG00000083307,2675
ENSG00000083312,4167
ENSG00000083444,7519
ENSG00000083454,239
ENSG00000083457,788
ENSG00000083520,3164
ENSG00000083535,1127
ENSG00000083544,1461
ENSG00000083622,0
ENSG00000083635,397
ENSG00000083642,3034
ENSG00000083720,797
ENSG00000083750,933
ENSG00000083782,32
ENSG00000083799,4357
ENSG00000083807,264
ENSG00000083812,566
ENSG00000083814,795
ENSG00000083817,480
ENSG00000083828,1141
ENSG00000083838,1037
ENSG00000083844,1868
ENSG00000083845,21670
ENSG00000083857,1177
ENSG00000083896,3603
ENSG00000083937,2006
ENSG00000084070,4246
ENSG00000084072,1547
ENSG00000084073,2969
ENSG00000084090,7896
ENSG00000084092,1534
ENSG00000084093,1323
ENSG00000084110,6
ENSG00000084112,2126
ENSG00000084207,1964
ENSG00000084234,16382
ENSG00000084444,13269
ENSG00000084453,0
ENSG00000084463,6301
ENSG00000084623,11135
ENSG00000084628,4155
ENSG00000084636,1057
ENSG00000084652,5855
ENSG00000084674,0
ENSG00000084676,5722
ENSG00000084693,1266
ENSG00000084710,712
ENSG00000084731,4343
ENSG00000084733,15069
ENSG00000084734,1
ENSG00000084754,9569
ENSG00000084764,3423
ENSG00000084774,1863
ENSG00000085063,16460
ENSG00000085117,598
ENSG00000085185,940
ENSG00000085224,2507
ENSG00000085231,803
ENSG00000085265,4
ENSG00000085274,804
ENSG00000085276,430
ENSG00000085365,3021
ENSG00000085377,2322
ENSG00000085382,487
ENSG00000085415,1600
ENSG00000085433,818
ENSG00000085449,1119
ENSG00000085465,619
ENSG00000085491,960
ENSG00000085511,1307
ENSG00000085514,316
ENSG00000085552,664
ENSG00000085563,58
ENSG00000085644,2175
ENSG00000085662,3451
ENSG00000085719,7166
ENSG00000085721,4079
ENSG00000085733,30474
ENSG00000085741,89
ENSG00000085760,1634
ENSG00000085788,2671
ENSG00000085831,5563
ENSG00000085832,3119
ENSG00000085840,76
ENSG00000085871,3054
ENSG00000085872,2747
ENSG00000085978,1332
ENSG00000085982,2637
ENSG00000085998,11443
ENSG00000085999,97
ENSG00000086015,3844
ENSG00000086061,24809
ENSG00000086062,4723
ENSG00000086065,5370
ENSG00000086102,4399
ENSG00000086159,82
ENSG00000086189,1360
ENSG00000086200,870
ENSG00000086205,191
ENSG00000086232,20774
ENSG00000086288,8
ENSG00000086289,2103
ENSG00000086300,1969
ENSG00000086475,2407
ENSG00000086504,2942
ENSG00000086506,8
ENSG00000086544,1331
ENSG00000086548,9136
ENSG00000086570,17
ENSG00000086589,2838
ENSG00000086598,14744
ENSG00000086619,569
ENSG00000086666,4529
ENSG00000086696,1
ENSG00000086712,1751
ENSG00000086717,153
ENSG00000086730,1263
ENSG00000086758,15070
ENSG00000086827,510
ENSG00000086848,309
ENSG00000086967,0
ENSG00000086991,135
ENSG00000087008,2634
ENSG00000087053,898
ENSG00000087074,1422
ENSG00000087076,1386
ENSG00000087077,4179
ENSG00000087085,49
ENSG00000087086,107511
ENSG00000087087,5643
ENSG00000087088,1985
ENSG00000087095,1559
ENSG00000087111,4619
ENSG00000087116,943
ENSG00000087128,1
ENSG00000087152,3993
ENSG00000087157,2010
ENSG00000087191,7795
ENSG00000087206,1384
ENSG00000087237,93
ENSG00000087245,5900
ENSG00000087250,11
ENSG00000087253,360
ENSG00000087258,1171
ENSG00000087263,3506
ENSG00000087266,2538
ENSG00000087269,3139
ENSG00000087274,13860
ENSG00000087299,244
ENSG00000087301,2759
ENSG00000087302,5722
ENSG00000087303,659
ENSG00000087338,1063
ENSG00000087365,29461
ENSG00000087448,2856
ENSG00000087460,65038
ENSG00000087470,4300
ENSG00000087494,22
ENSG00000087495,22
ENSG00000087502,1769
ENSG00000087510,61
ENSG00000087586,278
ENSG00000087589,48
ENSG00000087842,943
ENSG00000087884,567
ENSG00000087903,184
ENSG00000087995,1022
ENSG00000088002,164
ENSG00000088035,428
ENSG00000088038,2830
ENSG00000088053,37
ENSG00000088179,1056
ENSG00000088205,2946
ENSG00000088247,3438
ENSG00000088256,9993
ENSG00000088280,2877
ENSG00000088298,1835
ENSG00000088305,125
ENSG00000088320,79
ENSG00000088325,940
ENSG00000088340,198
ENSG00000088356,1777
ENSG00000088367,4500
ENSG00000088386,2
ENSG00000088387,2956
ENSG00000088448,3021
ENSG00000088451,392
ENSG00000088538,293
ENSG00000088543,1170
ENSG00000088682,3657
ENSG00000088726,5
ENSG00000088727,439
ENSG00000088756,29
ENSG00000088766,1512
ENSG00000088782,0
ENSG00000088808,1670
ENSG00000088812,2394
ENSG00000088826,480
ENSG00000088827,1009
ENSG00000088832,16142
ENSG00000088833,4545
ENSG00000088836,51
ENSG00000088854,776
ENSG00000088876,862
ENSG00000088881,279
ENSG00000088882,286
ENSG00000088888,5148
ENSG00000088899,730
ENSG00000088926,1
ENSG00000088930,4302
ENSG00000088970,781
ENSG00000088986,16684
ENSG00000088992,121
ENSG00000089006,2088
ENSG00000089009,30820
ENSG00000089012,9
ENSG00000089022,1661
ENSG00000089041,440
ENSG00000089048,781
ENSG00000089050,631
ENSG00000089053,8606
ENSG00000089057,2431
ENSG00000089060,1505
ENSG00000089063,5226
ENSG00000089091,342
ENSG00000089094,1574
ENSG00000089101,133
ENSG00000089116,0
ENSG00000089123,418
ENSG00000089127,4589
ENSG00000089154,7991
ENSG00000089157,57622
ENSG00000089159,4167
ENSG00000089163,58
ENSG00000089169,4
ENSG00000089177,4004
ENSG00000089195,756
ENSG00000089199,2
ENSG00000089220,30381
ENSG00000089225,19
ENSG00000089234,1492
ENSG00000089248,13012
ENSG00000089250,15
ENSG00000089280,14642
ENSG00000089289,4035
ENSG00000089327,3947
ENSG00000089335,1596
ENSG00000089351,10833
ENSG00000089356,12773
ENSG00000089472,331
ENSG00000089486,2092
ENSG00000089505,26
ENSG00000089558,5
ENSG00000089597,14590
ENSG00000089639,1322
ENSG00000089682,472
ENSG00000089685,421
ENSG00000089692,79
ENSG00000089693,18671
ENSG00000089723,157
ENSG00000089737,15405
ENSG00000089775,486
ENSG00000089818,3836
ENSG00000089820,1392
ENSG00000089847,531
ENSG00000089876,888
ENSG00000089902,1167
ENSG00000089916,738
ENSG00000090006,2381
ENSG00000090013,5055
ENSG00000090020,3168
ENSG00000090054,2069
ENSG00000090060,8517
ENSG00000090061,493
ENSG00000090097,2631
ENSG00000090104,589
ENSG00000090238,3255
ENSG00000090263,2958
ENSG00000090266,6269
ENSG00000090273,9935
ENSG00000090316,2608
ENSG00000090339,328
ENSG00000090372,5202
ENSG00000090376,164
ENSG00000090382,649
ENSG00000090402,0
ENSG00000090432,2017
ENSG00000090447,1230
ENSG00000090470,2383
ENSG00000090487,5236
ENSG00000090512,0
ENSG00000090520,2668
ENSG00000090530,290
ENSG00000090534,369
ENSG00000090539,10332
ENSG00000090554,51
ENSG00000090565,3245
ENSG00000090581,4016
ENSG00000090612,1380
ENSG00000090615,6902
ENSG00000090621,6577
ENSG00000090659,86
ENSG00000090661,2421
ENSG00000090674,685
ENSG00000090686,3356
ENSG00000090776,939
ENSG00000090857,2224
ENSG00000090861,11757
ENSG00000090863,9346
ENSG00000090889,206
ENSG00000090905,2428
ENSG00000090924,1213
ENSG00000090932,2
ENSG00000090971,2261
ENSG00000090975,480
ENSG00000090989,828
ENSG00000091009,826
ENSG00000091010,7
ENSG00000091039,1830
ENSG00000091073,730
ENSG00000091106,133
ENSG00000091127,1143
ENSG00000091128,6
ENSG00000091129,241
ENSG00000091136,4214
ENSG00000091137,157
ENSG00000091138,2
ENSG00000091140,4915
ENSG00000091157,866
ENSG00000091164,4108
ENSG00000091181,3
ENSG00000091262,18
ENSG00000091317,3602
ENSG00000091409,5558
ENSG00000091428,437
ENSG00000091436,1525
ENSG00000091482,0
ENSG00000091483,4692
ENSG00000091490,2330
ENSG00000091513,18
ENSG00000091527,5232
ENSG00000091536,350
ENSG00000091542,9642
ENSG00000091583,0
ENSG00000091592,743
ENSG00000091622,397
ENSG00000091640,3098
ENSG00000091651,163
ENSG00000091656,43
ENSG00000091664,0
ENSG00000091704,3
ENSG00000091732,1104
ENSG00000091831,75129
ENSG00000091844,34
ENSG00000091879,1435
ENSG00000091947,2016
ENSG00000091972,646
ENSG00000091986,1473
ENSG00000092009,1
ENSG00000092010,14014
ENSG00000092020,510
ENSG00000092036,1034
ENSG00000092051,4
ENSG00000092054,1
ENSG00000092067,9
ENSG00000092068,15312
ENSG00000092094,1326
ENSG00000092096,4778
ENSG00000092098,1280
ENSG00000092108,2380
ENSG00000092140,536
ENSG00000092148,6241
ENSG00000092199,22169
ENSG00000092200,72
ENSG00000092201,7150
ENSG00000092203,4367
ENSG00000092208,257
ENSG00000092295,17
ENSG00000092330,2852
ENSG00000092345,0
ENSG00000092377,0
ENSG00000092421,303
ENSG00000092439,2777
ENSG00000092445,187
ENSG00000092470,595
ENSG00000092529,28
ENSG00000092531,7074
ENSG00000092607,421
ENSG00000092621,241
ENSG00000092758,492
ENSG00000092820,19906
ENSG00000092841,37439
ENSG00000092847,2103
ENSG00000092850,47
ENSG00000092853,67
ENSG00000092871,1649
ENSG00000092929,313
ENSG00000092931,890
ENSG00000092964,2313
ENSG00000092969,92
ENSG00000092978,936
ENSG00000093000,1429
ENSG00000093009,107
ENSG00000093010,5535
ENSG00000093072,1954
ENSG00000093100,0
ENSG00000093134,0
ENSG00000093144,2204
ENSG00000093167,2010
ENSG00000093183,3710
ENSG00000093217,353
ENSG00000094631,2735
ENSG00000094661,0
ENSG00000094755,3
ENSG00000094796,25
ENSG00000094804,336
ENSG00000094841,929
ENSG00000094880,1103
ENSG00000094914,3231
ENSG00000094916,10185
ENSG00000094963,9
ENSG00000094975,3246
ENSG00000095002,1098
ENSG00000095015,579
ENSG00000095059,4743
ENSG00000095066,1544
ENSG00000095110,2
ENSG00000095139,9152
ENSG00000095203,1971
ENSG00000095209,315
ENSG00000095261,2674
ENSG00000095303,770
ENSG00000095319,3154
ENSG00000095321,4370
ENSG00000095370,1594
ENSG00000095380,3629
ENSG00000095383,460
ENSG00000095397,1772
ENSG00000095464,2
ENSG00000095485,574
ENSG00000095539,258
ENSG00000095564,875
ENSG00000095574,737
ENSG00000095585,475
ENSG00000095587,13
ENSG00000095596,1
ENSG00000095627,5
ENSG00000095637,402
ENSG00000095713,6
ENSG00000095739,135
ENSG00000095752,21
ENSG00000095777,6
ENSG00000095787,5843
ENSG00000095794,1093
ENSG00000095906,3996
ENSG00000095917,0
ENSG00000095932,4
ENSG00000095951,632
ENSG00000095970,1440
ENSG00000095981,0
ENSG00000096006,0
ENSG00000096060,911
ENSG00000096063,2214
ENSG00000096070,3460
ENSG00000096080,1261
ENSG00000096088,5
ENSG00000096092,3399
ENSG00000096093,2358
ENSG00000096264,1
ENSG00000096384,179061
ENSG00000096395,0
ENSG00000096401,3208
ENSG00000096433,3912
ENSG00000096654,548
ENSG00000096696,197
ENSG00000096717,751
ENSG00000096746,3565
ENSG00000096872,838
ENSG00000096968,641
ENSG00000096996,139
ENSG00000097007,5177
ENSG00000097021,4221
ENSG00000097033,4615
ENSG00000097046,198
ENSG00000097096,76
ENSG00000099139,164
ENSG00000099194,47130
ENSG00000099203,507
ENSG00000099204,2507
ENSG00000099219,5658
ENSG00000099246,2939
ENSG00000099250,3831
ENSG00000099251,19
ENSG00000099256,836
ENSG00000099260,628
ENSG00000099282,1814
ENSG00000099284,170
ENSG00000099290,794
ENSG00000099308,858
ENSG00000099326,1470
ENSG00000099330,2274
ENSG00000099331,4232
ENSG00000099337,2378
ENSG00000099338,152
ENSG00000099341,9811
ENSG00000099364,1456
ENSG00000099365,183
ENSG00000099377,2900
ENSG00000099381,2297
ENSG00000099385,2061
ENSG00000099399,0
ENSG00000099617,0
ENSG00000099622,16832
ENSG00000099624,3263
ENSG00000099625,60
ENSG00000099715,0
ENSG00000099721,0
ENSG00000099725,0
ENSG00000099769,2832
ENSG00000099783,11274
ENSG00000099785,1666
ENSG00000099795,3648
ENSG00000099797,5822
ENSG00000099800,5303
ENSG00000099804,798
ENSG00000099810,1799
ENSG00000099812,3672
ENSG00000099814,4428
ENSG00000099817,7441
ENSG00000099821,2215
ENSG00000099822,46
ENSG00000099834,6
ENSG00000099840,125
ENSG00000099849,1270
ENSG00000099860,1796
ENSG00000099864,2949
ENSG00000099866,3
ENSG00000099869,0
ENSG00000099875,25254
ENSG00000099889,870
ENSG00000099899,1442
ENSG00000099901,1877
ENSG00000099904,1307
ENSG00000099910,941
ENSG00000099917,2981
ENSG00000099937,0
ENSG00000099940,2465
ENSG00000099942,2700
ENSG00000099949,2351
ENSG00000099953,2096
ENSG00000099954,12
ENSG00000099956,2500
ENSG00000099957,11
ENSG00000099958,204
ENSG00000099960,1146
ENSG00000099968,2246
ENSG00000099974,53
ENSG00000099977,551
ENSG00000099984,2
ENSG00000099985,36
ENSG00000099991,3321
ENSG00000099992,630
ENSG00000099994,1394
ENSG00000099995,6683
ENSG00000099998,650
ENSG00000099999,682
ENSG00000100003,152
ENSG00000100012,1
ENSG00000100014,1673
ENSG00000100023,1847
ENSG00000100024,5
ENSG00000100027,51
ENSG00000100028,3514
ENSG00000100029,3723
ENSG00000100030,3653
ENSG00000100031,181
ENSG00000100033,2
ENSG00000100034,1544
ENSG00000100036,440
ENSG00000100038,12
ENSG00000100053,15
ENSG00000100055,1025
ENSG00000100056,593
ENSG00000100058,219
ENSG00000100060,526
ENSG00000100065,1547
ENSG00000100068,170
ENSG00000100075,3162
ENSG00000100077,549
ENSG00000100078,0
ENSG00000100079,35
ENSG00000100083,2885
ENSG00000100084,506
ENSG00000100092,627
ENSG00000100095,12370
ENSG00000100097,14056
ENSG00000100099,1464
ENSG00000100100,1062
ENSG00000100101,2
ENSG00000100104,614
ENSG00000100105,3475
ENSG00000100106,623
ENSG00000100109,1306
ENSG00000100116,846
ENSG00000100121,1
ENSG00000100122,70
ENSG00000100124,1333
ENSG00000100129,5474
ENSG00000100138,3838
ENSG00000100139,996
ENSG00000100142,11
ENSG00000100146,0
ENSG00000100147,108
ENSG00000100150,662
ENSG00000100151,1101
ENSG00000100154,1616
ENSG00000100156,24
ENSG00000100162,383
ENSG00000100167,884
ENSG00000100170,1
ENSG00000100181,56
ENSG00000100191,18
ENSG00000100196,535
ENSG00000100197,45
ENSG00000100201,19696
ENSG00000100206,29
ENSG00000100207,1600
ENSG00000100209,919
ENSG00000100211,1070
ENSG00000100216,2115
ENSG00000100218,29
ENSG00000100219,0
ENSG00000100220,2858
ENSG00000100221,1749
ENSG00000100225,4121
ENSG00000100226,2223
ENSG00000100227,4065
ENSG00000100228,51
ENSG00000100234,184
ENSG00000100239,2797
ENSG00000100241,5292
ENSG00000100242,5294
ENSG00000100243,6922
ENSG00000100246,1576
ENSG00000100249,0
ENSG00000100253,12
ENSG00000100258,5157
ENSG00000100263,1101
ENSG00000100266,2620
ENSG00000100271,391
ENSG00000100276,48
ENSG00000100280,7331
ENSG00000100281,975
ENSG00000100284,2529
ENSG00000100285,25
ENSG00000100288,206
ENSG00000100290,561
ENSG00000100292,18845
ENSG00000100294,756
ENSG00000100296,783
ENSG00000100297,1197
ENSG00000100298,25
ENSG00000100299,3437
ENSG00000100300,3636
ENSG00000100302,444
ENSG00000100304,987
ENSG00000100307,1566
ENSG00000100311,2544
ENSG00000100312,88
ENSG00000100314,14
ENSG00000100316,67962
ENSG00000100319,613
ENSG00000100320,3018
ENSG00000100321,1392
ENSG00000100324,1345
ENSG00000100325,3043
ENSG00000100330,406
ENSG00000100335,1566
ENSG00000100336,132
ENSG00000100341,0
ENSG00000100342,3062
ENSG00000100344,2
ENSG00000100345,50852
ENSG00000100346,7
ENSG00000100347,1638
ENSG00000100348,3255
ENSG00000100350,657
ENSG00000100351,38
ENSG00000100353,8171
ENSG00000100354,977
ENSG00000100359,2333
ENSG00000100360,967
ENSG00000100362,18732
ENSG00000100364,3527
ENSG00000100365,472
ENSG00000100368,198
ENSG00000100372,762
ENSG00000100373,10
ENSG00000100376,328
ENSG00000100379,820
ENSG00000100380,11907
ENSG00000100385,308
ENSG00000100387,1742
ENSG00000100393,3227
ENSG00000100395,1808
ENSG00000100399,1075
ENSG00000100401,6902
ENSG00000100403,6187
ENSG00000100410,807
ENSG00000100412,3755
ENSG00000100413,2796
ENSG00000100416,979
ENSG00000100417,1375
ENSG00000100418,1569
ENSG00000100422,1336
ENSG00000100425,2443
ENSG00000100426,1421
ENSG00000100427,8
ENSG00000100429,990
ENSG00000100433,3
ENSG00000100439,1423
ENSG00000100441,4188
ENSG00000100442,2833
ENSG00000100445,595
ENSG00000100448,2
ENSG00000100450,37
ENSG00000100453,21
ENSG00000100461,5115
ENSG00000100462,2649
ENSG00000100473,2
ENSG00000100478,424
ENSG00000100479,66
ENSG00000100483,199
ENSG00000100485,1848
ENSG00000100490,31
ENSG00000100503,1310
ENSG00000100504,592
ENSG00000100505,18
ENSG00000100519,3300
ENSG00000100522,2761
ENSG00000100523,1343
ENSG00000100526,95
ENSG00000100528,2610
ENSG00000100532,317
ENSG00000100554,2548
ENSG00000100557,1
ENSG00000100558,211
ENSG00000100564,645
ENSG00000100565,1
ENSG00000100567,2091
ENSG00000100568,2025
ENSG00000100575,726
ENSG00000100577,1533
ENSG00000100578,555
ENSG00000100580,1527
ENSG00000100583,220
ENSG00000100591,6173
ENSG00000100592,345
ENSG00000100593,0
ENSG00000100596,1624
ENSG00000100599,2317
ENSG00000100600,4732
ENSG00000100601,471
ENSG00000100603,3020
ENSG00000100604,3
ENSG00000100605,8669
ENSG00000100612,1926
ENSG00000100614,2418
ENSG00000100625,809
ENSG00000100626,304
ENSG00000100628,31
ENSG00000100629,101
ENSG00000100632,3027
ENSG00000100644,1085
ENSG00000100647,5134
ENSG00000100650,7210
ENSG00000100652,2
ENSG00000100664,8853
ENSG00000100665,3
ENSG00000100678,0
ENSG00000100697,3492
ENSG00000100711,1259
ENSG00000100714,2058
ENSG00000100721,2
ENSG00000100722,1975
ENSG00000100726,2420
ENSG00000100731,1076
ENSG00000100739,11
ENSG00000100744,775
ENSG00000100749,410
ENSG00000100764,915
ENSG00000100767,270
ENSG00000100784,494
ENSG00000100796,3306
ENSG00000100802,642
ENSG00000100804,5990
ENSG00000100811,5090
ENSG00000100813,9629
ENSG00000100814,603
ENSG00000100815,2663
ENSG00000100823,9138
ENSG00000100836,3990
ENSG00000100842,1434
ENSG00000100852,2003
ENSG00000100865,1910
ENSG00000100867,23
ENSG00000100883,3311
ENSG00000100884,3
ENSG00000100888,4756
ENSG00000100889,3737
ENSG00000100890,267
ENSG00000100897,8067
ENSG00000100902,1468
ENSG00000100906,4366
ENSG00000100908,1038
ENSG00000100911,7304
ENSG00000100916,274
ENSG00000100918,267
ENSG00000100926,407
ENSG00000100934,1011
ENSG00000100938,3901
ENSG00000100941,3881
ENSG00000100949,1574
ENSG00000100968,3191
ENSG00000100979,3164
ENSG00000100982,4076
ENSG00000100983,6298
ENSG00000100985,718
ENSG00000100987,4
ENSG00000100991,9594
ENSG00000100994,10722
ENSG00000100997,9500
ENSG00000101000,1200
ENSG00000101003,264
ENSG00000101004,1275
ENSG00000101017,555
ENSG00000101019,2309
ENSG00000101040,2370
ENSG00000101049,55
ENSG00000101052,1438
ENSG00000101057,301
ENSG00000101074,1
ENSG00000101076,1
ENSG00000101079,3249
ENSG00000101082,32
ENSG00000101084,884
ENSG00000101096,2318
ENSG00000101098,1207
ENSG00000101104,1059
ENSG00000101109,2000
ENSG00000101115,15
ENSG00000101126,10609
ENSG00000101132,1031
ENSG00000101134,58
ENSG00000101138,2377
ENSG00000101144,5
ENSG00000101146,3133
ENSG00000101150,7337
ENSG00000101152,8733
ENSG00000101158,7576
ENSG00000101160,15551
ENSG00000101161,16168
ENSG00000101162,16
ENSG00000101166,4314
ENSG00000101180,1
ENSG00000101181,2230
ENSG00000101182,9152
ENSG00000101187,23
ENSG00000101188,4
ENSG00000101189,814
ENSG00000101190,619
ENSG00000101191,7988
ENSG00000101193,4739
ENSG00000101194,137
ENSG00000101197,1
ENSG00000101198,5
ENSG00000101199,7377
ENSG00000101200,1
ENSG00000101203,0
ENSG00000101204,0
ENSG00000101210,33914
ENSG00000101213,1544
ENSG00000101216,1462
ENSG00000101220,958
ENSG00000101222,61
ENSG00000101224,1774
ENSG00000101230,95
ENSG00000101236,708
ENSG00000101246,2209
ENSG00000101247,692
ENSG00000101251,16
ENSG00000101255,1459
ENSG00000101265,746
ENSG00000101266,4079
ENSG00000101276,379
ENSG00000101278,17
ENSG00000101280,12
ENSG00000101282,33
ENSG00000101290,3727
ENSG00000101292,0
ENSG00000101294,13066
ENSG00000101298,2158
ENSG00000101306,26
ENSG00000101307,21
ENSG00000101310,5361
ENSG00000101311,12
ENSG00000101323,0
ENSG00000101327,0
ENSG00000101331,223
ENSG00000101333,2045
ENSG00000101335,6197
ENSG00000101336,691
ENSG00000101337,6776
ENSG00000101342,23
ENSG00000101343,3344
ENSG00000101346,6506
ENSG00000101347,4104
ENSG00000101349,0
ENSG00000101350,6743
ENSG00000101353,97
ENSG00000101361,5767
ENSG00000101363,3408
ENSG00000101365,2684
ENSG00000101367,8545
ENSG00000101384,2688
ENSG00000101391,1639
ENSG00000101400,1763
ENSG00000101405,5
ENSG00000101407,1999
ENSG00000101412,839
ENSG00000101413,2139
ENSG00000101417,4011
ENSG00000101421,15483
ENSG00000101425,2
ENSG00000101435,0
ENSG00000101438,0
ENSG00000101439,33389
ENSG00000101440,5
ENSG00000101441,3
ENSG00000101442,593
ENSG00000101443,33763
ENSG00000101444,12375
ENSG00000101445,306
ENSG00000101446,0
ENSG00000101447,103
ENSG00000101448,0
ENSG00000101452,732
ENSG00000101457,2082
ENSG00000101460,2818
ENSG00000101463,41
ENSG00000101464,1184
ENSG00000101470,23
ENSG00000101473,1374
ENSG00000101474,12373
ENSG00000101489,10
ENSG00000101493,2034
ENSG00000101542,3
ENSG00000101544,1223
ENSG00000101546,1060
ENSG00000101557,2318
ENSG00000101558,6079
ENSG00000101574,232
ENSG00000101577,1533
ENSG00000101596,1729
ENSG00000101605,130
ENSG00000101608,8204
ENSG00000101624,240
ENSG00000101638,39
ENSG00000101639,547
ENSG00000101654,1887
ENSG00000101665,1904
ENSG00000101670,19
ENSG00000101680,29
ENSG00000101695,117
ENSG00000101745,1015
ENSG00000101746,1
ENSG00000101751,1051
ENSG00000101752,1105
ENSG00000101773,3450
ENSG00000101782,2231
ENSG00000101811,1953
ENSG00000101812,0
ENSG00000101825,2261
ENSG00000101842,98
ENSG00000101843,3185
ENSG00000101844,998
ENSG00000101846,344
ENSG00000101849,1274
ENSG00000101850,313
ENSG00000101856,2867
ENSG00000101868,646
ENSG00000101871,156
ENSG00000101882,1703
ENSG00000101883,2
ENSG00000101888,273
ENSG00000101890,0
ENSG00000101892,1
ENSG00000101898,56
ENSG00000101901,1021
ENSG00000101911,1832
ENSG00000101916,31
ENSG00000101928,358
ENSG00000101935,375
ENSG00000101938,2
ENSG00000101940,3793
ENSG00000101945,612
ENSG00000101951,0
ENSG00000101955,62
ENSG00000101958,0
ENSG00000101966,3036
ENSG00000101972,4949
ENSG00000101974,412
ENSG00000101977,10
ENSG00000101981,0
ENSG00000101986,2224
ENSG00000101997,2576
ENSG00000102001,419
ENSG00000102003,368
ENSG00000102007,5845
ENSG00000102010,42
ENSG00000102021,0
ENSG00000102024,759
ENSG00000102030,1849
ENSG00000102032,407
ENSG00000102034,835
ENSG00000102038,5926
ENSG00000102043,32
ENSG00000102048,44
ENSG00000102053,22
ENSG00000102054,7684
ENSG00000102055,0
ENSG00000102057,64
ENSG00000102076,0
ENSG00000102078,753
ENSG00000102081,1769
ENSG00000102096,997
ENSG00000102098,126
ENSG00000102100,2691
ENSG00000102103,4184
ENSG00000102104,3
ENSG00000102109,1920
ENSG00000102119,3963
ENSG00000102125,1289
ENSG00000102128,0
ENSG00000102144,24012
ENSG00000102145,8
ENSG00000102158,3262
ENSG00000102172,4094
ENSG00000102174,5
ENSG00000102178,3412
ENSG00000102181,2348
ENSG00000102189,987
ENSG00000102195,0
ENSG00000102218,603
ENSG00000102221,848
ENSG00000102225,7294
ENSG00000102226,6871
ENSG00000102230,4
ENSG00000102239,0
ENSG00000102241,7602
ENSG00000102243,1
ENSG00000102245,2
ENSG00000102265,22179
ENSG00000102271,18
ENSG00000102287,30
ENSG00000102290,0
ENSG00000102302,3361
ENSG00000102309,794
ENSG00000102312,600
ENSG00000102313,1896
ENSG00000102316,172868
ENSG00000102317,8924
ENSG00000102349,431
ENSG00000102359,214
ENSG00000102362,1857
ENSG00000102383,334
ENSG00000102384,47
ENSG00000102385,40
ENSG00000102387,1
ENSG00000102390,1099
ENSG00000102393,559
ENSG00000102401,3434
ENSG00000102409,5215
ENSG00000102445,194
ENSG00000102452,101
ENSG00000102466,36
ENSG00000102468,3
ENSG00000102471,1427
ENSG00000102524,188
ENSG00000102531,3803
ENSG00000102539,0
ENSG00000102543,392
ENSG00000102547,874
ENSG00000102554,16
ENSG00000102572,3783
ENSG00000102575,3935
ENSG00000102580,5148
ENSG00000102595,951
ENSG00000102606,3141
ENSG00000102678,0
ENSG00000102683,10
ENSG00000102699,4442
ENSG00000102710,2783
ENSG00000102738,736
ENSG00000102743,672
ENSG00000102753,1236
ENSG00000102755,4928
ENSG00000102760,1399
ENSG00000102763,1775
ENSG00000102780,264
ENSG00000102781,702
ENSG00000102786,1656
ENSG00000102794,0
ENSG00000102796,654
ENSG00000102802,113
ENSG00000102804,12751
ENSG00000102805,776
ENSG00000102837,12
ENSG00000102854,181
ENSG00000102858,5297
ENSG00000102870,2964
ENSG00000102871,1575
ENSG00000102878,1877
ENSG00000102879,2136
ENSG00000102882,6743
ENSG00000102886,76
ENSG00000102890,7135
ENSG00000102891,0
ENSG00000102893,5406
ENSG00000102897,2017
ENSG00000102898,6078
ENSG00000102900,1334
ENSG00000102901,1688
ENSG00000102904,213
ENSG00000102908,1113
ENSG00000102910,10701
ENSG00000102921,3983
ENSG00000102924,12
ENSG00000102931,693
ENSG00000102934,509
ENSG00000102935,207
ENSG00000102962,6
ENSG00000102967,784
ENSG00000102970,1
ENSG00000102974,3686
ENSG00000102977,1808
ENSG00000102978,5102
ENSG00000102981,776
ENSG00000102984,365
ENSG00000102996,1873
ENSG00000103005,1654
ENSG00000103018,4242
ENSG00000103021,1819
ENSG00000103023,3
ENSG00000103024,7125
ENSG00000103034,472
ENSG00000103035,2135
ENSG00000103037,824
ENSG00000103042,1359
ENSG00000103043,2415
ENSG00000103044,49
ENSG00000103047,1172
ENSG00000103051,5263
ENSG00000103056,1488
ENSG00000103061,287
ENSG00000103064,604
ENSG00000103066,1554
ENSG00000103067,3923
ENSG00000103089,1057
ENSG00000103091,1940
ENSG00000103111,2838
ENSG00000103121,801
ENSG00000103126,2835
ENSG00000103145,2359
ENSG00000103148,2917
ENSG00000103150,1028
ENSG00000103152,1781
ENSG00000103154,7
ENSG00000103160,1155
ENSG00000103168,1788
ENSG00000103174,560
ENSG00000103175,147
ENSG00000103184,24
ENSG00000103187,6800
ENSG00000103194,6948
ENSG00000103196,616
ENSG00000103197,4099
ENSG00000103199,926
ENSG00000103200,0
ENSG00000103202,5939
ENSG00000103222,1870
ENSG00000103226,47
ENSG00000103227,1571
ENSG00000103241,16
ENSG00000103245,2411
ENSG00000103248,850
ENSG00000103249,3489
ENSG00000103253,441
ENSG00000103254,1150
ENSG00000103257,1776
ENSG00000103260,4652
ENSG00000103264,2428
ENSG00000103266,3179
ENSG00000103269,109
ENSG00000103274,1358
ENSG00000103275,6113
ENSG00000103310,0
ENSG00000103313,13
ENSG00000103316,1
ENSG00000103319,3209
ENSG00000103326,2137
ENSG00000103335,3971
ENSG00000103342,12279
ENSG00000103343,947
ENSG00000103351,1147
ENSG00000103353,4891
ENSG00000103355,1
ENSG00000103356,3420
ENSG00000103363,11934
ENSG00000103365,21756
ENSG00000103375,2
ENSG00000103381,1065
ENSG00000103404,953
ENSG00000103415,2994
ENSG00000103423,4796
ENSG00000103426,0
ENSG00000103429,2544
ENSG00000103449,16
ENSG00000103460,515
ENSG00000103472,5
ENSG00000103479,3852
ENSG00000103485,509
ENSG00000103489,300
ENSG00000103490,1772
ENSG00000103494,871
ENSG00000103495,4546
ENSG00000103496,1973
ENSG00000103502,8830
ENSG00000103507,3662
ENSG00000103510,2236
ENSG00000103512,2624
ENSG00000103522,72
ENSG00000103528,909
ENSG00000103534,143
ENSG00000103540,1469
ENSG00000103544,2780
ENSG00000103546,0
ENSG00000103549,6586
ENSG00000103550,1396
ENSG00000103569,26
ENSG00000103591,8067
ENSG00000103599,374
ENSG00000103642,838
ENSG00000103647,94
ENSG00000103653,5355
ENSG00000103657,7384
ENSG00000103671,2054
ENSG00000103707,1113
ENSG00000103710,475
ENSG00000103723,1034
ENSG00000103740,11
ENSG00000103742,147
ENSG00000103769,17203
ENSG00000103811,5721
ENSG00000103832,5
ENSG00000103852,192
ENSG00000103855,8431
ENSG00000103876,3533
ENSG00000103888,317
ENSG00000103932,3310
ENSG00000103942,3124
ENSG00000103966,2932
ENSG00000103978,5910
ENSG00000103994,5265
ENSG00000103995,130
ENSG00000104043,639
ENSG00000104044,0
ENSG00000104047,1195
ENSG00000104055,0
ENSG00000104059,2
ENSG00000104064,2355
ENSG00000104067,4547
ENSG00000104081,981
ENSG00000104093,1735
ENSG00000104112,5
ENSG00000104129,1540
ENSG00000104131,6115
ENSG00000104133,5787
ENSG00000104140,738
ENSG00000104142,3441
ENSG00000104147,71
ENSG00000104154,629
ENSG00000104164,2547
ENSG00000104177,2864
ENSG00000104205,365
ENSG00000104213,100
ENSG00000104218,459
ENSG00000104219,2070
ENSG00000104221,459
ENSG00000104228,1469
ENSG00000104231,1586
ENSG00000104237,5
ENSG00000104267,795
ENSG00000104290,502
ENSG00000104299,1154
ENSG00000104312,914
ENSG00000104313,48
ENSG00000104320,1492
ENSG00000104321,6
ENSG00000104324,2504
ENSG00000104325,2027
ENSG00000104327,1
ENSG00000104331,4767
ENSG00000104332,39
ENSG00000104341,1821
ENSG00000104343,1327
ENSG00000104356,326
ENSG00000104361,1001
ENSG00000104365,7784
ENSG00000104368,16904
ENSG00000104369,280
ENSG00000104371,0
ENSG00000104375,652
ENSG00000104381,1697
ENSG00000104388,8810
ENSG00000104408,11149
ENSG00000104412,1958
ENSG00000104413,3815
ENSG00000104415,189
ENSG00000104419,1924
ENSG00000104427,180
ENSG00000104432,8
ENSG00000104435,8
ENSG00000104442,1515
ENSG00000104447,25012
ENSG00000104450,1289
ENSG00000104472,1026
ENSG00000104490,7661
ENSG00000104497,250
ENSG00000104499,0
ENSG00000104517,5774
ENSG00000104518,5316
ENSG00000104522,4012
ENSG00000104524,2289
ENSG00000104529,5913
ENSG00000104537,0
ENSG00000104549,2377
ENSG00000104611,40
ENSG00000104613,3552
ENSG00000104626,457
ENSG00000104635,4875
ENSG00000104643,949
ENSG00000104660,1793
ENSG00000104671,1282
ENSG00000104679,2581
ENSG00000104687,7496
ENSG00000104689,472
ENSG00000104691,649
ENSG00000104695,5574
ENSG00000104714,795
ENSG00000104722,0
ENSG00000104723,4164
ENSG00000104728,1076
ENSG00000104731,1170
ENSG00000104738,2669
ENSG00000104755,1
ENSG00000104756,588
ENSG00000104760,1
ENSG00000104763,12781
ENSG00000104765,2424
ENSG00000104774,2858
ENSG00000104783,132
ENSG00000104804,1
ENSG00000104805,15280
ENSG00000104808,3
ENSG00000104812,4285
ENSG00000104814,164
ENSG00000104818,0
ENSG00000104823,4893
ENSG00000104824,9692
ENSG00000104825,710
ENSG00000104826,6
ENSG00000104827,0
ENSG00000104833,69
ENSG00000104835,162
ENSG00000104848,0
ENSG00000104852,13719
ENSG00000104853,6567
ENSG00000104856,619
ENSG00000104859,1984
ENSG00000104863,167
ENSG00000104866,4525
ENSG00000104870,7947
ENSG00000104872,2364
ENSG00000104879,6
ENSG00000104880,115
ENSG00000104881,645
ENSG00000104883,194
ENSG00000104884,1037
ENSG00000104885,1900
ENSG00000104886,3029
ENSG00000104888,3
ENSG00000104889,1046
ENSG00000104892,146
ENSG00000104894,726
ENSG00000104897,6154
ENSG00000104899,5
ENSG00000104901,2
ENSG00000104903,391
ENSG00000104904,34907
ENSG00000104907,1754
ENSG00000104915,1312
ENSG00000104918,1
ENSG00000104921,1
ENSG00000104936,1822
ENSG00000104938,0
ENSG00000104941,0
ENSG00000104946,3595
ENSG00000104951,128
ENSG00000104953,690
ENSG00000104957,1181
ENSG00000104960,10271
ENSG00000104964,37932
ENSG00000104967,405
ENSG00000104969,6066
ENSG00000104970,6
ENSG00000104972,361
ENSG00000104973,3308
ENSG00000104974,98
ENSG00000104976,2275
ENSG00000104979,3247
ENSG00000104980,1348
ENSG00000104983,536
ENSG00000104998,174
ENSG00000105011,448
ENSG00000105048,2909
ENSG00000105053,2159
ENSG00000105058,3018
ENSG00000105063,4678
ENSG00000105072,367
ENSG00000105085,391
ENSG00000105088,178
ENSG00000105122,339
ENSG00000105127,1345
ENSG00000105131,18
ENSG00000105135,1270
ENSG00000105136,470
ENSG00000105137,508
ENSG00000105141,5
ENSG00000105143,3
ENSG00000105146,23
ENSG00000105171,1382
ENSG00000105173,127
ENSG00000105176,3898
ENSG00000105185,1343
ENSG00000105186,1140
ENSG00000105193,21678
ENSG00000105197,2144
ENSG00000105198,0
ENSG00000105202,3043
ENSG00000105204,3775
ENSG00000105205,0
ENSG00000105219,1876
ENSG00000105220,16609
ENSG00000105221,12436
ENSG00000105223,13234
ENSG00000105227,391
ENSG00000105229,1606
ENSG00000105245,1105
ENSG00000105246,109
ENSG00000105248,1101
ENSG00000105251,1
ENSG00000105254,3029
ENSG00000105255,6
ENSG00000105258,866
ENSG00000105261,0
ENSG00000105270,434
ENSG00000105278,1
ENSG00000105281,9432
ENSG00000105287,4106
ENSG00000105289,558
ENSG00000105290,19016
ENSG00000105298,2671
ENSG00000105321,1824
ENSG00000105323,12395
ENSG00000105325,5141
ENSG00000105327,940
ENSG00000105329,2488
ENSG00000105339,875
ENSG00000105341,1937
ENSG00000105352,1
ENSG00000105355,3166
ENSG00000105357,3791
ENSG00000105364,2425
ENSG00000105366,52
ENSG00000105369,15
ENSG00000105370,0
ENSG00000105371,0
ENSG00000105372,24021
ENSG00000105373,10561
ENSG00000105374,138
ENSG00000105376,2
ENSG00000105379,1340
ENSG00000105383,200
ENSG00000105388,426
ENSG00000105392,1
ENSG00000105393,1874
ENSG00000105397,3529
ENSG00000105398,1
ENSG00000105401,6768
ENSG00000105402,9650
ENSG00000105404,4717
ENSG00000105409,42
ENSG00000105419,800
ENSG00000105426,934
ENSG00000105427,14
ENSG00000105428,0
ENSG00000105429,2682
ENSG00000105438,12843
ENSG00000105443,7712
ENSG00000105447,2825
ENSG00000105464,54
ENSG00000105467,1
ENSG00000105472,527
ENSG00000105479,68
ENSG00000105483,1057
ENSG00000105486,1642
ENSG00000105492,1
ENSG00000105497,340
ENSG00000105499,1900
ENSG00000105501,7
ENSG00000105507,0
ENSG00000105509,3
ENSG00000105514,4015
ENSG00000105516,1649
ENSG00000105518,3217
ENSG00000105519,1286
ENSG00000105520,3378
ENSG00000105523,2870
ENSG00000105538,749
ENSG00000105549,0
ENSG00000105550,0
ENSG00000105552,8948
ENSG00000105556,585
ENSG00000105559,701
ENSG00000105568,23343
ENSG00000105576,3553
ENSG00000105583,5978
ENSG00000105605,0
ENSG00000105607,1517
ENSG00000105609,63
ENSG00000105610,21
ENSG00000105612,4274
ENSG00000105613,33
ENSG00000105617,746
ENSG00000105618,2227
ENSG00000105619,1920
ENSG00000105639,338
ENSG00000105640,11439
ENSG00000105641,1
ENSG00000105642,11
ENSG00000105643,1379
ENSG00000105647,76
ENSG00000105649,988
ENSG00000105650,39
ENSG00000105655,711
ENSG00000105656,1194
ENSG00000105662,1310
ENSG00000105664,1521
ENSG00000105668,2
ENSG00000105669,7527
ENSG00000105671,2455
ENSG00000105672,61
ENSG00000105675,0
ENSG00000105676,2284
ENSG00000105677,2945
ENSG00000105679,1
ENSG00000105694,3
ENSG00000105695,241
ENSG00000105696,82
ENSG00000105697,129
ENSG00000105698,9050
ENSG00000105699,4530
ENSG00000105700,2547
ENSG00000105701,13718
ENSG00000105705,1747
ENSG00000105707,9491
ENSG00000105708,719
ENSG00000105711,779
ENSG00000105717,8
ENSG00000105722,2534
ENSG00000105723,4328
ENSG00000105726,4948
ENSG00000105732,1281
ENSG00000105737,28
ENSG00000105738,12946
ENSG00000105750,497
ENSG00000105755,666
ENSG00000105767,981
ENSG00000105771,1808
ENSG00000105778,2937
ENSG00000105784,39
ENSG00000105792,401
ENSG00000105793,1117
ENSG00000105808,113
ENSG00000105810,353
ENSG00000105819,4719
ENSG00000105821,1484
ENSG00000105825,6
ENSG00000105829,1045
ENSG00000105835,1099
ENSG00000105849,955
ENSG00000105851,92
ENSG00000105852,3240
ENSG00000105854,2275
ENSG00000105855,164
ENSG00000105856,2720
ENSG00000105865,553
ENSG00000105866,227
ENSG00000105875,846
ENSG00000105877,29
ENSG00000105879,1538
ENSG00000105880,40
ENSG00000105887,6837
ENSG00000105889,21
ENSG00000105894,187
ENSG00000105926,25
ENSG00000105928,289
ENSG00000105929,7
ENSG00000105939,3947
ENSG00000105948,916
ENSG00000105953,8068
ENSG00000105954,0
ENSG00000105963,1507
ENSG00000105967,177
ENSG00000105968,5258
ENSG00000105971,783
ENSG00000105974,1948
ENSG00000105976,124
ENSG00000105982,213
ENSG00000105983,1737
ENSG00000105988,0
ENSG00000105989,131
ENSG00000105991,15
ENSG00000105993,6862
ENSG00000105996,5
ENSG00000105997,28
ENSG00000106003,16771
ENSG00000106004,30
ENSG00000106006,2
ENSG00000106009,5363
ENSG00000106012,3931
ENSG00000106013,1
ENSG00000106018,2
ENSG00000106025,11887
ENSG00000106028,3188
ENSG00000106031,5
ENSG00000106034,101
ENSG00000106038,0
ENSG00000106049,2403
ENSG00000106052,5337
ENSG00000106066,478
ENSG00000106069,1601
ENSG00000106070,2146
ENSG00000106077,3137
ENSG00000106078,8728
ENSG00000106080,460
ENSG00000106086,519
ENSG00000106089,218
ENSG00000106100,305
ENSG00000106105,6015
ENSG00000106113,6
ENSG00000106123,72
ENSG00000106125,81
ENSG00000106128,1
ENSG00000106133,59
ENSG00000106144,2372
ENSG00000106153,14411
ENSG00000106178,0
ENSG00000106211,23009
ENSG00000106236,32
ENSG00000106244,6993
ENSG00000106245,2793
ENSG00000106246,386
ENSG00000106258,37
ENSG00000106261,11411
ENSG00000106263,14713
ENSG00000106266,1314
ENSG00000106268,402
ENSG00000106278,1
ENSG00000106290,1776
ENSG00000106299,3531
ENSG00000106302,1
ENSG00000106304,0
ENSG00000106305,1416
ENSG00000106327,378
ENSG00000106328,3
ENSG00000106330,989
ENSG00000106331,0
ENSG00000106333,2116
ENSG00000106336,41
ENSG00000106341,0
ENSG00000106344,1637
ENSG00000106346,839
ENSG00000106348,7320
ENSG00000106351,1803
ENSG00000106355,1384
ENSG00000106366,1773
ENSG00000106367,3990
ENSG00000106384,2
ENSG00000106392,394
ENSG00000106397,5064
ENSG00000106399,1159
ENSG00000106400,5253
ENSG00000106404,245
ENSG00000106410,0
ENSG00000106415,174
ENSG00000106436,2
ENSG00000106443,2543
ENSG00000106459,1174
ENSG00000106460,2076
ENSG00000106462,252
ENSG00000106477,1278
ENSG00000106479,1392
ENSG00000106483,586
ENSG00000106484,1129
ENSG00000106511,84
ENSG00000106524,1500
ENSG00000106526,133
ENSG00000106536,4
ENSG00000106537,15955
ENSG00000106538,493
ENSG00000106540,0
ENSG00000106541,9865
ENSG00000106546,461
ENSG00000106554,2223
ENSG00000106560,539
ENSG00000106565,1164
ENSG00000106571,1982
ENSG00000106588,608
ENSG00000106591,1987
ENSG00000106603,2121
ENSG00000106605,6390
ENSG00000106608,3357
ENSG00000106609,9218
ENSG00000106610,554
ENSG00000106615,2831
ENSG00000106617,1887
ENSG00000106624,7027
ENSG00000106628,7639
ENSG00000106631,0
ENSG00000106633,9
ENSG00000106635,2814
ENSG00000106636,6143
ENSG00000106638,3435
ENSG00000106648,0
ENSG00000106665,1200
ENSG00000106682,13958
ENSG00000106683,2325
ENSG00000106686,251
ENSG00000106688,696
ENSG00000106689,8
ENSG00000106692,1108
ENSG00000106701,281
ENSG00000106714,5
ENSG00000106723,4280
ENSG00000106733,1715
ENSG00000106771,3442
ENSG00000106772,1306
ENSG00000106780,1471
ENSG00000106785,2835
ENSG00000106789,1524
ENSG00000106799,1770
ENSG00000106803,3563
ENSG00000106804,596
ENSG00000106809,36
ENSG00000106819,499
ENSG00000106823,276
ENSG00000106829,109
ENSG00000106852,37
ENSG00000106853,442
ENSG00000106868,581
ENSG00000106927,149
ENSG00000106948,940
ENSG00000106952,80
ENSG00000106976,134
ENSG00000106991,16397
ENSG00000106992,1651
ENSG00000106993,1109
ENSG00000107014,157
ENSG00000107018,28
ENSG00000107020,1677
ENSG00000107021,3172
ENSG00000107036,1021
ENSG00000107077,662
ENSG00000107099,767
ENSG00000107104,1413
ENSG00000107105,261
ENSG00000107130,1112
ENSG00000107140,3640
ENSG00000107147,18
ENSG00000107159,4
ENSG00000107164,2889
ENSG00000107165,0
ENSG00000107175,3642
ENSG00000107185,3127
ENSG00000107186,981
ENSG00000107187,3
ENSG00000107201,2078
ENSG00000107223,18962
ENSG00000107242,28
ENSG00000107249,83
ENSG00000107262,10568
ENSG00000107263,4263
ENSG00000107281,14629
ENSG00000107282,371
ENSG00000107290,3925
ENSG00000107295,47
ENSG00000107317,87
ENSG00000107331,12241
ENSG00000107338,1104
ENSG00000107341,8196
ENSG00000107362,659
ENSG00000107371,2031
ENSG00000107372,7533
ENSG00000107404,2958
ENSG00000107438,1934
ENSG00000107443,281
ENSG00000107447,0
ENSG00000107485,95827
ENSG00000107518,1
ENSG00000107521,4063
ENSG00000107537,1837
ENSG00000107551,1194
ENSG00000107554,699
ENSG00000107560,455
ENSG00000107562,1646
ENSG00000107566,1102
ENSG00000107581,8347
ENSG00000107593,67
ENSG00000107611,106
ENSG00000107614,135
ENSG00000107625,1426
ENSG00000107643,947
ENSG00000107651,2465
ENSG00000107669,1241
ENSG00000107672,1453
ENSG00000107679,918
ENSG00000107719,993
ENSG00000107731,3339
ENSG00000107736,40
ENSG00000107738,1574
ENSG00000107742,327
ENSG00000107745,1763
ENSG00000107758,965
ENSG00000107771,975
ENSG00000107779,901
ENSG00000107789,758
ENSG00000107796,11282
ENSG00000107798,3960
ENSG00000107807,312
ENSG00000107815,501
ENSG00000107816,3091
ENSG00000107819,2653
ENSG00000107821,1325
ENSG00000107829,3288
ENSG00000107831,0
ENSG00000107833,286
ENSG00000107854,1595
ENSG00000107859,2
ENSG00000107862,6261
ENSG00000107863,2076
ENSG00000107864,500
ENSG00000107872,637
ENSG00000107874,2494
ENSG00000107882,947
ENSG00000107890,1041
ENSG00000107897,1683
ENSG00000107902,903
ENSG00000107929,4077
ENSG00000107937,2972
ENSG00000107938,710
ENSG00000107949,1171
ENSG00000107951,823
ENSG00000107954,10062
ENSG00000107957,3197
ENSG00000107959,4533
ENSG00000107960,749
ENSG00000107968,246
ENSG00000107984,37
ENSG00000108001,94
ENSG00000108010,1193
ENSG00000108018,0
ENSG00000108021,2978
ENSG00000108039,2051
ENSG00000108055,2498
ENSG00000108061,1280
ENSG00000108064,929
ENSG00000108091,1649
ENSG00000108094,1583
ENSG00000108100,2600
ENSG00000108106,851
ENSG00000108107,34883
ENSG00000108175,7068
ENSG00000108176,6063
ENSG00000108179,2018
ENSG00000108187,171
ENSG00000108219,2518
ENSG00000108231,1
ENSG00000108239,778
ENSG00000108242,0
ENSG00000108244,26
ENSG00000108255,3
ENSG00000108256,5017
ENSG00000108262,5733
ENSG00000108298,51928
ENSG00000108306,1348
ENSG00000108309,48
ENSG00000108312,10122
ENSG00000108342,0
ENSG00000108344,9912
ENSG00000108349,7989
ENSG00000108352,179
ENSG00000108370,946
ENSG00000108375,1528
ENSG00000108379,1921
ENSG00000108381,115
ENSG00000108384,602
ENSG00000108387,952
ENSG00000108389,2928
ENSG00000108395,1871
ENSG00000108405,20
ENSG00000108406,2780
ENSG00000108417,10
ENSG00000108423,418
ENSG00000108424,14692
ENSG00000108433,1251
ENSG00000108439,2890
ENSG00000108442,0
ENSG00000108443,1547
ENSG00000108448,332
ENSG00000108452,0
ENSG00000108465,8521
ENSG00000108468,3431
ENSG00000108469,1959
ENSG00000108474,304
ENSG00000108479,594
ENSG00000108506,588
ENSG00000108509,9633
ENSG00000108510,2746
ENSG00000108511,115
ENSG00000108515,378
ENSG00000108516,0
ENSG00000108518,38230
ENSG00000108523,9632
ENSG00000108528,7771
ENSG00000108551,7793
ENSG00000108556,37
ENSG00000108557,6128
ENSG00000108559,3158
ENSG00000108561,7442
ENSG00000108576,10
ENSG00000108578,1293
ENSG00000108582,7693
ENSG00000108587,3107
ENSG00000108588,4652
ENSG00000108590,318
ENSG00000108591,1818
ENSG00000108592,2475
ENSG00000108599,2358
ENSG00000108602,16
ENSG00000108604,7682
ENSG00000108622,317
ENSG00000108639,33915
ENSG00000108641,1026
ENSG00000108651,2255
ENSG00000108654,32039
ENSG00000108666,1486
ENSG00000108669,3931
ENSG00000108671,4775
ENSG00000108679,38115
ENSG00000108684,15
ENSG00000108688,1
ENSG00000108691,337
ENSG00000108700,32
ENSG00000108702,1
ENSG00000108733,912
ENSG00000108759,0
ENSG00000108771,1277
ENSG00000108773,6888
ENSG00000108774,7372
ENSG00000108784,5043
ENSG00000108785,61
ENSG00000108786,168
ENSG00000108788,3705
ENSG00000108797,520
ENSG00000108798,1030
ENSG00000108799,2196
ENSG00000108813,9
ENSG00000108819,8807
ENSG00000108821,77528
ENSG00000108823,81
ENSG00000108825,4
ENSG00000108826,1974
ENSG00000108828,20697
ENSG00000108829,10693
ENSG00000108830,2618
ENSG00000108839,41
ENSG00000108840,9713
ENSG00000108846,304
ENSG00000108848,7070
ENSG00000108849,1
ENSG00000108852,2031
ENSG00000108854,1651
ENSG00000108861,6903
ENSG00000108878,19
ENSG00000108883,6135
ENSG00000108924,239
ENSG00000108932,1233
ENSG00000108946,13094
ENSG00000108947,115
ENSG00000108950,173
ENSG00000108953,46433
ENSG00000108958,24
ENSG00000108960,216
ENSG00000108961,985
ENSG00000108963,2155
ENSG00000108984,246
ENSG00000109016,1417
ENSG00000109046,3208
ENSG00000109047,2
ENSG00000109061,1
ENSG00000109062,4618
ENSG00000109063,150
ENSG00000109065,1409
ENSG00000109066,610
ENSG00000109072,77
ENSG00000109079,3203
ENSG00000109083,1324
ENSG00000109084,600
ENSG00000109089,879
ENSG00000109099,3853
ENSG00000109101,4
ENSG00000109103,2185
ENSG00000109107,2102
ENSG00000109111,9332
ENSG00000109113,6838
ENSG00000109118,4426
ENSG00000109132,1
ENSG00000109133,2531
ENSG00000109158,0
ENSG00000109163,6
ENSG00000109171,3395
ENSG00000109180,4952
ENSG00000109181,0
ENSG00000109182,0
ENSG00000109184,946
ENSG00000109189,837
ENSG00000109193,0
ENSG00000109205,0
ENSG00000109208,0
ENSG00000109220,357
ENSG00000109255,13
ENSG00000109265,54
ENSG00000109270,2046
ENSG00000109272,1
ENSG00000109320,3728
ENSG00000109321,8
ENSG00000109323,1526
ENSG00000109332,10984
ENSG00000109339,163
ENSG00000109381,1836
ENSG00000109390,2684
ENSG00000109424,0
ENSG00000109436,30089
ENSG00000109445,1112
ENSG00000109452,1030
ENSG00000109458,217
ENSG00000109466,326
ENSG00000109471,0
ENSG00000109472,21065
ENSG00000109475,16317
ENSG00000109501,3900
ENSG00000109511,3
ENSG00000109519,2440
ENSG00000109534,773
ENSG00000109536,1031
ENSG00000109572,5488
ENSG00000109576,247
ENSG00000109586,5492
ENSG00000109606,5798
ENSG00000109610,600
ENSG00000109618,436
ENSG00000109625,2
ENSG00000109654,1442
ENSG00000109667,243
ENSG00000109670,493
ENSG00000109674,20
ENSG00000109680,312
ENSG00000109684,2
ENSG00000109685,3037
ENSG00000109686,1255
ENSG00000109689,937
ENSG00000109705,6
ENSG00000109736,4247
ENSG00000109738,1062
ENSG00000109743,82
ENSG00000109756,1225
ENSG00000109758,42
ENSG00000109762,872
ENSG00000109771,125
ENSG00000109775,916
ENSG00000109787,2167
ENSG00000109790,993
ENSG00000109794,437
ENSG00000109805,212
ENSG00000109814,818
ENSG00000109819,4
ENSG00000109832,2
ENSG00000109846,262
ENSG00000109851,0
ENSG00000109854,4232
ENSG00000109861,2222
ENSG00000109881,1121
ENSG00000109906,6
ENSG00000109911,702
ENSG00000109917,1231
ENSG00000109919,4824
ENSG00000109920,3125
ENSG00000109927,99
ENSG00000109929,478
ENSG00000109943,17
ENSG00000109944,791
ENSG00000109956,6
ENSG00000109971,60867
ENSG00000109991,6
ENSG00000110002,1504
ENSG00000110011,1418
ENSG00000110013,1193
ENSG00000110025,46
ENSG00000110031,492
ENSG00000110042,1042
ENSG00000110046,2613
ENSG00000110047,2030
ENSG00000110048,3569
ENSG00000110057,1119
ENSG00000110060,376
ENSG00000110063,481
ENSG00000110066,1916
ENSG00000110074,701
ENSG00000110075,5360
ENSG00000110076,94
ENSG00000110077,1609
ENSG00000110079,363
ENSG00000110080,708
ENSG00000110090,4642
ENSG00000110092,104520
ENSG00000110104,1082
ENSG00000110107,10049
ENSG00000110108,6884
ENSG00000110148,0
ENSG00000110169,2759
ENSG00000110171,10566
ENSG00000110172,1066
ENSG00000110195,3
ENSG00000110200,1463
ENSG00000110203,1
ENSG00000110218,561
ENSG00000110237,2666
ENSG00000110243,3
ENSG00000110244,0
ENSG00000110245,0
ENSG00000110274,1055
ENSG00000110315,2283
ENSG00000110318,1254
ENSG00000110321,33774
ENSG00000110324,982
ENSG00000110328,1106
ENSG00000110330,1370
ENSG00000110344,888
ENSG00000110367,5149
ENSG00000110375,6
ENSG00000110395,1211
ENSG00000110400,1549
ENSG00000110422,3229
ENSG00000110427,67
ENSG00000110429,2009
ENSG00000110435,1801
ENSG00000110436,829
ENSG00000110442,1958
ENSG00000110446,864
ENSG00000110448,27
ENSG00000110455,1335
ENSG00000110484,247
ENSG00000110492,1537
ENSG00000110497,3157
ENSG00000110514,7257
ENSG00000110536,1379
ENSG00000110583,1343
ENSG00000110619,2492
ENSG00000110628,844
ENSG00000110651,31257
ENSG00000110660,460
ENSG00000110665,6
ENSG00000110675,3
ENSG00000110680,0
ENSG00000110693,54
ENSG00000110696,5532
ENSG00000110697,742
ENSG00000110700,21419
ENSG00000110711,1935
ENSG00000110713,5407
ENSG00000110717,2928
ENSG00000110719,4028
ENSG00000110721,607
ENSG00000110723,433
ENSG00000110756,907
ENSG00000110768,1470
ENSG00000110777,6
ENSG00000110786,8
ENSG00000110799,7225
ENSG00000110801,1149
ENSG00000110811,2074
ENSG00000110841,1521
ENSG00000110844,218
ENSG00000110848,28
ENSG00000110851,1875
ENSG00000110852,215
ENSG00000110871,1268
ENSG00000110876,1042
ENSG00000110880,2643
ENSG00000110881,628
ENSG00000110887,2
ENSG00000110888,1286
ENSG00000110900,58
ENSG00000110906,2950
ENSG00000110911,3510
ENSG00000110917,11758
ENSG00000110921,1053
ENSG00000110925,2022
ENSG00000110931,6240
ENSG00000110934,432
ENSG00000110944,62
ENSG00000110955,41199
ENSG00000110958,17366
ENSG00000110975,0
ENSG00000110987,1591
ENSG00000111011,3628
ENSG00000111012,51
ENSG00000111046,39
ENSG00000111049,0
ENSG00000111052,10947
ENSG00000111057,58394
ENSG00000111058,7073
ENSG00000111077,7402
ENSG00000111087,15
ENSG00000111110,1924
ENSG00000111142,3652
ENSG00000111144,5594
ENSG00000111145,2373
ENSG00000111181,319
ENSG00000111186,250
ENSG00000111196,1007
ENSG00000111199,189
ENSG00000111203,1359
ENSG00000111206,688
ENSG00000111215,39
ENSG00000111218,23
ENSG00000111224,710
ENSG00000111229,11867
ENSG00000111231,732
ENSG00000111237,3804
ENSG00000111241,0
ENSG00000111245,1
ENSG00000111247,100
ENSG00000111249,12
ENSG00000111252,2391
ENSG00000111254,59
ENSG00000111261,4296
ENSG00000111262,0
ENSG00000111266,5346
ENSG00000111269,4798
ENSG00000111271,1564
ENSG00000111275,653
ENSG00000111276,6359
ENSG00000111291,7
ENSG00000111300,1201
ENSG00000111305,38
ENSG00000111319,13394
ENSG00000111321,6568
ENSG00000111325,112
ENSG00000111328,3757
ENSG00000111331,7535
ENSG00000111335,3532
ENSG00000111339,6
ENSG00000111341,5052
ENSG00000111344,5
ENSG00000111348,6197
ENSG00000111358,1185
ENSG00000111361,2864
ENSG00000111364,1349
ENSG00000111371,2230
ENSG00000111404,9
ENSG00000111405,32
ENSG00000111412,1837
ENSG00000111424,809
ENSG00000111432,36
ENSG00000111445,954
ENSG00000111450,800
ENSG00000111452,27
ENSG00000111481,20088
ENSG00000111490,903
ENSG00000111530,6944
ENSG00000111536,0
ENSG00000111537,4
ENSG00000111540,14325
ENSG00000111554,552
ENSG00000111581,886
ENSG00000111596,3523
ENSG00000111602,1612
ENSG00000111605,3384
ENSG00000111615,1520
ENSG00000111639,5408
ENSG00000111640,91162
ENSG00000111641,3105
ENSG00000111642,14949
ENSG00000111644,198
ENSG00000111647,1373
ENSG00000111652,6387
ENSG00000111653,2449
ENSG00000111664,59
ENSG00000111665,169
ENSG00000111666,1433
ENSG00000111667,6872
ENSG00000111669,23715
ENSG00000111670,1048
ENSG00000111671,700
ENSG00000111674,4377
ENSG00000111676,15322
ENSG00000111678,5894
ENSG00000111679,4059
ENSG00000111684,794
ENSG00000111696,453
ENSG00000111700,0
ENSG00000111701,0
ENSG00000111704,1
ENSG00000111707,3573
ENSG00000111711,1496
ENSG00000111713,0
ENSG00000111716,18874
ENSG00000111725,1916
ENSG00000111726,3007
ENSG00000111727,673
ENSG00000111728,26
ENSG00000111729,150
ENSG00000111731,2370
ENSG00000111732,2
ENSG00000111737,3368
ENSG00000111752,496
ENSG00000111775,6858
ENSG00000111780,1
ENSG00000111783,0
ENSG00000111785,2438
ENSG00000111786,4769
ENSG00000111788,237
ENSG00000111790,1244
ENSG00000111796,20
ENSG00000111799,99688
ENSG00000111801,1543
ENSG00000111802,1913
ENSG00000111816,316
ENSG00000111817,616
ENSG00000111832,2930
ENSG00000111834,74
ENSG00000111837,30
ENSG00000111843,4258
ENSG00000111845,837
ENSG00000111846,1505
ENSG00000111850,288
ENSG00000111859,529
ENSG00000111860,273
ENSG00000111863,4
ENSG00000111875,990
ENSG00000111877,618
ENSG00000111879,434
ENSG00000111880,944
ENSG00000111885,1818
ENSG00000111886,7
ENSG00000111897,12768
ENSG00000111906,3118
ENSG00000111907,118
ENSG00000111911,2406
ENSG00000111912,401
ENSG00000111913,45
ENSG00000111961,392
ENSG00000111962,276
ENSG00000111981,10
ENSG00000112029,309
ENSG00000112031,505
ENSG00000112033,2088
ENSG00000112038,0
ENSG00000112039,196
ENSG00000112041,1
ENSG00000112053,15
ENSG00000112062,2637
ENSG00000112077,21
ENSG00000112078,3994
ENSG00000112079,1535
ENSG00000112081,11806
ENSG00000112096,4191
ENSG00000112110,4358
ENSG00000112115,0
ENSG00000112116,0
ENSG00000112118,4789
ENSG00000112130,1592
ENSG00000112137,126
ENSG00000112139,467
ENSG00000112144,2993
ENSG00000112146,3960
ENSG00000112149,393
ENSG00000112159,2348
ENSG00000112164,2
ENSG00000112167,2185
ENSG00000112175,5
ENSG00000112182,16
ENSG00000112183,14
ENSG00000112186,511
ENSG00000112195,1
ENSG00000112200,2090
ENSG00000112208,488
ENSG00000112210,319
ENSG00000112212,3
ENSG00000112214,84
ENSG00000112218,76
ENSG00000112232,2
ENSG00000112234,2526
ENSG00000112237,1713
ENSG00000112238,0
ENSG00000112242,905
ENSG00000112245,8391
ENSG00000112246,1
ENSG00000112249,2435
ENSG00000112273,0
ENSG00000112276,71
ENSG00000112280,268
ENSG00000112282,1831
ENSG00000112290,558
ENSG00000112293,25
ENSG00000112294,3284
ENSG00000112297,141
ENSG00000112299,83
ENSG00000112303,38
ENSG00000112304,1394
ENSG00000112305,663
ENSG00000112306,27410
ENSG00000112308,9767
ENSG00000112309,17
ENSG00000112312,308
ENSG00000112319,3
ENSG00000112320,126
ENSG00000112333,0
ENSG00000112335,6009
ENSG00000112337,0
ENSG00000112339,2725
ENSG00000112343,2066
ENSG00000112357,793
ENSG00000112365,706
ENSG00000112367,1543
ENSG00000112378,56
ENSG00000112379,11843
ENSG00000112394,104
ENSG00000112406,1285
ENSG00000112414,58
ENSG00000112419,541
ENSG00000112425,350
ENSG00000112462,0
ENSG00000112473,12791
ENSG00000112486,3
ENSG00000112494,0
ENSG00000112499,0
ENSG00000112511,4456
ENSG00000112514,9321
ENSG00000112530,11
ENSG00000112531,1398
ENSG00000112539,1
ENSG00000112541,111
ENSG00000112559,266
ENSG00000112561,869
ENSG00000112562,11713
ENSG00000112576,3517
ENSG00000112578,1844
ENSG00000112584,3035
ENSG00000112592,794
ENSG00000112599,24
ENSG00000112619,15
ENSG00000112624,2835
ENSG00000112640,3362
ENSG00000112651,1253
ENSG00000112655,695
ENSG00000112658,3616
ENSG00000112659,1841
ENSG00000112667,2036
ENSG00000112679,1123
ENSG00000112685,2663
ENSG00000112695,7530
ENSG00000112697,8356
ENSG00000112699,1992
ENSG00000112701,6431
ENSG00000112706,42
ENSG00000112715,7633
ENSG00000112739,2989
ENSG00000112742,106
ENSG00000112759,13687
ENSG00000112761,328
ENSG00000112763,1426
ENSG00000112769,3569
ENSG00000112773,1063
ENSG00000112782,101
ENSG00000112787,4229
ENSG00000112796,2933
ENSG00000112799,492
ENSG00000112812,1738
ENSG00000112818,0
ENSG00000112837,46
ENSG00000112851,3067
ENSG00000112852,18
ENSG00000112855,1939
ENSG00000112874,932
ENSG00000112877,350
ENSG00000112893,992
ENSG00000112902,508
ENSG00000112936,45
ENSG00000112941,1871
ENSG00000112964,86
ENSG00000112972,2660
ENSG00000112977,16127
ENSG00000112981,209
ENSG00000112983,3373
ENSG00000112984,219
ENSG00000112992,5924
ENSG00000112996,18359
ENSG00000113013,18939
ENSG00000113048,3455
ENSG00000113068,3138
ENSG00000113070,440
ENSG00000113073,3
ENSG00000113083,343
ENSG00000113088,8
ENSG00000113100,0
ENSG00000113108,661
ENSG00000113119,583
ENSG00000113140,61969
ENSG00000113141,6300
ENSG00000113161,1865
ENSG00000113163,1589
ENSG00000113194,3766
ENSG00000113196,0
ENSG00000113205,316
ENSG00000113209,20
ENSG00000113211,9
ENSG00000113212,29
ENSG00000113231,119
ENSG00000113240,811
ENSG00000113248,73
ENSG00000113249,1
ENSG00000113262,1
ENSG00000113263,29
ENSG00000113269,2965
ENSG00000113272,745
ENSG00000113273,587
ENSG00000113282,2731
ENSG00000113296,183
ENSG00000113300,1789
ENSG00000113302,1
ENSG00000113303,0
ENSG00000113312,1665
ENSG00000113318,606
ENSG00000113319,266
ENSG00000113327,0
ENSG00000113328,3400
ENSG00000113356,46
ENSG00000113360,4592
ENSG00000113361,419
ENSG00000113368,773
ENSG00000113369,658
ENSG00000113384,7107
ENSG00000113387,10914
ENSG00000113389,87
ENSG00000113391,859
ENSG00000113396,0
ENSG00000113407,6209
ENSG00000113430,0
ENSG00000113441,1808
ENSG00000113448,80
ENSG00000113456,1531
ENSG00000113460,2384
ENSG00000113492,0
ENSG00000113494,1059
ENSG00000113504,8401
ENSG00000113520,3
ENSG00000113522,4076
ENSG00000113525,2
ENSG00000113532,582
ENSG00000113552,1494
ENSG00000113555,2081
ENSG00000113558,16630
ENSG00000113569,2371
ENSG00000113575,6128
ENSG00000113578,173
ENSG00000113580,874
ENSG00000113583,2769
ENSG00000113593,653
ENSG00000113594,2019
ENSG00000113595,490
ENSG00000113597,1074
ENSG00000113600,0
ENSG00000113615,1056
ENSG00000113621,3963
ENSG00000113638,429
ENSG00000113643,3330
ENSG00000113645,1727
ENSG00000113648,11941
ENSG00000113649,1618
ENSG00000113657,1753
ENSG00000113658,2066
ENSG00000113712,5822
ENSG00000113716,1976
ENSG00000113719,28510
ENSG00000113721,7169
ENSG00000113722,22
ENSG00000113732,9649
ENSG00000113734,708
ENSG00000113739,17139
ENSG00000113742,1780
ENSG00000113749,290
ENSG00000113758,1623
ENSG00000113761,1022
ENSG00000113763,2217
ENSG00000113790,387
ENSG00000113805,2
ENSG00000113810,1527
ENSG00000113811,2284
ENSG00000113812,1841
ENSG00000113838,508
ENSG00000113845,3597
ENSG00000113851,1950
ENSG00000113889,2
ENSG00000113905,0
ENSG00000113916,1020
ENSG00000113924,3
ENSG00000113946,3
ENSG00000113966,332
ENSG00000113971,336
ENSG00000114013,409
ENSG00000114019,1708
ENSG00000114021,4838
ENSG00000114023,1437
ENSG00000114026,1479
ENSG00000114030,2273
ENSG00000114054,3181
ENSG00000114062,7433
ENSG00000114098,1668
ENSG00000114107,611
ENSG00000114113,16
ENSG00000114115,6274
ENSG00000114120,2871
ENSG00000114124,39
ENSG00000114125,4404
ENSG00000114126,2052
ENSG00000114127,1852
ENSG00000114166,1578
ENSG00000114200,1188
ENSG00000114204,2
ENSG00000114209,2264
ENSG00000114248,4
ENSG00000114251,101
ENSG00000114268,713
ENSG00000114270,208
ENSG00000114279,7543
ENSG00000114302,3446
ENSG00000114315,737
ENSG00000114316,4236
ENSG00000114331,1555
ENSG00000114346,671
ENSG00000114349,1
ENSG00000114353,18619
ENSG00000114354,6245
ENSG00000114374,0
ENSG00000114378,50
ENSG00000114383,2470
ENSG00000114388,2600
ENSG00000114391,22870
ENSG00000114395,3191
ENSG00000114405,330
ENSG00000114416,8398
ENSG00000114423,1115
ENSG00000114439,3382
ENSG00000114446,1602
ENSG00000114450,415
ENSG00000114455,1
ENSG00000114473,916
ENSG00000114480,858
ENSG00000114487,0
ENSG00000114491,1968
ENSG00000114503,4062
ENSG00000114520,1594
ENSG00000114529,4667
ENSG00000114541,397
ENSG00000114544,2334
ENSG00000114547,15
ENSG00000114554,3590
ENSG00000114573,4994
ENSG00000114626,3124
ENSG00000114631,11272
ENSG00000114638,0
ENSG00000114646,28
ENSG00000114648,894
ENSG00000114650,6334
ENSG00000114654,1459
ENSG00000114656,231
ENSG00000114670,1128
ENSG00000114686,3902
ENSG00000114698,357
ENSG00000114735,3448
ENSG00000114737,4262
ENSG00000114738,3592
ENSG00000114739,1136
ENSG00000114742,2735
ENSG00000114744,1018
ENSG00000114745,3359
ENSG00000114757,33
ENSG00000114767,1638
ENSG00000114770,4184
ENSG00000114771,0
ENSG00000114779,6166
ENSG00000114784,1948
ENSG00000114786,18
ENSG00000114790,84
ENSG00000114796,1095
ENSG00000114805,2
ENSG00000114812,492
ENSG00000114841,828
ENSG00000114850,4807
ENSG00000114853,1368
ENSG00000114854,71
ENSG00000114857,3056
ENSG00000114859,597
ENSG00000114861,1525
ENSG00000114867,25897
ENSG00000114902,7135
ENSG00000114904,1666
ENSG00000114923,840
ENSG00000114933,807
ENSG00000114942,11383
ENSG00000114948,166
ENSG00000114956,2876
ENSG00000114978,4811
ENSG00000114982,3191
ENSG00000114988,1971
ENSG00000114993,3231
ENSG00000114999,740
ENSG00000115008,4
ENSG00000115009,13
ENSG00000115020,938
ENSG00000115041,585
ENSG00000115042,999
ENSG00000115053,25971
ENSG00000115073,3542
ENSG00000115084,1422
ENSG00000115085,102
ENSG00000115091,6085
ENSG00000115107,1012
ENSG00000115109,1781
ENSG00000115112,252
ENSG00000115128,2260
ENSG00000115129,288
ENSG00000115137,316
ENSG00000115138,21
ENSG00000115145,1277
ENSG00000115155,25
ENSG00000115159,2470
ENSG00000115163,44
ENSG00000115165,348
ENSG00000115170,1067
ENSG00000115183,1041
ENSG00000115194,0
ENSG00000115204,3147
ENSG00000115207,2743
ENSG00000115211,3423
ENSG00000115216,4082
ENSG00000115221,24
ENSG00000115226,83
ENSG00000115232,277
ENSG00000115233,2701
ENSG00000115234,10487
ENSG00000115239,61
ENSG00000115241,5192
ENSG00000115252,124
ENSG00000115255,155
ENSG00000115257,288
ENSG00000115263,0
ENSG00000115266,195
ENSG00000115267,1722
ENSG00000115268,14795
ENSG00000115271,1014
ENSG00000115274,117
ENSG00000115275,3077
ENSG00000115282,762
ENSG00000115286,2010
ENSG00000115289,712
ENSG00000115290,4
ENSG00000115295,39
ENSG00000115297,31
ENSG00000115306,20430
ENSG00000115307,4036
ENSG00000115310,12690
ENSG00000115317,1036
ENSG00000115318,336
ENSG00000115325,1685
ENSG00000115339,1060
ENSG00000115350,955
ENSG00000115353,4
ENSG00000115355,807
ENSG00000115361,0
ENSG00000115363,73
ENSG00000115364,1424
ENSG00000115365,3178
ENSG00000115368,1325
ENSG00000115380,396
ENSG00000115386,0
ENSG00000115392,753
ENSG00000115414,51868
ENSG00000115415,7375
ENSG00000115419,2466
ENSG00000115421,506
ENSG00000115423,62
ENSG00000115425,525
ENSG00000115446,1521
ENSG00000115457,980
ENSG00000115459,1146
ENSG00000115461,5276
ENSG00000115464,2189
ENSG00000115468,2768
ENSG00000115474,0
ENSG00000115484,12263
ENSG00000115486,1774
ENSG00000115488,0
ENSG00000115504,1316
ENSG00000115507,64
ENSG00000115514,1243
ENSG00000115520,1443
ENSG00000115523,139
ENSG00000115524,12947
ENSG00000115525,992
ENSG00000115526,1382
ENSG00000115539,1200
ENSG00000115540,1084
ENSG00000115541,5467
ENSG00000115548,1748
ENSG00000115556,2722
ENSG00000115561,3397
ENSG00000115568,1353
ENSG00000115590,2
ENSG00000115592,2
ENSG00000115593,0
ENSG00000115594,354
ENSG00000115596,7
ENSG00000115598,100
ENSG00000115602,4
ENSG00000115604,27
ENSG00000115607,4
ENSG00000115616,5
ENSG00000115641,671
ENSG00000115648,37963
ENSG00000115649,4176
ENSG00000115652,1527
ENSG00000115657,661
ENSG00000115661,2436
ENSG00000115665,2
ENSG00000115677,35857
ENSG00000115685,4882
ENSG00000115687,2012
ENSG00000115694,3814
ENSG00000115705,13
ENSG00000115718,20
ENSG00000115738,1734
ENSG00000115750,296
ENSG00000115756,3966
ENSG00000115758,2244
ENSG00000115760,3765
ENSG00000115761,1005
ENSG00000115762,5401
ENSG00000115806,6046
ENSG00000115808,978
ENSG00000115816,2683
ENSG00000115825,336
ENSG00000115827,1031
ENSG00000115828,698
ENSG00000115839,2726
ENSG00000115840,1558
ENSG00000115841,71
ENSG00000115844,2
ENSG00000115850,2
ENSG00000115866,3140
ENSG00000115875,4719
ENSG00000115884,683
ENSG00000115896,153
ENSG00000115902,6445
ENSG00000115904,1173
ENSG00000115919,101
ENSG00000115934,0
ENSG00000115935,1120
ENSG00000115942,1176
ENSG00000115944,5078
ENSG00000115946,1150
ENSG00000115947,1749
ENSG00000115956,681
ENSG00000115963,207
ENSG00000115966,1797
ENSG00000115970,2361
ENSG00000115977,855
ENSG00000115993,1441
ENSG00000115998,600
ENSG00000116001,2315
ENSG00000116005,4878
ENSG00000116014,16
ENSG00000116016,6065
ENSG00000116017,873
ENSG00000116030,3892
ENSG00000116031,7
ENSG00000116032,9
ENSG00000116035,205
ENSG00000116039,1393
ENSG00000116044,4813
ENSG00000116062,2328
ENSG00000116095,906
ENSG00000116096,6110
ENSG00000116106,120
ENSG00000116117,370
ENSG00000116120,3004
ENSG00000116127,1486
ENSG00000116128,2986
ENSG00000116132,817
ENSG00000116133,54831
ENSG00000116138,1347
ENSG00000116141,299
ENSG00000116147,4
ENSG00000116151,720
ENSG00000116157,1014
ENSG00000116161,3570
ENSG00000116171,5316
ENSG00000116176,38
ENSG00000116183,11
ENSG00000116191,2594
ENSG00000116194,82
ENSG00000116198,2550
ENSG00000116199,3495
ENSG00000116205,498
ENSG00000116209,19415
ENSG00000116212,1015
ENSG00000116213,1231
ENSG00000116218,0
ENSG00000116221,3977
ENSG00000116237,3916
ENSG00000116251,11257
ENSG00000116254,20
ENSG00000116260,23580
ENSG00000116266,1399
ENSG00000116273,1146
ENSG00000116285,3142
ENSG00000116288,16427
ENSG00000116299,35157
ENSG00000116329,572
ENSG00000116337,4283
ENSG00000116350,4000
ENSG00000116353,605
ENSG00000116396,377
ENSG00000116406,3532
ENSG00000116455,1094
ENSG00000116459,5716
ENSG00000116473,1759
ENSG00000116478,6859
ENSG00000116489,5963
ENSG00000116497,911
ENSG00000116514,1169
ENSG00000116521,5494
ENSG00000116525,771
ENSG00000116539,3597
ENSG00000116544,78
ENSG00000116560,12464
ENSG00000116574,851
ENSG00000116580,1795
ENSG00000116584,4132
ENSG00000116586,2920
ENSG00000116604,11048
ENSG00000116641,1618
ENSG00000116649,4067
ENSG00000116652,28
ENSG00000116661,4335
ENSG00000116663,1370
ENSG00000116667,3422
ENSG00000116668,212
ENSG00000116670,1205
ENSG00000116675,392
ENSG00000116678,156
ENSG00000116679,4948
ENSG00000116685,4194
ENSG00000116688,5914
ENSG00000116690,4
ENSG00000116691,1239
ENSG00000116698,6008
ENSG00000116701,399
ENSG00000116703,1
ENSG00000116704,1026
ENSG00000116711,65
ENSG00000116717,368
ENSG00000116721,0
ENSG00000116726,0
ENSG00000116729,1787
ENSG00000116731,2170
ENSG00000116741,171
ENSG00000116745,2
ENSG00000116747,1080
ENSG00000116748,1
ENSG00000116750,1489
ENSG00000116752,1338
ENSG00000116754,4829
ENSG00000116761,147
ENSG00000116771,113
ENSG00000116774,5915
ENSG00000116783,5
ENSG00000116785,0
ENSG00000116786,3349
ENSG00000116791,638
ENSG00000116793,1067
ENSG00000116809,1464
ENSG00000116815,132
ENSG00000116819,38
ENSG00000116824,113
ENSG00000116830,857
ENSG00000116833,105
ENSG00000116852,256
ENSG00000116857,5986
ENSG00000116863,1559
ENSG00000116871,5512
ENSG00000116874,1791
ENSG00000116882,200
ENSG00000116883,393
ENSG00000116885,1104
ENSG00000116898,3770
ENSG00000116903,816
ENSG00000116906,3281
ENSG00000116918,1812
ENSG00000116922,715
ENSG00000116954,928
ENSG00000116957,893
ENSG00000116962,2989
ENSG00000116977,3301
ENSG00000116981,0
ENSG00000116983,1
ENSG00000116984,1958
ENSG00000116985,79
ENSG00000116990,65
ENSG00000116991,781
ENSG00000116996,0
ENSG00000117000,766
ENSG00000117009,29
ENSG00000117010,78
ENSG00000117013,16
ENSG00000117016,161
ENSG00000117020,589
ENSG00000117036,1370
ENSG00000117054,2274
ENSG00000117069,35
ENSG00000117090,13
ENSG00000117091,226
ENSG00000117114,615
ENSG00000117115,492
ENSG00000117118,3989
ENSG00000117122,376
ENSG00000117133,1495
ENSG00000117139,5008
ENSG00000117143,3604
ENSG00000117148,0
ENSG00000117151,801
ENSG00000117152,124
ENSG00000117153,3010
ENSG00000117154,247
ENSG00000117155,792
ENSG00000117174,1657
ENSG00000117215,13
ENSG00000117222,1566
ENSG00000117226,879
ENSG00000117228,473
ENSG00000117242,198
ENSG00000117245,43
ENSG00000117262,293
ENSG00000117266,2742
ENSG00000117280,330
ENSG00000117281,18
ENSG00000117298,9665
ENSG00000117305,2794
ENSG00000117308,1961
ENSG00000117318,2394
ENSG00000117322,1
ENSG00000117335,18541
ENSG00000117360,5388
ENSG00000117362,8688
ENSG00000117385,1991
ENSG00000117394,1526
ENSG00000117395,4193
ENSG00000117399,256
ENSG00000117400,7
ENSG00000117407,247
ENSG00000117408,2872
ENSG00000117410,10104
ENSG00000117411,2659
ENSG00000117419,2884
ENSG00000117425,176
ENSG00000117448,6520
ENSG00000117450,12108
ENSG00000117461,2768
ENSG00000117472,19000
ENSG00000117475,1329
ENSG00000117477,19
ENSG00000117479,789
ENSG00000117480,5295
ENSG00000117481,1887
ENSG00000117500,1508
ENSG00000117501,0
ENSG00000117505,2398
ENSG00000117507,0
ENSG00000117519,3157
ENSG00000117523,6715
ENSG00000117525,103
ENSG00000117528,1333
ENSG00000117533,829
ENSG00000117543,1115
ENSG00000117560,10
ENSG00000117569,504
ENSG00000117586,141
ENSG00000117592,10633
ENSG00000117593,1009
ENSG00000117594,19
ENSG00000117595,7135
ENSG00000117597,1529
ENSG00000117598,2
ENSG00000117600,24
ENSG00000117601,101
ENSG00000117602,854
ENSG00000117614,2665
ENSG00000117616,2681
ENSG00000117620,1075
ENSG00000117625,1467
ENSG00000117632,3533
ENSG00000117640,2982
ENSG00000117643,334
ENSG00000117650,145
ENSG00000117676,4942
ENSG00000117682,2259
ENSG00000117691,4843
ENSG00000117697,1106
ENSG00000117707,26
ENSG00000117713,7610
ENSG00000117724,543
ENSG00000117748,2243
ENSG00000117751,2212
ENSG00000117758,1766
ENSG00000117791,1720
ENSG00000117834,13
ENSG00000117859,2062
ENSG00000117862,4117
ENSG00000117868,7504
ENSG00000117877,263
ENSG00000117899,3125
ENSG00000117906,3655
ENSG00000117971,10
ENSG00000117983,2
ENSG00000117984,29940
ENSG00000118004,9
ENSG00000118007,687
ENSG00000118017,5
ENSG00000118046,3560
ENSG00000118058,2489
ENSG00000118094,0
ENSG00000118096,2339
ENSG00000118113,7
ENSG00000118137,2
ENSG00000118156,35
ENSG00000118160,1
ENSG00000118162,442
ENSG00000118181,13179
ENSG00000118193,47
ENSG00000118194,3
ENSG00000118197,1664
ENSG00000118200,2088
ENSG00000118217,3664
ENSG00000118231,0
ENSG00000118242,1448
ENSG00000118245,0
ENSG00000118246,987
ENSG00000118257,1592
ENSG00000118260,1327
ENSG00000118263,531
ENSG00000118271,0
ENSG00000118276,110
ENSG00000118292,437
ENSG00000118298,78
ENSG00000118307,170
ENSG00000118308,158
ENSG00000118322,128
ENSG00000118363,909
ENSG00000118369,484
ENSG00000118402,124
ENSG00000118407,276
ENSG00000118412,842
ENSG00000118418,2724
ENSG00000118420,81
ENSG00000118432,1609
ENSG00000118434,0
ENSG00000118454,779
ENSG00000118473,73
ENSG00000118482,5066
ENSG00000118491,0
ENSG00000118492,76
ENSG00000118495,128
ENSG00000118496,748
ENSG00000118503,546
ENSG00000118507,492
ENSG00000118508,1090
ENSG00000118513,243
ENSG00000118514,5
ENSG00000118515,1452
ENSG00000118518,2780
ENSG00000118520,11
ENSG00000118523,2451
ENSG00000118526,0
ENSG00000118557,77
ENSG00000118564,7526
ENSG00000118579,2498
ENSG00000118596,409
ENSG00000118600,1020
ENSG00000118620,535
ENSG00000118640,5818
ENSG00000118655,546
ENSG00000118680,16993
ENSG00000118689,1991
ENSG00000118690,166
ENSG00000118702,0
ENSG00000118705,25541
ENSG00000118707,877
ENSG00000118729,436
ENSG00000118733,0
ENSG00000118762,824
ENSG00000118777,115
ENSG00000118785,8405
ENSG00000118804,93
ENSG00000118816,17366
ENSG00000118849,83
ENSG00000118855,5126
ENSG00000118873,2022
ENSG00000118894,592
ENSG00000118898,1212
ENSG00000118900,3237
ENSG00000118903,0
ENSG00000118922,294
ENSG00000118939,319
ENSG00000118946,581
ENSG00000118960,1567
ENSG00000118961,1053
ENSG00000118965,1026
ENSG00000118971,1030
ENSG00000118972,0
ENSG00000118976,0
ENSG00000118985,1901
ENSG00000118990,2
ENSG00000118997,148
ENSG00000119004,984
ENSG00000119013,1762
ENSG00000119041,1806
ENSG00000119042,92
ENSG00000119048,2998
ENSG00000119121,10
ENSG00000119125,2
ENSG00000119138,1108
ENSG00000119139,2319
ENSG00000119147,12
ENSG00000119185,1512
ENSG00000119203,1612
ENSG00000119227,370
ENSG00000119231,1682
ENSG00000119242,3162
ENSG00000119280,1459
ENSG00000119283,1
ENSG00000119285,1415
ENSG00000119314,4879
ENSG00000119318,11764
ENSG00000119321,3782
ENSG00000119326,331
ENSG00000119328,1274
ENSG00000119333,4813
ENSG00000119335,19229
ENSG00000119383,19928
ENSG00000119392,4952
ENSG00000119396,8399
ENSG00000119397,775
ENSG00000119401,1707
ENSG00000119402,3379
ENSG00000119403,564
ENSG00000119408,1044
ENSG00000119411,1059
ENSG00000119414,5283
ENSG00000119421,3500
ENSG00000119431,1104
ENSG00000119440,53
ENSG00000119446,2467
ENSG00000119457,2
ENSG00000119471,1493
ENSG00000119487,4508
ENSG00000119508,870
ENSG00000119509,854
ENSG00000119514,38
ENSG00000119522,3966
ENSG00000119523,1603
ENSG00000119535,2226
ENSG00000119537,2593
ENSG00000119541,1904
ENSG00000119547,2
ENSG00000119559,871
ENSG00000119574,1218
ENSG00000119596,839
ENSG00000119599,540
ENSG00000119608,0
ENSG00000119614,0
ENSG00000119616,936
ENSG00000119630,1001
ENSG00000119632,2566
ENSG00000119636,353
ENSG00000119638,3737
ENSG00000119640,156
ENSG00000119650,1246
ENSG00000119655,3762
ENSG00000119660,0
ENSG00000119661,835
ENSG00000119669,4873
ENSG00000119673,707
ENSG00000119681,1815
ENSG00000119682,1066
ENSG00000119684,1018
ENSG00000119685,635
ENSG00000119686,139
ENSG00000119688,876
ENSG00000119689,3431
ENSG00000119698,743
ENSG00000119699,9052
ENSG00000119703,229
ENSG00000119705,1139
ENSG00000119707,3151
ENSG00000119711,1779
ENSG00000119714,1276
ENSG00000119715,15
ENSG00000119718,1029
ENSG00000119720,869
ENSG00000119723,541
ENSG00000119725,84
ENSG00000119729,969
ENSG00000119737,119
ENSG00000119760,1979
ENSG00000119771,62
ENSG00000119772,2237
ENSG00000119777,6205
ENSG00000119778,449
ENSG00000119782,263
ENSG00000119787,1356
ENSG00000119801,4535
ENSG00000119812,1767
ENSG00000119820,2248
ENSG00000119844,2234
ENSG00000119862,938
ENSG00000119865,357
ENSG00000119866,2
ENSG00000119878,480
ENSG00000119888,7701
ENSG00000119899,1232
ENSG00000119900,1889
ENSG00000119906,1195
ENSG00000119912,969
ENSG00000119913,0
ENSG00000119915,68
ENSG00000119917,1483
ENSG00000119919,0
ENSG00000119922,1463
ENSG00000119927,391
ENSG00000119929,266
ENSG00000119938,174
ENSG00000119943,351
ENSG00000119946,1
ENSG00000119950,1635
ENSG00000119953,792
ENSG00000119965,247
ENSG00000119969,234
ENSG00000119973,0
ENSG00000119977,2154
ENSG00000119979,398
ENSG00000119986,250
ENSG00000120008,1741
ENSG00000120029,1236
ENSG00000120049,23
ENSG00000120051,16
ENSG00000120053,1013
ENSG00000120054,0
ENSG00000120055,14
ENSG00000120057,1
ENSG00000120063,2477
ENSG00000120068,40
ENSG00000120071,3300
ENSG00000120075,32
ENSG00000120088,4
ENSG00000120093,113
ENSG00000120094,0
ENSG00000120129,2967
ENSG00000120137,3107
ENSG00000120149,31
ENSG00000120156,429
ENSG00000120158,915
ENSG00000120159,538
ENSG00000120160,0
ENSG00000120162,164
ENSG00000120210,0
ENSG00000120211,0
ENSG00000120215,22
ENSG00000120217,49
ENSG00000120235,0
ENSG00000120242,0
ENSG00000120251,22932
ENSG00000120253,1953
ENSG00000120254,362
ENSG00000120256,2814
ENSG00000120262,1746
ENSG00000120265,4320
ENSG00000120278,343
ENSG00000120279,549
ENSG00000120280,93
ENSG00000120289,0
ENSG00000120306,1457
ENSG00000120314,1818
ENSG00000120318,887
ENSG00000120322,5
ENSG00000120324,110
ENSG00000120327,179
ENSG00000120328,37
ENSG00000120329,1
ENSG00000120332,24
ENSG00000120333,2007
ENSG00000120334,124
ENSG00000120337,9
ENSG00000120341,3
ENSG00000120370,557
ENSG00000120436,0
ENSG00000120437,886
ENSG00000120438,16866
ENSG00000120440,72
ENSG00000120451,3335
ENSG00000120457,154
ENSG00000120458,269
ENSG00000120471,9
ENSG00000120498,7
ENSG00000120500,3
ENSG00000120509,2763
ENSG00000120519,321
ENSG00000120526,664
ENSG00000120533,2663
ENSG00000120539,314
ENSG00000120549,1169
ENSG00000120555,7
ENSG00000120563,0
ENSG00000120594,1115
ENSG00000120616,1452
ENSG00000120645,15
ENSG00000120647,251
ENSG00000120656,1142
ENSG00000120658,98
ENSG00000120659,2
ENSG00000120662,332
ENSG00000120664,1
ENSG00000120669,4
ENSG00000120675,1239
ENSG00000120685,2285
ENSG00000120686,4079
ENSG00000120688,687
ENSG00000120690,4070
ENSG00000120693,104
ENSG00000120694,15218
ENSG00000120696,1186
ENSG00000120697,1501
ENSG00000120699,666
ENSG00000120705,4326
ENSG00000120708,6401
ENSG00000120709,2290
ENSG00000120725,3995
ENSG00000120727,5083
ENSG00000120729,2
ENSG00000120733,5020
ENSG00000120738,794
ENSG00000120742,11334
ENSG00000120756,209
ENSG00000120784,858
ENSG00000120798,642
ENSG00000120800,1168
ENSG00000120802,1993
ENSG00000120805,5575
ENSG00000120820,130
ENSG00000120832,1043
ENSG00000120833,332
ENSG00000120837,1408
ENSG00000120860,1500
ENSG00000120868,816
ENSG00000120875,21338
ENSG00000120885,61581
ENSG00000120889,3285
ENSG00000120896,12435
ENSG00000120899,3663
ENSG00000120903,29
ENSG00000120907,15
ENSG00000120910,1158
ENSG00000120913,1209
ENSG00000120915,3969
ENSG00000120925,883
ENSG00000120937,0
ENSG00000120942,1391
ENSG00000120948,5053
ENSG00000120949,40
ENSG00000120952,0
ENSG00000120963,2764
ENSG00000120992,1189
ENSG00000121005,2164
ENSG00000121022,3495
ENSG00000121039,126
ENSG00000121053,18
ENSG00000121057,4086
ENSG00000121058,1251
ENSG00000121060,5143
ENSG00000121064,1215
ENSG00000121067,6766
ENSG00000121068,1197
ENSG00000121073,2730
ENSG00000121075,10
ENSG00000121089,41
ENSG00000121101,23
ENSG00000121104,5279
ENSG00000121152,179
ENSG00000121207,74
ENSG00000121210,938
ENSG00000121211,62
ENSG00000121236,260
ENSG00000121270,11784
ENSG00000121274,987
ENSG00000121281,149
ENSG00000121289,1483
ENSG00000121297,387
ENSG00000121310,3935
ENSG00000121314,0
ENSG00000121316,1889
ENSG00000121318,3
ENSG00000121335,0
ENSG00000121350,769
ENSG00000121351,3
ENSG00000121361,537
ENSG00000121377,0
ENSG00000121380,6
ENSG00000121381,0
ENSG00000121388,0
ENSG00000121390,1411
ENSG00000121406,703
ENSG00000121410,24
ENSG00000121413,1073
ENSG00000121417,932
ENSG00000121440,3147
ENSG00000121446,0
ENSG00000121454,78
ENSG00000121481,1321
ENSG00000121486,1503
ENSG00000121542,632
ENSG00000121552,94
ENSG00000121570,1
ENSG00000121577,383
ENSG00000121578,842
ENSG00000121579,3852
ENSG00000121594,36
ENSG00000121621,61
ENSG00000121634,0
ENSG00000121644,996
ENSG00000121653,2272
ENSG00000121671,3539
ENSG00000121680,1930
ENSG00000121690,27
ENSG00000121691,3183
ENSG00000121716,435
ENSG00000121741,4015
ENSG00000121742,0
ENSG00000121743,21
ENSG00000121749,2787
ENSG00000121753,4202
ENSG00000121764,1
ENSG00000121766,1692
ENSG00000121769,338
ENSG00000121774,9023
ENSG00000121775,723
ENSG00000121797,772
ENSG00000121807,23
ENSG00000121851,1116
ENSG00000121853,0
ENSG00000121858,1168
ENSG00000121864,1642
ENSG00000121871,0
ENSG00000121879,1134
ENSG00000121892,4814
ENSG00000121895,40
ENSG00000121897,383
ENSG00000121898,326
ENSG00000121900,1095
ENSG00000121903,156
ENSG00000121904,35
ENSG00000121905,14
ENSG00000121931,823
ENSG00000121933,507
ENSG00000121940,1224
ENSG00000121957,236
ENSG00000121964,423
ENSG00000121966,2141
ENSG00000121988,189
ENSG00000121989,743
ENSG00000122008,1017
ENSG00000122012,8
ENSG00000122025,4
ENSG00000122026,9360
ENSG00000122033,2740
ENSG00000122034,10160
ENSG00000122035,294
ENSG00000122042,1787
ENSG00000122043,0
ENSG00000122068,3531
ENSG00000122085,2290
ENSG00000122121,6
ENSG00000122122,612
ENSG00000122126,3618
ENSG00000122133,4
ENSG00000122136,70
ENSG00000122140,3103
ENSG00000122145,0
ENSG00000122176,24956
ENSG00000122180,4
ENSG00000122188,10
ENSG00000122194,0
ENSG00000122203,4552
ENSG00000122218,27151
ENSG00000122223,22
ENSG00000122224,20
ENSG00000122254,80
ENSG00000122257,2959
ENSG00000122299,3146
ENSG00000122304,0
ENSG00000122335,416
ENSG00000122359,7747
ENSG00000122367,55
ENSG00000122375,5
ENSG00000122376,975
ENSG00000122378,2981
ENSG00000122386,971
ENSG00000122390,2385
ENSG00000122406,25169
ENSG00000122417,703
ENSG00000122420,1
ENSG00000122432,11
ENSG00000122435,370
ENSG00000122477,19
ENSG00000122481,348
ENSG00000122482,1279
ENSG00000122483,107
ENSG00000122484,1008
ENSG00000122490,2315
ENSG00000122507,375
ENSG00000122512,687
ENSG00000122515,5184
ENSG00000122543,3
ENSG00000122545,6410
ENSG00000122547,920
ENSG00000122548,4
ENSG00000122550,832
ENSG00000122557,1392
ENSG00000122565,9086
ENSG00000122566,37696
ENSG00000122574,317
ENSG00000122584,627
ENSG00000122585,0
ENSG00000122591,201
ENSG00000122592,20
ENSG00000122641,455
ENSG00000122642,3921
ENSG00000122643,780
ENSG00000122644,441
ENSG00000122674,294
ENSG00000122678,1700
ENSG00000122679,1567
ENSG00000122687,2081
ENSG00000122691,71
ENSG00000122692,3928
ENSG00000122694,683
ENSG00000122696,1402
ENSG00000122705,7381
ENSG00000122707,363
ENSG00000122711,0
ENSG00000122718,0
ENSG00000122728,0
ENSG00000122729,3739
ENSG00000122733,15
ENSG00000122735,399
ENSG00000122741,8052
ENSG00000122756,36
ENSG00000122778,2578
ENSG00000122779,2705
ENSG00000122783,979
ENSG00000122786,4802
ENSG00000122787,1
ENSG00000122824,6
ENSG00000122852,0
ENSG00000122859,0
ENSG00000122861,1322
ENSG00000122862,1797
ENSG00000122863,410
ENSG00000122870,68
ENSG00000122872,0
ENSG00000122873,533
ENSG00000122877,103
ENSG00000122882,1385
ENSG00000122884,665
ENSG00000122912,509
ENSG00000122952,708
ENSG00000122958,1540
ENSG00000122965,1851
ENSG00000122966,257
ENSG00000122970,1161
ENSG00000122971,2858
ENSG00000122986,300
ENSG00000123009,12
ENSG00000123064,5993
ENSG00000123066,9313
ENSG00000123080,594
ENSG00000123091,3519
ENSG00000123094,723
ENSG00000123095,12287
ENSG00000123096,1575
ENSG00000123104,3815
ENSG00000123106,1032
ENSG00000123119,14
ENSG00000123124,8267
ENSG00000123130,1315
ENSG00000123131,4704
ENSG00000123136,2074
ENSG00000123143,13833
ENSG00000123144,4859
ENSG00000123146,2589
ENSG00000123154,600
ENSG00000123159,4363
ENSG00000123165,0
ENSG00000123171,1
ENSG00000123178,1217
ENSG00000123179,1258
ENSG00000123191,156
ENSG00000123200,4489
ENSG00000123201,5
ENSG00000123213,1439
ENSG00000123219,49
ENSG00000123240,4728
ENSG00000123243,293
ENSG00000123268,569
ENSG00000123297,1952
ENSG00000123307,0
ENSG00000123329,379
ENSG00000123338,1104
ENSG00000123342,219
ENSG00000123349,13846
ENSG00000123352,3215
ENSG00000123353,1494
ENSG00000123358,837
ENSG00000123360,293
ENSG00000123364,0
ENSG00000123374,959
ENSG00000123384,5340
ENSG00000123388,6
ENSG00000123395,1427
ENSG00000123405,24
ENSG00000123407,3
ENSG00000123411,510
ENSG00000123415,2262
ENSG00000123416,6427
ENSG00000123427,549
ENSG00000123444,645
ENSG00000123447,0
ENSG00000123453,3316
ENSG00000123454,75
ENSG00000123472,5345
ENSG00000123473,170
ENSG00000123485,141
ENSG00000123496,5
ENSG00000123500,376
ENSG00000123505,2210
ENSG00000123545,722
ENSG00000123552,479
ENSG00000123560,7
ENSG00000123561,0
ENSG00000123562,19019
ENSG00000123569,0
ENSG00000123570,585
ENSG00000123572,3
ENSG00000123575,1985
ENSG00000123576,0
ENSG00000123584,0
ENSG00000123594,0
ENSG00000123595,659
ENSG00000123600,1344
ENSG00000123607,1005
ENSG00000123609,673
ENSG00000123610,116
ENSG00000123612,48
ENSG00000123636,1602
ENSG00000123643,354
ENSG00000123684,3158
ENSG00000123685,49
ENSG00000123689,62
ENSG00000123700,187
ENSG00000123728,1102
ENSG00000123737,1035
ENSG00000123739,2150
ENSG00000123810,348
ENSG00000123815,1646
ENSG00000123836,302
ENSG00000123838,0
ENSG00000123843,7
ENSG00000123870,110
ENSG00000123892,479
ENSG00000123901,1
ENSG00000123908,1539
ENSG00000123933,7974
ENSG00000123965,75
ENSG00000123975,1503
ENSG00000123977,2
ENSG00000123983,19913
ENSG00000123989,9892
ENSG00000123992,5690
ENSG00000123999,76
ENSG00000124003,1
ENSG00000124006,7952
ENSG00000124019,104
ENSG00000124067,799
ENSG00000124074,1197
ENSG00000124089,0
ENSG00000124091,7
ENSG00000124092,0
ENSG00000124097,19
ENSG00000124098,8610
ENSG00000124102,5
ENSG00000124103,1
ENSG00000124104,1531
ENSG00000124107,32
ENSG00000124116,48
ENSG00000124120,967
ENSG00000124126,4115
ENSG00000124134,5
ENSG00000124140,46
ENSG00000124143,9
ENSG00000124145,7433
ENSG00000124151,2810
ENSG00000124155,20733
ENSG00000124157,0
ENSG00000124159,10
ENSG00000124160,3537
ENSG00000124164,5153
ENSG00000124171,661
ENSG00000124172,18764
ENSG00000124177,4583
ENSG00000124181,3706
ENSG00000124191,127
ENSG00000124193,8994
ENSG00000124194,3
ENSG00000124196,0
ENSG00000124198,5514
ENSG00000124201,5422
ENSG00000124203,7
ENSG00000124205,0
ENSG00000124207,6334
ENSG00000124208,0
ENSG00000124209,3067
ENSG00000124212,77
ENSG00000124214,7935
ENSG00000124215,39
ENSG00000124216,273
ENSG00000124217,896
ENSG00000124222,4213
ENSG00000124224,55
ENSG00000124225,3054
ENSG00000124226,4720
ENSG00000124227,0
ENSG00000124228,5159
ENSG00000124232,1
ENSG00000124233,0
ENSG00000124237,0
ENSG00000124243,7526
ENSG00000124249,1677
ENSG00000124251,46
ENSG00000124253,0
ENSG00000124256,46
ENSG00000124257,29
ENSG00000124260,0
ENSG00000124275,2071
ENSG00000124279,760
ENSG00000124299,1916
ENSG00000124302,642
ENSG00000124313,5819
ENSG00000124333,1771
ENSG00000124334,2
ENSG00000124343,37
ENSG00000124356,1690
ENSG00000124357,2570
ENSG00000124370,453
ENSG00000124374,557
ENSG00000124380,1218
ENSG00000124383,1868
ENSG00000124391,5
ENSG00000124399,1
ENSG00000124406,1805
ENSG00000124422,12873
ENSG00000124429,406
ENSG00000124440,9
ENSG00000124444,795
ENSG00000124449,0
ENSG00000124459,720
ENSG00000124466,307
ENSG00000124467,3
ENSG00000124469,0
ENSG00000124479,24
ENSG00000124486,7594
ENSG00000124490,0
ENSG00000124491,265
ENSG00000124493,1355
ENSG00000124496,476
ENSG00000124507,445
ENSG00000124508,1199
ENSG00000124523,1349
ENSG00000124532,2055
ENSG00000124535,3535
ENSG00000124541,2123
ENSG00000124549,165
ENSG00000124557,2
ENSG00000124562,4098
ENSG00000124564,0
ENSG00000124568,0
ENSG00000124570,20551
ENSG00000124571,2892
ENSG00000124574,1060
ENSG00000124575,55
ENSG00000124587,4860
ENSG00000124588,1944
ENSG00000124593,471
ENSG00000124596,1661
ENSG00000124602,81
ENSG00000124608,1430
ENSG00000124610,0
ENSG00000124613,355
ENSG00000124614,5395
ENSG00000124615,950
ENSG00000124635,239
ENSG00000124641,935
ENSG00000124657,15
ENSG00000124659,1790
ENSG00000124664,31046
ENSG00000124678,11
ENSG00000124688,1862
ENSG00000124701,4
ENSG00000124702,5763
ENSG00000124713,319
ENSG00000124721,5
ENSG00000124731,49
ENSG00000124733,3978
ENSG00000124743,37
ENSG00000124749,145
ENSG00000124762,11039
ENSG00000124766,2951
ENSG00000124767,6991
ENSG00000124772,265
ENSG00000124780,3
ENSG00000124782,1911
ENSG00000124783,8060
ENSG00000124784,1075
ENSG00000124785,261
ENSG00000124786,1703
ENSG00000124787,343
ENSG00000124788,1698
ENSG00000124789,2614
ENSG00000124795,2825
ENSG00000124802,684
ENSG00000124812,0
ENSG00000124813,450
ENSG00000124818,2
ENSG00000124827,1
ENSG00000124831,10256
ENSG00000124835,0
ENSG00000124839,2945
ENSG00000124875,3
ENSG00000124882,1
ENSG00000124900,0
ENSG00000124915,0
ENSG00000124920,25
ENSG00000124935,365
ENSG00000124939,661
ENSG00000124942,29351
ENSG00000125037,3177
ENSG00000125046,134
ENSG00000125084,0
ENSG00000125089,1271
ENSG00000125107,8405
ENSG00000125122,589
ENSG00000125124,2000
ENSG00000125144,2009
ENSG00000125148,4903
ENSG00000125149,3021
ENSG00000125166,14024
ENSG00000125170,1746
ENSG00000125207,1
ENSG00000125245,12
ENSG00000125246,389
ENSG00000125247,1523
ENSG00000125249,1389
ENSG00000125255,0
ENSG00000125257,488
ENSG00000125266,1907
ENSG00000125285,0
ENSG00000125304,12593
ENSG00000125319,190
ENSG00000125337,17
ENSG00000125347,2391
ENSG00000125351,631
ENSG00000125352,1101
ENSG00000125354,1309
ENSG00000125355,20
ENSG00000125356,4804
ENSG00000125363,0
ENSG00000125375,1112
ENSG00000125378,65
ENSG00000125384,3274
ENSG00000125385,0
ENSG00000125386,1903
ENSG00000125388,247
ENSG00000125398,1664
ENSG00000125409,65
ENSG00000125414,1
ENSG00000125430,71
ENSG00000125434,2405
ENSG00000125445,3916
ENSG00000125447,2082
ENSG00000125449,1084
ENSG00000125450,2228
ENSG00000125454,588
ENSG00000125457,1552
ENSG00000125458,1173
ENSG00000125459,604
ENSG00000125462,86
ENSG00000125482,1181
ENSG00000125484,2091
ENSG00000125485,1351
ENSG00000125492,0
ENSG00000125498,0
ENSG00000125503,3002
ENSG00000125505,4817
ENSG00000125508,653
ENSG00000125510,922
ENSG00000125514,0
ENSG00000125520,6114
ENSG00000125522,0
ENSG00000125531,280
ENSG00000125533,0
ENSG00000125534,19041
ENSG00000125538,162
ENSG00000125551,4
ENSG00000125571,0
ENSG00000125611,1307
ENSG00000125618,64
ENSG00000125629,1166
ENSG00000125630,1462
ENSG00000125631,1
ENSG00000125633,1494
ENSG00000125637,6423
ENSG00000125648,1279
ENSG00000125650,139
ENSG00000125651,2484
ENSG00000125652,925
ENSG00000125656,1323
ENSG00000125657,15
ENSG00000125675,460
ENSG00000125676,4068
ENSG00000125686,2037
ENSG00000125691,37058
ENSG00000125695,0
ENSG00000125703,243
ENSG00000125726,6
ENSG00000125730,6261
ENSG00000125731,249
ENSG00000125733,674
ENSG00000125734,1197
ENSG00000125735,11
ENSG00000125740,176
ENSG00000125741,1174
ENSG00000125743,6238
ENSG00000125744,2867
ENSG00000125746,7308
ENSG00000125753,9070
ENSG00000125755,5186
ENSG00000125772,875
ENSG00000125775,219
ENSG00000125779,1294
ENSG00000125780,1616
ENSG00000125787,2
ENSG00000125788,0
ENSG00000125798,2
ENSG00000125804,7
ENSG00000125810,4623
ENSG00000125812,1630
ENSG00000125813,2
ENSG00000125814,1604
ENSG00000125815,0
ENSG00000125816,0
ENSG00000125817,5059
ENSG00000125818,8787
ENSG00000125820,0
ENSG00000125821,955
ENSG00000125823,16
ENSG00000125826,4416
ENSG00000125827,3275
ENSG00000125831,0
ENSG00000125834,3157
ENSG00000125835,7299
ENSG00000125841,5642
ENSG00000125843,822
ENSG00000125844,22492
ENSG00000125845,22
ENSG00000125846,658
ENSG00000125848,139
ENSG00000125850,589
ENSG00000125851,2
ENSG00000125861,0
ENSG00000125863,2054
ENSG00000125864,22
ENSG00000125868,17462
ENSG00000125869,153
ENSG00000125870,2152
ENSG00000125871,663
ENSG00000125872,2
ENSG00000125875,2303
ENSG00000125877,2336
ENSG00000125878,44
ENSG00000125879,3
ENSG00000125885,293
ENSG00000125888,0
ENSG00000125895,94
ENSG00000125898,896
ENSG00000125899,0
ENSG00000125900,0
ENSG00000125901,3087
ENSG00000125903,0
ENSG00000125910,48
ENSG00000125912,4716
ENSG00000125931,22
ENSG00000125944,6578
ENSG00000125945,1150
ENSG00000125952,2157
ENSG00000125954,1
ENSG00000125962,696
ENSG00000125965,32
ENSG00000125966,46
ENSG00000125967,12171
ENSG00000125968,1620
ENSG00000125970,10703
ENSG00000125971,12394
ENSG00000125975,1
ENSG00000125977,4508
ENSG00000125991,9111
ENSG00000125995,3544
ENSG00000125997,4
ENSG00000125998,0
ENSG00000125999,1032
ENSG00000126001,3091
ENSG00000126003,1057
ENSG00000126005,1012
ENSG00000126010,70
ENSG00000126012,13297
ENSG00000126016,435
ENSG00000126062,4548
ENSG00000126067,4985
ENSG00000126070,722
ENSG00000126088,2158
ENSG00000126091,439
ENSG00000126106,288
ENSG00000126107,2526
ENSG00000126214,1929
ENSG00000126215,631
ENSG00000126216,1117
ENSG00000126217,5606
ENSG00000126218,16
ENSG00000126226,2059
ENSG00000126231,36
ENSG00000126233,0
ENSG00000126243,1097
ENSG00000126246,64
ENSG00000126247,18047
ENSG00000126249,243
ENSG00000126251,0
ENSG00000126254,4022
ENSG00000126259,1074
ENSG00000126261,3522
ENSG00000126262,335
ENSG00000126264,149
ENSG00000126266,4
ENSG00000126267,6643
ENSG00000126337,1
ENSG00000126351,5196
ENSG00000126353,73
ENSG00000126368,1129
ENSG00000126391,2333
ENSG00000126432,5657
ENSG00000126453,139
ENSG00000126456,1833
ENSG00000126457,4243
ENSG00000126458,1927
ENSG00000126460,1239
ENSG00000126461,6035
ENSG00000126464,4128
ENSG00000126467,2
ENSG00000126500,2
ENSG00000126522,1346
ENSG00000126524,4496
ENSG00000126545,3
ENSG00000126549,0
ENSG00000126550,0
ENSG00000126561,2127
ENSG00000126562,416
ENSG00000126581,5600
ENSG00000126583,2
ENSG00000126602,3777
ENSG00000126603,1705
ENSG00000126653,2750
ENSG00000126698,3386
ENSG00000126705,2470
ENSG00000126709,28190
ENSG00000126733,2
ENSG00000126746,1356
ENSG00000126749,869
ENSG00000126752,0
ENSG00000126756,2477
ENSG00000126759,58
ENSG00000126767,3826
ENSG00000126768,4952
ENSG00000126773,1388
ENSG00000126775,991
ENSG00000126777,10007
ENSG00000126778,57
ENSG00000126785,568
ENSG00000126787,106
ENSG00000126790,398
ENSG00000126803,2746
ENSG00000126804,774
ENSG00000126814,764
ENSG00000126821,615
ENSG00000126822,2563
ENSG00000126838,2
ENSG00000126856,2
ENSG00000126858,1948
ENSG00000126860,235
ENSG00000126861,7
ENSG00000126870,2288
ENSG00000126878,115
ENSG00000126882,466
ENSG00000126883,4755
ENSG00000126890,0
ENSG00000126895,18
ENSG00000126903,1044
ENSG00000126934,4040
ENSG00000126945,5551
ENSG00000126947,1120
ENSG00000126950,3
ENSG00000126952,2
ENSG00000126953,243
ENSG00000126970,1723
ENSG00000127022,22876
ENSG00000127054,5511
ENSG00000127074,0
ENSG00000127080,488
ENSG00000127081,337
ENSG00000127083,27
ENSG00000127084,735
ENSG00000127124,4077
ENSG00000127125,1838
ENSG00000127129,8
ENSG00000127152,26
ENSG00000127184,11021
ENSG00000127191,2649
ENSG00000127220,1206
ENSG00000127241,0
ENSG00000127249,6
ENSG00000127252,48
ENSG00000127311,295
ENSG00000127314,1569
ENSG00000127318,0
ENSG00000127324,0
ENSG00000127325,0
ENSG00000127328,693
ENSG00000127329,1526
ENSG00000127334,833
ENSG00000127337,761
ENSG00000127362,1
ENSG00000127364,14
ENSG00000127366,29
ENSG00000127377,3
ENSG00000127399,2117
ENSG00000127412,0
ENSG00000127415,1923
ENSG00000127418,85
ENSG00000127419,2233
ENSG00000127423,66
ENSG00000127445,2660
ENSG00000127452,795
ENSG00000127463,2280
ENSG00000127472,88
ENSG00000127481,6686
ENSG00000127483,4426
ENSG00000127507,173
ENSG00000127511,2149
ENSG00000127515,0
ENSG00000127526,4051
ENSG00000127527,2580
ENSG00000127528,953
ENSG00000127529,0
ENSG00000127530,0
ENSG00000127533,162
ENSG00000127540,1450
ENSG00000127554,1049
ENSG00000127561,7
ENSG00000127564,231
ENSG00000127578,29
ENSG00000127580,937
ENSG00000127585,803
ENSG00000127586,638
ENSG00000127588,16
ENSG00000127589,17
ENSG00000127603,18863
ENSG00000127616,6645
ENSG00000127663,3970
ENSG00000127666,1252
ENSG00000127720,280
ENSG00000127743,15
ENSG00000127774,212
ENSG00000127780,0
ENSG00000127804,3642
ENSG00000127824,3234
ENSG00000127831,14
ENSG00000127837,9337
ENSG00000127838,1756
ENSG00000127863,194
ENSG00000127870,2358
ENSG00000127884,4983
ENSG00000127903,124
ENSG00000127914,4645
ENSG00000127920,1328
ENSG00000127922,3762
ENSG00000127928,0
ENSG00000127946,5833
ENSG00000127947,6273
ENSG00000127948,4238
ENSG00000127951,282
ENSG00000127952,1971
ENSG00000127954,35813
ENSG00000127955,381
ENSG00000127957,102
ENSG00000127980,1360
ENSG00000127989,546
ENSG00000127990,214
ENSG00000127993,788
ENSG00000127995,1884
ENSG00000128000,733
ENSG00000128011,433
ENSG00000128016,1841
ENSG00000128039,1044
ENSG00000128040,4
ENSG00000128045,64
ENSG00000128050,6046
ENSG00000128052,3581
ENSG00000128059,775
ENSG00000128159,4579
ENSG00000128165,480
ENSG00000128185,1597
ENSG00000128191,1769
ENSG00000128203,146
ENSG00000128218,3
ENSG00000128228,1149
ENSG00000128242,68
ENSG00000128245,4926
ENSG00000128250,0
ENSG00000128253,44
ENSG00000128254,1
ENSG00000128262,7
ENSG00000128266,500
ENSG00000128268,153
ENSG00000128271,9
ENSG00000128272,7351
ENSG00000128274,358
ENSG00000128276,1
ENSG00000128283,2824
ENSG00000128284,3060
ENSG00000128285,1
ENSG00000128294,1020
ENSG00000128298,62
ENSG00000128309,1338
ENSG00000128310,0
ENSG00000128311,984
ENSG00000128313,24
ENSG00000128322,0
ENSG00000128335,1966
ENSG00000128340,1910
ENSG00000128342,26
ENSG00000128346,45
ENSG00000128383,2
ENSG00000128394,236
ENSG00000128408,36
ENSG00000128422,214
ENSG00000128438,0
ENSG00000128463,5580
ENSG00000128482,28
ENSG00000128487,1585
ENSG00000128510,74
ENSG00000128512,502
ENSG00000128513,1317
ENSG00000128519,0
ENSG00000128524,7860
ENSG00000128534,1411
ENSG00000128536,2082
ENSG00000128563,1622
ENSG00000128564,18
ENSG00000128567,7205
ENSG00000128573,69
ENSG00000128578,65
ENSG00000128581,2159
ENSG00000128585,1590
ENSG00000128590,1744
ENSG00000128591,125
ENSG00000128594,273
ENSG00000128595,8470
ENSG00000128596,651
ENSG00000128602,641
ENSG00000128604,1512
ENSG00000128606,171
ENSG00000128607,3822
ENSG00000128609,1526
ENSG00000128610,0
ENSG00000128617,63
ENSG00000128626,1433
ENSG00000128641,2640
ENSG00000128645,25
ENSG00000128652,98
ENSG00000128654,2520
ENSG00000128655,158
ENSG00000128656,684
ENSG00000128683,2
ENSG00000128692,4
ENSG00000128694,508
ENSG00000128699,1449
ENSG00000128708,2113
ENSG00000128709,120
ENSG00000128710,5
ENSG00000128713,1
ENSG00000128714,4
ENSG00000128731,6332
ENSG00000128739,5141
ENSG00000128789,2132
ENSG00000128791,1164
ENSG00000128805,258
ENSG00000128815,265
ENSG00000128829,7437
ENSG00000128833,5781
ENSG00000128849,8074
ENSG00000128872,2621
ENSG00000128881,966
ENSG00000128886,125
ENSG00000128891,1588
ENSG00000128908,3012
ENSG00000128915,4227
ENSG00000128917,1994
ENSG00000128918,6
ENSG00000128923,1488
ENSG00000128928,17406
ENSG00000128944,1094
ENSG00000128951,3609
ENSG00000128965,26
ENSG00000128973,3085
ENSG00000128989,11876
ENSG00000129003,3340
ENSG00000129007,100
ENSG00000129009,1660
ENSG00000129028,321
ENSG00000129038,1277
ENSG00000129048,3
ENSG00000129055,3851
ENSG00000129071,2094
ENSG00000129083,11812
ENSG00000129084,3377
ENSG00000129103,7170
ENSG00000129116,2399
ENSG00000129128,3464
ENSG00000129151,2
ENSG00000129152,0
ENSG00000129158,1548
ENSG00000129159,1516
ENSG00000129167,13
ENSG00000129170,1
ENSG00000129173,43
ENSG00000129187,4850
ENSG00000129194,15
ENSG00000129195,109
ENSG00000129197,2149
ENSG00000129204,26
ENSG00000129214,29
ENSG00000129219,1485
ENSG00000129221,2
ENSG00000129226,39
ENSG00000129235,2222
ENSG00000129244,343
ENSG00000129245,3814
ENSG00000129250,12049
ENSG00000129255,4005
ENSG00000129292,2416
ENSG00000129295,745
ENSG00000129315,2255
ENSG00000129317,762
ENSG00000129347,1296
ENSG00000129351,12868
ENSG00000129353,10041
ENSG00000129354,9079
ENSG00000129355,290
ENSG00000129422,768
ENSG00000129437,27
ENSG00000129450,223
ENSG00000129451,0
ENSG00000129455,0
ENSG00000129460,1518
ENSG00000129465,900
ENSG00000129467,453
ENSG00000129472,863
ENSG00000129473,3204
ENSG00000129474,189
ENSG00000129480,867
ENSG00000129484,714
ENSG00000129493,789
ENSG00000129514,39712
ENSG00000129515,2223
ENSG00000129518,2952
ENSG00000129521,398
ENSG00000129534,773
ENSG00000129535,93
ENSG00000129538,8402
ENSG00000129559,3204
ENSG00000129562,4915
ENSG00000129566,2034
ENSG00000129595,607
ENSG00000129596,10
ENSG00000129625,10387
ENSG00000129636,3528
ENSG00000129646,227
ENSG00000129654,111
ENSG00000129657,3292
ENSG00000129667,2241
ENSG00000129673,15
ENSG00000129675,1782
ENSG00000129680,205
ENSG00000129682,446
ENSG00000129691,4494
ENSG00000129696,1043
ENSG00000129744,0
ENSG00000129749,38
ENSG00000129757,335
ENSG00000129810,54
ENSG00000129816,0
ENSG00000129824,0
ENSG00000129845,0
ENSG00000129862,0
ENSG00000129864,0
ENSG00000129873,0
ENSG00000129910,8
ENSG00000129911,1574
ENSG00000129925,2914
ENSG00000129932,1079
ENSG00000129933,3720
ENSG00000129946,1089
ENSG00000129951,7
ENSG00000129965,0
ENSG00000129968,2569
ENSG00000129988,2
ENSG00000129990,185
ENSG00000129991,811
ENSG00000129993,1785
ENSG00000130005,2418
ENSG00000130021,601
ENSG00000130023,1484
ENSG00000130024,3035
ENSG00000130032,9
ENSG00000130035,15
ENSG00000130037,42
ENSG00000130038,3080
ENSG00000130045,58
ENSG00000130052,426
ENSG00000130054,736
ENSG00000130055,8
ENSG00000130066,7775
ENSG00000130119,627
ENSG00000130147,6342
ENSG00000130150,661
ENSG00000130158,2414
ENSG00000130159,2012
ENSG00000130164,4628
ENSG00000130165,2523
ENSG00000130167,3
ENSG00000130173,23
ENSG00000130175,11558
ENSG00000130176,357
ENSG00000130177,5154
ENSG00000130182,0
ENSG00000130193,2385
ENSG00000130201,760
ENSG00000130202,14227
ENSG00000130203,20824
ENSG00000130204,2891
ENSG00000130208,3257
ENSG00000130222,2021
ENSG00000130224,15
ENSG00000130226,2
ENSG00000130227,4457
ENSG00000130234,15
ENSG00000130244,1408
ENSG00000130254,2764
ENSG00000130255,17699
ENSG00000130270,165
ENSG00000130283,0
ENSG00000130287,0
ENSG00000130294,9
ENSG00000130299,1236
ENSG00000130300,11234
ENSG00000130303,3560
ENSG00000130304,3581
ENSG00000130305,2356
ENSG00000130307,228
ENSG00000130309,6248
ENSG00000130311,1866
ENSG00000130312,2488
ENSG00000130313,3736
ENSG00000130332,2016
ENSG00000130338,9481
ENSG00000130340,4566
ENSG00000130347,305
ENSG00000130348,1326
ENSG00000130349,603
ENSG00000130363,2202
ENSG00000130368,0
ENSG00000130377,2
ENSG00000130382,2024
ENSG00000130383,1
ENSG00000130385,0
ENSG00000130396,74836
ENSG00000130402,20617
ENSG00000130413,22
ENSG00000130414,7414
ENSG00000130427,2
ENSG00000130429,9015
ENSG00000130433,110
ENSG00000130449,3534
ENSG00000130475,80
ENSG00000130477,60
ENSG00000130479,2598
ENSG00000130487,40
ENSG00000130489,1100
ENSG00000130508,6050
ENSG00000130511,2482
ENSG00000130513,895
ENSG00000130517,2222
ENSG00000130518,974
ENSG00000130520,6388
ENSG00000130522,8828
ENSG00000130528,139
ENSG00000130529,2827
ENSG00000130538,0
ENSG00000130540,0
ENSG00000130544,287
ENSG00000130545,317
ENSG00000130558,627
ENSG00000130559,1434
ENSG00000130560,1687
ENSG00000130561,5
ENSG00000130584,497
ENSG00000130589,6071
ENSG00000130590,606
ENSG00000130592,1911
ENSG00000130595,3
ENSG00000130598,37
ENSG00000130600,414
ENSG00000130612,4
ENSG00000130635,7213
ENSG00000130638,4610
ENSG00000130640,3491
ENSG00000130643,0
ENSG00000130649,183
ENSG00000130653,7980
ENSG00000130656,1
ENSG00000130669,4692
ENSG00000130675,10
ENSG00000130684,119
ENSG00000130695,846
ENSG00000130699,1235
ENSG00000130700,0
ENSG00000130701,270
ENSG00000130702,17789
ENSG00000130703,4992
ENSG00000130706,6394
ENSG00000130707,4079
ENSG00000130711,3
ENSG00000130713,1371
ENSG00000130714,2389
ENSG00000130717,2507
ENSG00000130720,29
ENSG00000130723,11918
ENSG00000130724,8047
ENSG00000130725,4695
ENSG00000130726,16225
ENSG00000130731,3899
ENSG00000130733,2575
ENSG00000130734,1161
ENSG00000130741,10727
ENSG00000130748,334
ENSG00000130749,2300
ENSG00000130751,94
ENSG00000130755,864
ENSG00000130758,1275
ENSG00000130762,2710
ENSG00000130764,4658
ENSG00000130766,1770
ENSG00000130768,228
ENSG00000130770,4673
ENSG00000130772,1113
ENSG00000130775,751
ENSG00000130779,5465
ENSG00000130783,16
ENSG00000130787,1962
ENSG00000130803,1625
ENSG00000130810,341
ENSG00000130811,5296
ENSG00000130812,16
ENSG00000130813,1021
ENSG00000130816,2466
ENSG00000130818,1159
ENSG00000130821,4964
ENSG00000130822,83
ENSG00000130826,4177
ENSG00000130827,6019
ENSG00000130829,1
ENSG00000130830,2544
ENSG00000130844,870
ENSG00000130856,790
ENSG00000130876,2
ENSG00000130881,3068
ENSG00000130921,1534
ENSG00000130935,2585
ENSG00000130939,1885
ENSG00000130940,5053
ENSG00000130943,3
ENSG00000130948,85
ENSG00000130950,6
ENSG00000130956,368
ENSG00000130957,3
ENSG00000130958,989
ENSG00000130962,260
ENSG00000130985,31308
ENSG00000130988,164
ENSG00000130997,150
ENSG00000131002,0
ENSG00000131007,0
ENSG00000131013,1131
ENSG00000131015,24
ENSG00000131016,492
ENSG00000131018,2078
ENSG00000131019,31
ENSG00000131023,1633
ENSG00000131037,3291
ENSG00000131042,269
ENSG00000131043,5099
ENSG00000131044,67
ENSG00000131050,0
ENSG00000131051,10145
ENSG00000131055,327
ENSG00000131059,0
ENSG00000131061,439
ENSG00000131067,2557
ENSG00000131068,0
ENSG00000131069,2273
ENSG00000131080,604
ENSG00000131089,1134
ENSG00000131094,5
ENSG00000131095,8
ENSG00000131096,13
ENSG00000131097,298
ENSG00000131100,6267
ENSG00000131115,670
ENSG00000131116,1958
ENSG00000131126,5
ENSG00000131127,413
ENSG00000131142,1
ENSG00000131143,14505
ENSG00000131148,1542
ENSG00000131149,21238
ENSG00000131152,14
ENSG00000131153,2514
ENSG00000131165,8109
ENSG00000131171,5263
ENSG00000131174,4483
ENSG00000131183,0
ENSG00000131187,257
ENSG00000131188,429
ENSG00000131196,2236
ENSG00000131203,12
ENSG00000131233,1
ENSG00000131236,13820
ENSG00000131238,14893
ENSG00000131242,2988
ENSG00000131263,3304
ENSG00000131264,0
ENSG00000131269,1279
ENSG00000131323,1790
ENSG00000131351,264
ENSG00000131355,1
ENSG00000131368,1309
ENSG00000131370,215
ENSG00000131373,690
ENSG00000131374,4692
ENSG00000131375,2065
ENSG00000131378,1329
ENSG00000131379,2
ENSG00000131381,1864
ENSG00000131386,85
ENSG00000131389,1124
ENSG00000131398,108
ENSG00000131400,42
ENSG00000131401,678
ENSG00000131408,3661
ENSG00000131409,57
ENSG00000131435,913
ENSG00000131437,1016
ENSG00000131446,5738
ENSG00000131459,201
ENSG00000131462,3212
ENSG00000131467,6322
ENSG00000131469,22760
ENSG00000131470,183
ENSG00000131471,956
ENSG00000131473,41622
ENSG00000131475,3254
ENSG00000131477,2492
ENSG00000131480,28
ENSG00000131482,1
ENSG00000131484,0
ENSG00000131495,3866
ENSG00000131503,922
ENSG00000131504,5844
ENSG00000131507,8747
ENSG00000131508,3917
ENSG00000131538,0
ENSG00000131548,0
ENSG00000131558,4307
ENSG00000131584,2850
ENSG00000131591,374
ENSG00000131620,1046
ENSG00000131626,6243
ENSG00000131634,1605
ENSG00000131650,14
ENSG00000131652,1982
ENSG00000131653,6581
ENSG00000131668,1
ENSG00000131669,6625
ENSG00000131686,2
ENSG00000131697,810
ENSG00000131711,2627
ENSG00000131721,0
ENSG00000131724,5945
ENSG00000131725,754
ENSG00000131730,41
ENSG00000131732,605
ENSG00000131737,0
ENSG00000131738,0
ENSG00000131746,1205
ENSG00000131747,958
ENSG00000131748,2407
ENSG00000131759,9970
ENSG00000131771,7
ENSG00000131773,137
ENSG00000131778,2313
ENSG00000131779,2342
ENSG00000131781,676
ENSG00000131788,1666
ENSG00000131791,409
ENSG00000131797,756
ENSG00000131808,0
ENSG00000131828,3794
ENSG00000131831,1652
ENSG00000131844,4286
ENSG00000131845,668
ENSG00000131848,130
ENSG00000131849,181
ENSG00000131864,0
ENSG00000131871,4165
ENSG00000131873,1624
ENSG00000131876,1911
ENSG00000131885,16
ENSG00000131899,2112
ENSG00000131910,0
ENSG00000131914,1
ENSG00000131931,549
ENSG00000131941,384
ENSG00000131943,1404
ENSG00000131944,171
ENSG00000131951,2
ENSG00000131966,1582
ENSG00000131969,25
ENSG00000131979,383
ENSG00000131981,721
ENSG00000131982,0
ENSG00000132000,81
ENSG00000132002,10228
ENSG00000132003,619
ENSG00000132004,783
ENSG00000132005,1709
ENSG00000132010,22
ENSG00000132016,108
ENSG00000132017,881
ENSG00000132024,3020
ENSG00000132026,6
ENSG00000132031,1112
ENSG00000132109,1513
ENSG00000132122,475
ENSG00000132128,9356
ENSG00000132141,296
ENSG00000132153,7681
ENSG00000132155,5720
ENSG00000132164,27
ENSG00000132170,314
ENSG00000132182,11000
ENSG00000132185,5
ENSG00000132196,985
ENSG00000132199,1002
ENSG00000132204,1
ENSG00000132205,319
ENSG00000132207,0
ENSG00000132254,17275
ENSG00000132256,1011
ENSG00000132259,8
ENSG00000132274,1720
ENSG00000132275,1659
ENSG00000132286,2821
ENSG00000132294,2983
ENSG00000132297,1
ENSG00000132300,1798
ENSG00000132305,4226
ENSG00000132313,1230
ENSG00000132321,28
ENSG00000132323,1265
ENSG00000132326,1576
ENSG00000132329,731
ENSG00000132330,91
ENSG00000132334,932
ENSG00000132341,11620
ENSG00000132356,1673
ENSG00000132357,247
ENSG00000132359,1877
ENSG00000132361,4762
ENSG00000132376,4067
ENSG00000132382,5798
ENSG00000132383,4514
ENSG00000132386,2901
ENSG00000132388,2550
ENSG00000132394,1531
ENSG00000132405,1374
ENSG00000132406,824
ENSG00000132423,477
ENSG00000132424,3596
ENSG00000132429,59
ENSG00000132432,2750
ENSG00000132434,1018
ENSG00000132436,239
ENSG00000132437,1
ENSG00000132446,1
ENSG00000132463,5759
ENSG00000132464,5
ENSG00000132465,59
ENSG00000132466,3546
ENSG00000132467,1640
ENSG00000132470,337
ENSG00000132471,13787
ENSG00000132475,24361
ENSG00000132478,1792
ENSG00000132481,2291
ENSG00000132485,4650
ENSG00000132507,24499
ENSG00000132510,3164
ENSG00000132514,20
ENSG00000132517,2
ENSG00000132518,63
ENSG00000132522,226
ENSG00000132530,600
ENSG00000132535,2775
ENSG00000132541,551
ENSG00000132549,1946
ENSG00000132554,1247
ENSG00000132561,79
ENSG00000132563,334
ENSG00000132570,377
ENSG00000132581,2596
ENSG00000132589,8269
ENSG00000132591,3783
ENSG00000132600,3269
ENSG00000132603,1228
ENSG00000132604,2367
ENSG00000132612,5035
ENSG00000132613,1019
ENSG00000132622,372
ENSG00000132623,992
ENSG00000132631,0
ENSG00000132635,2375
ENSG00000132639,285
ENSG00000132640,3256
ENSG00000132646,2318
ENSG00000132661,674
ENSG00000132664,467
ENSG00000132669,1824
ENSG00000132670,3174
ENSG00000132671,0
ENSG00000132676,5825
ENSG00000132677,139
ENSG00000132680,2454
ENSG00000132681,4
ENSG00000132688,2560
ENSG00000132692,59
ENSG00000132693,0
ENSG00000132694,5290
ENSG00000132698,5282
ENSG00000132702,19
ENSG00000132703,0
ENSG00000132704,1
ENSG00000132716,2436
ENSG00000132718,553
ENSG00000132740,1990
ENSG00000132744,16
ENSG00000132746,401
ENSG00000132749,1578
ENSG00000132763,484
ENSG00000132768,1640
ENSG00000132773,461
ENSG00000132780,3312
ENSG00000132781,500
ENSG00000132792,2391
ENSG00000132793,1493
ENSG00000132801,609
ENSG00000132819,1388
ENSG00000132821,13
ENSG00000132823,2485
ENSG00000132824,14843
ENSG00000132825,1582
ENSG00000132832,19
ENSG00000132837,10
ENSG00000132840,8
ENSG00000132842,3410
ENSG00000132846,740
ENSG00000132849,1856
ENSG00000132854,156
ENSG00000132855,2
ENSG00000132872,0
ENSG00000132874,30
ENSG00000132879,2282
ENSG00000132881,394
ENSG00000132906,783
ENSG00000132911,0
ENSG00000132912,6009
ENSG00000132915,2
ENSG00000132932,33
ENSG00000132938,46
ENSG00000132950,737
ENSG00000132952,1373
ENSG00000132953,1152
ENSG00000132958,7
ENSG00000132963,4453
ENSG00000132964,371
ENSG00000132965,1450
ENSG00000132967,1337
ENSG00000132970,368
ENSG00000132972,1
ENSG00000132975,0
ENSG00000133019,101
ENSG00000133020,0
ENSG00000133026,7079
ENSG00000133027,1064
ENSG00000133028,1587
ENSG00000133030,8452
ENSG00000133048,50
ENSG00000133055,12
ENSG00000133056,1445
ENSG00000133059,1731
ENSG00000133063,419
ENSG00000133065,1373
ENSG00000133067,3
ENSG00000133069,686
ENSG00000133083,5805
ENSG00000133101,2
ENSG00000133103,891
ENSG00000133104,3649
ENSG00000133105,1
ENSG00000133106,433
ENSG00000133107,52
ENSG00000133110,9008
ENSG00000133111,339
ENSG00000133112,134979
ENSG00000133114,1228
ENSG00000133115,0
ENSG00000133116,48
ENSG00000133119,474
ENSG00000133121,3605
ENSG00000133124,0
ENSG00000133131,1415
ENSG00000133134,1408
ENSG00000133135,716
ENSG00000133136,2
ENSG00000133138,402
ENSG00000133142,11368
ENSG00000133169,4
ENSG00000133193,967
ENSG00000133195,1546
ENSG00000133216,297
ENSG00000133226,3244
ENSG00000133243,10346
ENSG00000133246,153
ENSG00000133247,880
ENSG00000133250,1120
ENSG00000133256,377
ENSG00000133265,2029
ENSG00000133275,4693
ENSG00000133302,340
ENSG00000133313,10219
ENSG00000133315,1108
ENSG00000133316,780
ENSG00000133317,45
ENSG00000133318,5407
ENSG00000133321,5366
ENSG00000133328,48
ENSG00000133392,1573
ENSG00000133393,1679
ENSG00000133398,2178
ENSG00000133401,172
ENSG00000133422,1789
ENSG00000133424,378
ENSG00000133433,644
ENSG00000133454,67
ENSG00000133460,486
ENSG00000133466,1124
ENSG00000133475,2
ENSG00000133477,1230
ENSG00000133488,0
ENSG00000133519,144
ENSG00000133561,1057
ENSG00000133574,1536
ENSG00000133597,4173
ENSG00000133606,9310
ENSG00000133612,7626
ENSG00000133619,1077
ENSG00000133624,600
ENSG00000133627,408
ENSG00000133636,0
ENSG00000133639,2292
ENSG00000133640,29
ENSG00000133641,513
ENSG00000133657,3688
ENSG00000133661,250
ENSG00000133665,125
ENSG00000133678,1648
ENSG00000133687,107
ENSG00000133703,1395
ENSG00000133704,2337
ENSG00000133706,6332
ENSG00000133710,5
ENSG00000133731,942
ENSG00000133739,596
ENSG00000133740,392
ENSG00000133742,165
ENSG00000133773,798
ENSG00000133789,1492
ENSG00000133794,1484
ENSG00000133800,93
ENSG00000133805,1532
ENSG00000133808,183
ENSG00000133812,1108
ENSG00000133816,2606
ENSG00000133818,591
ENSG00000133835,3921
ENSG00000133858,1586
ENSG00000133863,1
ENSG00000133872,19907
ENSG00000133874,292
ENSG00000133878,1740
ENSG00000133884,3611
ENSG00000133895,2831
ENSG00000133935,1222
ENSG00000133937,2816
ENSG00000133943,1841
ENSG00000133958,44
ENSG00000133961,1769
ENSG00000133962,19
ENSG00000133980,0
ENSG00000133983,786
ENSG00000133985,602
ENSG00000133997,480
ENSG00000134001,2363
ENSG00000134007,1
ENSG00000134013,2516
ENSG00000134014,2161
ENSG00000134020,75
ENSG00000134028,42
ENSG00000134030,1149
ENSG00000134042,124
ENSG00000134046,2631
ENSG00000134049,2495
ENSG00000134056,754
ENSG00000134057,687
ENSG00000134058,1050
ENSG00000134061,283
ENSG00000134070,249
ENSG00000134072,454
ENSG00000134077,2574
ENSG00000134086,2110
ENSG00000134107,6531
ENSG00000134108,4092
ENSG00000134109,3494
ENSG00000134115,3
ENSG00000134121,3
ENSG00000134138,60
ENSG00000134146,487
ENSG00000134152,1228
ENSG00000134153,4488
ENSG00000134160,4
ENSG00000134183,0
ENSG00000134184,4537
ENSG00000134186,1758
ENSG00000134193,1
ENSG00000134198,244
ENSG00000134200,0
ENSG00000134201,91
ENSG00000134202,4056
ENSG00000134207,31
ENSG00000134215,300
ENSG00000134216,0
ENSG00000134222,603
ENSG00000134240,0
ENSG00000134242,61
ENSG00000134243,7654
ENSG00000134245,70
ENSG00000134247,3621
ENSG00000134248,2847
ENSG00000134249,0
ENSG00000134250,1087
ENSG00000134253,383
ENSG00000134255,910
ENSG00000134256,113
ENSG00000134258,11
ENSG00000134259,54
ENSG00000134262,802
ENSG00000134265,1153
ENSG00000134278,1075
ENSG00000134283,1797
ENSG00000134285,1298
ENSG00000134287,23512
ENSG00000134291,6212
ENSG00000134294,6093
ENSG00000134297,84
ENSG00000134308,7634
ENSG00000134313,2753
ENSG00000134317,13
ENSG00000134318,1682
ENSG00000134321,867
ENSG00000134323,39
ENSG00000134324,2577
ENSG00000134326,696
ENSG00000134330,2156
ENSG00000134333,22774
ENSG00000134339,9
ENSG00000134343,1
ENSG00000134352,7807
ENSG00000134363,22
ENSG00000134365,0
ENSG00000134369,15170
ENSG00000134371,1327
ENSG00000134375,1938
ENSG00000134376,22
ENSG00000134389,5
ENSG00000134398,1
ENSG00000134419,15702
ENSG00000134438,0
ENSG00000134440,5309
ENSG00000134443,9
ENSG00000134444,1178
ENSG00000134452,2629
ENSG00000134453,2502
ENSG00000134460,43
ENSG00000134461,354
ENSG00000134463,1284
ENSG00000134470,404
ENSG00000134480,1341
ENSG00000134489,1
ENSG00000134490,968
ENSG00000134504,1205
ENSG00000134508,1320
ENSG00000134516,499
ENSG00000134531,2513
ENSG00000134532,29
ENSG00000134533,3602
ENSG00000134538,0
ENSG00000134539,30
ENSG00000134545,9
ENSG00000134548,38
ENSG00000134551,1
ENSG00000134569,138
ENSG00000134571,5
ENSG00000134574,2586
ENSG00000134575,3460
ENSG00000134588,0
ENSG00000134590,4976
ENSG00000134594,14
ENSG00000134595,0
ENSG00000134597,937
ENSG00000134602,621
ENSG00000134612,12
ENSG00000134627,45
ENSG00000134640,0
ENSG00000134644,3556
ENSG00000134668,65
ENSG00000134684,3957
ENSG00000134686,5959
ENSG00000134690,198
ENSG00000134697,2770
ENSG00000134698,1168
ENSG00000134709,973
ENSG00000134716,253
ENSG00000134717,2629
ENSG00000134744,1449
ENSG00000134748,2565
ENSG00000134755,279
ENSG00000134757,0
ENSG00000134758,448
ENSG00000134759,3164
ENSG00000134760,0
ENSG00000134762,1
ENSG00000134765,1
ENSG00000134769,1894
ENSG00000134775,51
ENSG00000134779,2206
ENSG00000134780,399
ENSG00000134802,926
ENSG00000134809,735
ENSG00000134812,0
ENSG00000134815,1407
ENSG00000134817,2592
ENSG00000134824,8267
ENSG00000134825,2206
ENSG00000134827,4
ENSG00000134830,1227
ENSG00000134851,1999
ENSG00000134852,1710
ENSG00000134853,154
ENSG00000134864,556
ENSG00000134871,34527
ENSG00000134873,1
ENSG00000134874,170
ENSG00000134882,3259
ENSG00000134884,3379
ENSG00000134897,1097
ENSG00000134899,1581
ENSG00000134900,2448
ENSG00000134901,252
ENSG00000134905,3416
ENSG00000134909,1341
ENSG00000134910,4603
ENSG00000134917,17
ENSG00000134940,43
ENSG00000134954,3118
ENSG00000134955,451
ENSG00000134962,9
ENSG00000134970,3005
ENSG00000134982,1368
ENSG00000134986,2065
ENSG00000134987,981
ENSG00000134996,1889
ENSG00000135002,1411
ENSG00000135018,10044
ENSG00000135040,1089
ENSG00000135045,217
ENSG00000135046,1494
ENSG00000135047,6476
ENSG00000135048,4671
ENSG00000135049,590
ENSG00000135052,4868
ENSG00000135063,16
ENSG00000135069,42
ENSG00000135070,1498
ENSG00000135074,487
ENSG00000135077,902
ENSG00000135083,53
ENSG00000135090,2067
ENSG00000135093,1549
ENSG00000135094,172
ENSG00000135097,37
ENSG00000135100,19
ENSG00000135108,3112
ENSG00000135111,19515
ENSG00000135114,689
ENSG00000135116,2
ENSG00000135119,506
ENSG00000135124,3697
ENSG00000135127,1632
ENSG00000135144,252
ENSG00000135148,2978
ENSG00000135164,2295
ENSG00000135175,0
ENSG00000135185,795
ENSG00000135205,200
ENSG00000135211,976
ENSG00000135218,138
ENSG00000135220,0
ENSG00000135222,35
ENSG00000135226,0
ENSG00000135241,1668
ENSG00000135245,337
ENSG00000135248,0
ENSG00000135249,1051
ENSG00000135250,4088
ENSG00000135253,174
ENSG00000135269,2050
ENSG00000135272,310
ENSG00000135297,947
ENSG00000135298,0
ENSG00000135299,348
ENSG00000135312,7
ENSG00000135314,470
ENSG00000135315,476
ENSG00000135316,6884
ENSG00000135317,3829
ENSG00000135318,367
ENSG00000135324,22
ENSG00000135333,3
ENSG00000135334,1994
ENSG00000135336,1903
ENSG00000135338,272
ENSG00000135341,1646
ENSG00000135346,10647
ENSG00000135355,0
ENSG00000135362,425
ENSG00000135363,864
ENSG00000135365,3091
ENSG00000135372,4579
ENSG00000135373,7
ENSG00000135374,0
ENSG00000135378,1044
ENSG00000135387,16420
ENSG00000135390,23157
ENSG00000135392,1666
ENSG00000135404,26554
ENSG00000135406,355
ENSG00000135407,218
ENSG00000135409,0
ENSG00000135413,0
ENSG00000135414,1472
ENSG00000135423,65
ENSG00000135424,693
ENSG00000135426,23
ENSG00000135436,23
ENSG00000135437,11
ENSG00000135439,201
ENSG00000135441,1595
ENSG00000135443,0
ENSG00000135446,4375
ENSG00000135447,3
ENSG00000135451,168
ENSG00000135452,3221
ENSG00000135454,114
ENSG00000135457,2178
ENSG00000135469,783
ENSG00000135472,520
ENSG00000135473,2982
ENSG00000135476,242
ENSG00000135477,0
ENSG00000135480,96
ENSG00000135482,735
ENSG00000135486,20173
ENSG00000135502,36
ENSG00000135503,3056
ENSG00000135506,15314
ENSG00000135517,9
ENSG00000135519,23
ENSG00000135521,1388
ENSG00000135525,20088
ENSG00000135535,22830
ENSG00000135537,264
ENSG00000135540,144
ENSG00000135541,1028
ENSG00000135547,256
ENSG00000135549,2076
ENSG00000135569,0
ENSG00000135577,3
ENSG00000135587,1048
ENSG00000135596,1842
ENSG00000135597,2593
ENSG00000135604,63
ENSG00000135605,79
ENSG00000135617,1028
ENSG00000135622,1138
ENSG00000135624,15007
ENSG00000135625,0
ENSG00000135631,2996
ENSG00000135632,1862
ENSG00000135636,1698
ENSG00000135637,431
ENSG00000135638,5
ENSG00000135643,163
ENSG00000135655,1736
ENSG00000135677,8459
ENSG00000135678,9657
ENSG00000135679,4102
ENSG00000135686,1445
ENSG00000135697,43
ENSG00000135698,508
ENSG00000135702,6
ENSG00000135709,1004
ENSG00000135720,3720
ENSG00000135722,567
ENSG00000135723,2226
ENSG00000135736,528
ENSG00000135740,95
ENSG00000135744,150
ENSG00000135747,10
ENSG00000135749,483
ENSG00000135750,5
ENSG00000135763,798
ENSG00000135766,2908
ENSG00000135773,361
ENSG00000135775,2869
ENSG00000135776,653
ENSG00000135778,1856
ENSG00000135801,1360
ENSG00000135821,36947
ENSG00000135823,1685
ENSG00000135824,5
ENSG00000135828,1101
ENSG00000135829,9709
ENSG00000135835,117
ENSG00000135837,2115
ENSG00000135838,883
ENSG00000135842,26133
ENSG00000135845,1727
ENSG00000135862,8789
ENSG00000135870,1740
ENSG00000135898,3
ENSG00000135899,467
ENSG00000135900,1061
ENSG00000135902,0
ENSG00000135903,6
ENSG00000135905,1991
ENSG00000135912,832
ENSG00000135913,340
ENSG00000135914,7
ENSG00000135916,1056
ENSG00000135917,0
ENSG00000135919,472
ENSG00000135924,8258
ENSG00000135925,2
ENSG00000135926,3447
ENSG00000135929,4230
ENSG00000135930,2360
ENSG00000135931,1195
ENSG00000135932,3206
ENSG00000135940,5210
ENSG00000135945,1397
ENSG00000135951,196
ENSG00000135953,361
ENSG00000135956,8284
ENSG00000135960,1
ENSG00000135966,1804
ENSG00000135968,1999
ENSG00000135972,1270
ENSG00000135973,10
ENSG00000135974,715
ENSG00000135976,60
ENSG00000135999,1119
ENSG00000136002,5
ENSG00000136003,3134
ENSG00000136010,146
ENSG00000136011,29
ENSG00000136014,1
ENSG00000136021,1850
ENSG00000136026,6911
ENSG00000136040,552
ENSG00000136044,1740
ENSG00000136045,3070
ENSG00000136048,1379
ENSG00000136051,918
ENSG00000136052,553
ENSG00000136059,625
ENSG00000136068,52216
ENSG00000136098,378
ENSG00000136099,2
ENSG00000136100,2538
ENSG00000136104,2347
ENSG00000136108,1406
ENSG00000136110,1
ENSG00000136111,1323
ENSG00000136114,328
ENSG00000136122,175
ENSG00000136141,1091
ENSG00000136143,1995
ENSG00000136144,1180
ENSG00000136146,1809
ENSG00000136147,2257
ENSG00000136149,257
ENSG00000136152,1922
ENSG00000136153,602
ENSG00000136155,0
ENSG00000136156,20156
ENSG00000136158,558
ENSG00000136159,707
ENSG00000136160,593
ENSG00000136161,520
ENSG00000136167,2492
ENSG00000136169,745
ENSG00000136193,4642
ENSG00000136197,33
ENSG00000136205,11856
ENSG00000136206,4
ENSG00000136213,1242
ENSG00000136231,1
ENSG00000136235,2199
ENSG00000136237,1609
ENSG00000136238,13565
ENSG00000136240,13415
ENSG00000136243,1207
ENSG00000136244,10
ENSG00000136247,2620
ENSG00000136250,258
ENSG00000136261,2544
ENSG00000136267,11
ENSG00000136270,4185
ENSG00000136271,6014
ENSG00000136273,738
ENSG00000136274,19
ENSG00000136275,0
ENSG00000136279,11044
ENSG00000136280,2844
ENSG00000136286,4831
ENSG00000136295,3621
ENSG00000136297,0
ENSG00000136305,18
ENSG00000136315,0
ENSG00000136319,873
ENSG00000136327,44
ENSG00000136352,0
ENSG00000136367,391
ENSG00000136371,560
ENSG00000136378,311
ENSG00000136379,8861
ENSG00000136381,2427
ENSG00000136383,713
ENSG00000136404,100
ENSG00000136425,51
ENSG00000136436,5961
ENSG00000136444,2467
ENSG00000136448,5591
ENSG00000136449,386
ENSG00000136450,7269
ENSG00000136451,2920
ENSG00000136457,1194
ENSG00000136463,1515
ENSG00000136478,2976
ENSG00000136485,6727
ENSG00000136487,0
ENSG00000136488,0
ENSG00000136490,509
ENSG00000136492,73
ENSG00000136504,3522
ENSG00000136514,760
ENSG00000136518,2121
ENSG00000136521,2848
ENSG00000136522,1516
ENSG00000136527,6342
ENSG00000136531,3
ENSG00000136535,0
ENSG00000136536,2158
ENSG00000136541,12
ENSG00000136542,542
ENSG00000136546,14
ENSG00000136560,1012
ENSG00000136573,2
ENSG00000136574,4
ENSG00000136603,1065
ENSG00000136628,7571
ENSG00000136630,520
ENSG00000136631,1561
ENSG00000136634,17
ENSG00000136636,5623
ENSG00000136643,1140
ENSG00000136682,617
ENSG00000136688,2
ENSG00000136689,85
ENSG00000136694,0
ENSG00000136695,0
ENSG00000136696,0
ENSG00000136697,0
ENSG00000136698,0
ENSG00000136699,2559
ENSG00000136709,3534
ENSG00000136710,2502
ENSG00000136715,1033
ENSG00000136717,1930
ENSG00000136718,2923
ENSG00000136720,8447
ENSG00000136731,3408
ENSG00000136732,885
ENSG00000136738,746
ENSG00000136750,0
ENSG00000136754,2128
ENSG00000136758,6937
ENSG00000136770,4719
ENSG00000136783,2044
ENSG00000136802,4551
ENSG00000136807,4018
ENSG00000136810,7872
ENSG00000136811,4749
ENSG00000136813,8278
ENSG00000136816,1292
ENSG00000136819,4818
ENSG00000136824,1437
ENSG00000136826,201
ENSG00000136827,3396
ENSG00000136828,1132
ENSG00000136830,15542
ENSG00000136834,0
ENSG00000136839,0
ENSG00000136840,5534
ENSG00000136842,16
ENSG00000136848,8492
ENSG00000136854,2975
ENSG00000136856,1030
ENSG00000136859,1229
ENSG00000136861,1894
ENSG00000136866,21
ENSG00000136867,35
ENSG00000136868,1731
ENSG00000136869,322
ENSG00000136870,1683
ENSG00000136872,7
ENSG00000136874,1520
ENSG00000136875,2452
ENSG00000136877,3706
ENSG00000136878,3110
ENSG00000136881,0
ENSG00000136883,19973
ENSG00000136888,21822
ENSG00000136891,1106
ENSG00000136895,304
ENSG00000136897,1882
ENSG00000136908,5647
ENSG00000136918,0
ENSG00000136925,584
ENSG00000136928,1
ENSG00000136929,11
ENSG00000136930,6673
ENSG00000136931,0
ENSG00000136932,1302
ENSG00000136933,2272
ENSG00000136935,2740
ENSG00000136936,1265
ENSG00000136937,2956
ENSG00000136938,5423
ENSG00000136939,0
ENSG00000136940,995
ENSG00000136942,24550
ENSG00000136943,26
ENSG00000136944,14673
ENSG00000136950,2668
ENSG00000136960,1195
ENSG00000136982,139
ENSG00000136986,4343
ENSG00000136997,3937
ENSG00000136999,29
ENSG00000137033,85
ENSG00000137038,2521
ENSG00000137040,1929
ENSG00000137054,1135
ENSG00000137055,2167
ENSG00000137070,352
ENSG00000137073,2601
ENSG00000137074,2630
ENSG00000137075,1634
ENSG00000137076,20817
ENSG00000137077,5
ENSG00000137078,19
ENSG00000137080,0
ENSG00000137090,1
ENSG00000137094,385
ENSG00000137098,196
ENSG00000137100,5866
ENSG00000137101,142
ENSG00000137103,1607
ENSG00000137106,7200
ENSG00000137124,2594
ENSG00000137133,2548
ENSG00000137135,97
ENSG00000137142,32
ENSG00000137145,2170
ENSG00000137154,76413
ENSG00000137161,7730
ENSG00000137166,11472
ENSG00000137168,1892
ENSG00000137171,1521
ENSG00000137177,3039
ENSG00000137185,871
ENSG00000137193,933
ENSG00000137198,278
ENSG00000137200,4007
ENSG00000137203,10579
ENSG00000137204,0
ENSG00000137207,10606
ENSG00000137210,2358
ENSG00000137216,4910
ENSG00000137218,409
ENSG00000137221,2197
ENSG00000137225,71
ENSG00000137251,0
ENSG00000137252,0
ENSG00000137261,46
ENSG00000137265,23
ENSG00000137266,1724
ENSG00000137267,2600
ENSG00000137269,2052
ENSG00000137270,25
ENSG00000137273,17
ENSG00000137274,1367
ENSG00000137275,2767
ENSG00000137285,86
ENSG00000137288,1682
ENSG00000137309,4680
ENSG00000137310,964
ENSG00000137312,21219
ENSG00000137331,6050
ENSG00000137337,2069
ENSG00000137338,1824
ENSG00000137343,657
ENSG00000137364,1166
ENSG00000137392,4
ENSG00000137393,844
ENSG00000137404,437
ENSG00000137409,19044
ENSG00000137411,4728
ENSG00000137413,1379
ENSG00000137414,2639
ENSG00000137434,162
ENSG00000137440,0
ENSG00000137441,11
ENSG00000137449,2075
ENSG00000137460,715
ENSG00000137462,523
ENSG00000137463,8
ENSG00000137473,11
ENSG00000137474,3904
ENSG00000137478,1199
ENSG00000137486,3716
ENSG00000137491,1983
ENSG00000137492,1579
ENSG00000137494,418
ENSG00000137496,379
ENSG00000137497,25380
ENSG00000137500,1166
ENSG00000137501,3874
ENSG00000137502,473
ENSG00000137504,1605
ENSG00000137507,1400
ENSG00000137509,2614
ENSG00000137513,327
ENSG00000137522,529
ENSG00000137547,1561
ENSG00000137558,11122
ENSG00000137561,3
ENSG00000137563,214
ENSG00000137571,5
ENSG00000137573,2897
ENSG00000137574,1112
ENSG00000137575,5478
ENSG00000137601,370
ENSG00000137628,2016
ENSG00000137634,0
ENSG00000137642,3047
ENSG00000137648,10
ENSG00000137656,655
ENSG00000137672,85
ENSG00000137673,25
ENSG00000137674,0
ENSG00000137675,0
ENSG00000137691,290
ENSG00000137692,607
ENSG00000137693,764
ENSG00000137699,24
ENSG00000137700,780
ENSG00000137707,0
ENSG00000137709,108
ENSG00000137710,2322
ENSG00000137713,1429
ENSG00000137714,568
ENSG00000137720,774
ENSG00000137726,452
ENSG00000137727,56
ENSG00000137731,1
ENSG00000137745,17
ENSG00000137747,25
ENSG00000137752,445
ENSG00000137757,12
ENSG00000137760,247
ENSG00000137764,1424
ENSG00000137766,2
ENSG00000137767,2755
ENSG00000137770,1666
ENSG00000137776,5218
ENSG00000137801,38219
ENSG00000137802,2689
ENSG00000137804,649
ENSG00000137806,1770
ENSG00000137807,510
ENSG00000137808,0
ENSG00000137809,732
ENSG00000137812,134
ENSG00000137814,1107
ENSG00000137815,6928
ENSG00000137817,4277
ENSG00000137818,143197
ENSG00000137819,117
ENSG00000137821,532
ENSG00000137822,1289
ENSG00000137824,4660
ENSG00000137825,242
ENSG00000137831,2880
ENSG00000137834,539
ENSG00000137841,841
ENSG00000137842,2427
ENSG00000137843,1
ENSG00000137845,4494
ENSG00000137857,150
ENSG00000137860,7
ENSG00000137868,165
ENSG00000137869,12
ENSG00000137871,3645
ENSG00000137872,137
ENSG00000137875,1
ENSG00000137876,5034
ENSG00000137877,1457
ENSG00000137878,6
ENSG00000137880,98
ENSG00000137936,561
ENSG00000137941,147
ENSG00000137942,2187
ENSG00000137944,926
ENSG00000137947,1370
ENSG00000137948,81
ENSG00000137955,2629
ENSG00000137959,906
ENSG00000137960,21
ENSG00000137962,1059
ENSG00000137965,1214
ENSG00000137968,59
ENSG00000137970,281
ENSG00000137975,1
ENSG00000137976,5
ENSG00000137992,1205
ENSG00000137996,1777
ENSG00000138002,1652
ENSG00000138018,2414
ENSG00000138028,796
ENSG00000138029,5304
ENSG00000138030,436
ENSG00000138031,2154
ENSG00000138032,1483
ENSG00000138035,1312
ENSG00000138036,1370
ENSG00000138039,0
ENSG00000138050,419
ENSG00000138061,264
ENSG00000138068,0
ENSG00000138069,8028
ENSG00000138071,6447
ENSG00000138073,3339
ENSG00000138074,1423
ENSG00000138075,2
ENSG00000138078,2865
ENSG00000138079,9
ENSG00000138080,1434
ENSG00000138081,1082
ENSG00000138083,0
ENSG00000138085,5994
ENSG00000138092,335
ENSG00000138095,7494
ENSG00000138100,0
ENSG00000138101,607
ENSG00000138107,5226
ENSG00000138109,0
ENSG00000138111,118
ENSG00000138115,4
ENSG00000138119,7172
ENSG00000138131,72
ENSG00000138134,148
ENSG00000138135,16
ENSG00000138136,1
ENSG00000138138,691
ENSG00000138152,25
ENSG00000138160,250
ENSG00000138161,18
ENSG00000138162,3103
ENSG00000138166,3852
ENSG00000138172,965
ENSG00000138175,1757
ENSG00000138180,170
ENSG00000138182,112
ENSG00000138185,1919
ENSG00000138190,545
ENSG00000138193,235
ENSG00000138207,5
ENSG00000138231,1390
ENSG00000138246,1999
ENSG00000138271,2
ENSG00000138279,5346
ENSG00000138286,728
ENSG00000138303,843
ENSG00000138308,2
ENSG00000138311,81
ENSG00000138315,13
ENSG00000138316,136
ENSG00000138326,26658
ENSG00000138336,56
ENSG00000138346,98
ENSG00000138347,1
ENSG00000138356,20
ENSG00000138363,5449
ENSG00000138375,1641
ENSG00000138376,218
ENSG00000138378,60
ENSG00000138379,5
ENSG00000138380,221
ENSG00000138381,1894
ENSG00000138382,2121
ENSG00000138385,4217
ENSG00000138386,753
ENSG00000138395,8
ENSG00000138398,2397
ENSG00000138399,841
ENSG00000138400,192
ENSG00000138411,944
ENSG00000138413,2185
ENSG00000138430,4398
ENSG00000138433,1984
ENSG00000138434,4251
ENSG00000138435,18
ENSG00000138439,513
ENSG00000138442,924
ENSG00000138443,2324
ENSG00000138448,2651
ENSG00000138449,1292
ENSG00000138459,1491
ENSG00000138463,847
ENSG00000138468,582
ENSG00000138472,0
ENSG00000138483,2
ENSG00000138495,5057
ENSG00000138496,5480
ENSG00000138587,116
ENSG00000138592,4122
ENSG00000138593,2667
ENSG00000138594,3535
ENSG00000138600,3583
ENSG00000138604,3040
ENSG00000138606,156
ENSG00000138613,3799
ENSG00000138614,4189
ENSG00000138615,752
ENSG00000138617,1603
ENSG00000138621,826
ENSG00000138622,0
ENSG00000138623,270
ENSG00000138629,4637
ENSG00000138639,218
ENSG00000138640,455
ENSG00000138641,1439
ENSG00000138642,2458
ENSG00000138646,2359
ENSG00000138650,3
ENSG00000138653,0
ENSG00000138658,128
ENSG00000138660,484
ENSG00000138663,2451
ENSG00000138668,6206
ENSG00000138669,4
ENSG00000138670,140
ENSG00000138674,9181
ENSG00000138675,1
ENSG00000138678,120
ENSG00000138684,0
ENSG00000138685,99
ENSG00000138686,418
ENSG00000138688,2810
ENSG00000138696,40550
ENSG00000138698,2269
ENSG00000138709,865
ENSG00000138722,100
ENSG00000138735,259
ENSG00000138738,258
ENSG00000138741,9
ENSG00000138744,765
ENSG00000138750,1169
ENSG00000138755,201
ENSG00000138756,249
ENSG00000138757,4318
ENSG00000138758,2156
ENSG00000138759,122
ENSG00000138760,8466
ENSG00000138764,1551
ENSG00000138767,1250
ENSG00000138768,3425
ENSG00000138769,6
ENSG00000138771,8202
ENSG00000138772,22
ENSG00000138777,2279
ENSG00000138778,147
ENSG00000138780,295
ENSG00000138785,1155
ENSG00000138792,504
ENSG00000138794,707
ENSG00000138795,455
ENSG00000138796,3895
ENSG00000138798,20
ENSG00000138801,2415
ENSG00000138802,2123
ENSG00000138813,0
ENSG00000138814,1539
ENSG00000138821,1049
ENSG00000138823,4
ENSG00000138829,88
ENSG00000138834,2849
ENSG00000138835,3646
ENSG00000138867,3784
ENSG00000138892,0
ENSG00000138942,1847
ENSG00000138944,1
ENSG00000138964,695
ENSG00000139044,96
ENSG00000139053,1
ENSG00000139055,14
ENSG00000139083,2207
ENSG00000139112,1572
ENSG00000139116,1425
ENSG00000139117,110
ENSG00000139131,887
ENSG00000139132,305
ENSG00000139133,89
ENSG00000139144,249
ENSG00000139146,1160
ENSG00000139151,1
ENSG00000139154,700
ENSG00000139155,12
ENSG00000139160,370
ENSG00000139163,2244
ENSG00000139168,3571
ENSG00000139173,234
ENSG00000139174,104
ENSG00000139178,2069
ENSG00000139180,1992
ENSG00000139182,4274
ENSG00000139187,27
ENSG00000139190,230
ENSG00000139192,1295
ENSG00000139193,29
ENSG00000139194,1069
ENSG00000139197,3808
ENSG00000139200,5
ENSG00000139209,0
ENSG00000139211,98
ENSG00000139218,3176
ENSG00000139219,2711
ENSG00000139220,25
ENSG00000139223,0
ENSG00000139233,1092
ENSG00000139239,121
ENSG00000139263,92
ENSG00000139266,1258
ENSG00000139269,3
ENSG00000139278,369
ENSG00000139287,0
ENSG00000139289,1787
ENSG00000139291,1150
ENSG00000139292,1
ENSG00000139304,1688
ENSG00000139318,1481
ENSG00000139323,456
ENSG00000139324,735
ENSG00000139329,3149
ENSG00000139330,0
ENSG00000139343,1930
ENSG00000139344,63
ENSG00000139350,1014
ENSG00000139351,6
ENSG00000139352,170
ENSG00000139354,98
ENSG00000139364,8
ENSG00000139370,1173
ENSG00000139372,802
ENSG00000139405,2249
ENSG00000139410,2363
ENSG00000139428,2186
ENSG00000139433,2624
ENSG00000139436,1098
ENSG00000139437,841
ENSG00000139438,594
ENSG00000139445,21
ENSG00000139496,3051
ENSG00000139505,1802
ENSG00000139508,1702
ENSG00000139514,2089
ENSG00000139515,0
ENSG00000139517,1261
ENSG00000139531,2786
ENSG00000139537,53
ENSG00000139540,11
ENSG00000139546,1294
ENSG00000139547,73
ENSG00000139549,29
ENSG00000139567,1429
ENSG00000139572,106
ENSG00000139574,0
ENSG00000139579,2726
ENSG00000139597,1266
ENSG00000139610,0
ENSG00000139613,6272
ENSG00000139618,193
ENSG00000139620,1995
ENSG00000139624,1821
ENSG00000139625,2489
ENSG00000139626,410
ENSG00000139629,25148
ENSG00000139631,2277
ENSG00000139636,1114
ENSG00000139637,3688
ENSG00000139641,4551
ENSG00000139644,54141
ENSG00000139645,4510
ENSG00000139648,1
ENSG00000139651,3940
ENSG00000139656,0
ENSG00000139668,638
ENSG00000139675,199
ENSG00000139679,1509
ENSG00000139684,6848
ENSG00000139687,1758
ENSG00000139697,2941
ENSG00000139714,249
ENSG00000139718,3883
ENSG00000139719,1221
ENSG00000139722,1566
ENSG00000139725,21
ENSG00000139726,3113
ENSG00000139734,158
ENSG00000139737,610
ENSG00000139746,2386
ENSG00000139767,1
ENSG00000139780,0
ENSG00000139793,1661
ENSG00000139797,0
ENSG00000139800,0
ENSG00000139826,479
ENSG00000139832,985
ENSG00000139835,308
ENSG00000139842,6065
ENSG00000139865,2183
ENSG00000139874,46
ENSG00000139880,184
ENSG00000139890,132
ENSG00000139899,431
ENSG00000139908,42
ENSG00000139910,193
ENSG00000139914,25
ENSG00000139915,3
ENSG00000139921,947
ENSG00000139926,734
ENSG00000139946,142
ENSG00000139970,1091
ENSG00000139971,67
ENSG00000139973,0
ENSG00000139974,274
ENSG00000139977,2193
ENSG00000139985,0
ENSG00000139988,11
ENSG00000139990,2088
ENSG00000139998,197
ENSG00000140006,477
ENSG00000140009,7
ENSG00000140015,1
ENSG00000140022,784
ENSG00000140025,413
ENSG00000140030,181
ENSG00000140043,524
ENSG00000140044,728
ENSG00000140057,77
ENSG00000140067,0
ENSG00000140090,20
ENSG00000140092,642
ENSG00000140093,36
ENSG00000140104,1753
ENSG00000140105,4685
ENSG00000140107,4
ENSG00000140153,1139
ENSG00000140157,2271
ENSG00000140199,556
ENSG00000140254,56
ENSG00000140259,3649
ENSG00000140262,4321
ENSG00000140263,7998
ENSG00000140264,38148
ENSG00000140265,2063
ENSG00000140274,0
ENSG00000140279,10
ENSG00000140280,1620
ENSG00000140284,11303
ENSG00000140285,50
ENSG00000140287,14
ENSG00000140297,6
ENSG00000140299,3670
ENSG00000140307,2707
ENSG00000140319,24863
ENSG00000140320,4877
ENSG00000140323,1725
ENSG00000140326,1569
ENSG00000140332,8831
ENSG00000140350,9581
ENSG00000140365,4678
ENSG00000140367,2521
ENSG00000140368,127
ENSG00000140374,2749
ENSG00000140379,40
ENSG00000140382,1982
ENSG00000140386,1353
ENSG00000140391,28294
ENSG00000140395,3806
ENSG00000140396,1767
ENSG00000140398,3199
ENSG00000140400,3971
ENSG00000140403,11110
ENSG00000140406,3025
ENSG00000140416,8846
ENSG00000140443,77066
ENSG00000140450,1752
ENSG00000140451,45
ENSG00000140455,1885
ENSG00000140459,484
ENSG00000140463,2656
ENSG00000140464,6723
ENSG00000140465,1
ENSG00000140470,12
ENSG00000140471,699
ENSG00000140474,4343
ENSG00000140478,0
ENSG00000140479,1689
ENSG00000140481,3
ENSG00000140488,1
ENSG00000140497,16120
ENSG00000140505,0
ENSG00000140506,3
ENSG00000140511,246
ENSG00000140519,3
ENSG00000140521,3318
ENSG00000140522,3
ENSG00000140525,1615
ENSG00000140526,223920
ENSG00000140527,231
ENSG00000140534,108
ENSG00000140538,26
ENSG00000140543,883
ENSG00000140545,3136
ENSG00000140548,1270
ENSG00000140553,10726
ENSG00000140557,1
ENSG00000140563,179
ENSG00000140564,19446
ENSG00000140575,14657
ENSG00000140577,5494
ENSG00000140598,1630
ENSG00000140600,0
ENSG00000140612,6467
ENSG00000140623,14
ENSG00000140632,6807
ENSG00000140650,979
ENSG00000140675,2
ENSG00000140678,1044
ENSG00000140682,1563
ENSG00000140688,3406
ENSG00000140691,1237
ENSG00000140694,3913
ENSG00000140718,4104
ENSG00000140740,2211
ENSG00000140743,2049
ENSG00000140749,475
ENSG00000140750,2988
ENSG00000140795,29
ENSG00000140798,547
ENSG00000140807,94
ENSG00000140829,3160
ENSG00000140830,475
ENSG00000140832,1440
ENSG00000140835,3
ENSG00000140836,2024
ENSG00000140839,3
ENSG00000140848,1263
ENSG00000140853,1481
ENSG00000140854,2066
ENSG00000140859,628
ENSG00000140873,2
ENSG00000140876,245
ENSG00000140905,224
ENSG00000140931,1338
ENSG00000140932,10
ENSG00000140937,1080
ENSG00000140939,3360
ENSG00000140941,5754
ENSG00000140943,10296
ENSG00000140945,1319
ENSG00000140948,3176
ENSG00000140950,1085
ENSG00000140955,11
ENSG00000140961,284
ENSG00000140968,554
ENSG00000140983,4776
ENSG00000140986,6
ENSG00000140987,90
ENSG00000140988,35387
ENSG00000140990,5840
ENSG00000140992,1873
ENSG00000140993,139
ENSG00000140995,2374
ENSG00000141002,10347
ENSG00000141012,1181
ENSG00000141013,2945
ENSG00000141026,1954
ENSG00000141027,9594
ENSG00000141028,4
ENSG00000141030,3555
ENSG00000141034,974
ENSG00000141040,526
ENSG00000141052,27
ENSG00000141068,430
ENSG00000141076,2434
ENSG00000141084,2411
ENSG00000141086,1
ENSG00000141096,1
ENSG00000141098,2240
ENSG00000141101,3012
ENSG00000141127,1605
ENSG00000141161,2
ENSG00000141179,1770
ENSG00000141194,0
ENSG00000141198,3985
ENSG00000141200,1
ENSG00000141219,1306
ENSG00000141232,9168
ENSG00000141252,3459
ENSG00000141255,0
ENSG00000141258,3819
ENSG00000141279,7182
ENSG00000141293,3185
ENSG00000141294,774
ENSG00000141295,1806
ENSG00000141298,1053
ENSG00000141314,8
ENSG00000141316,0
ENSG00000141337,1050
ENSG00000141338,20
ENSG00000141349,7248
ENSG00000141367,24181
ENSG00000141371,1
ENSG00000141376,936
ENSG00000141378,1037
ENSG00000141380,3648
ENSG00000141384,225
ENSG00000141385,2954
ENSG00000141391,512
ENSG00000141401,283
ENSG00000141404,122
ENSG00000141424,4858
ENSG00000141425,2182
ENSG00000141428,516
ENSG00000141429,2656
ENSG00000141431,2
ENSG00000141433,1
ENSG00000141434,0
ENSG00000141437,4
ENSG00000141441,26
ENSG00000141446,825
ENSG00000141447,1051
ENSG00000141448,54
ENSG00000141449,1208
ENSG00000141452,1189
ENSG00000141456,7631
ENSG00000141458,1459
ENSG00000141469,70
ENSG00000141480,2672
ENSG00000141485,5
ENSG00000141497,123
ENSG00000141499,818
ENSG00000141503,5375
ENSG00000141504,4540
ENSG00000141505,46
ENSG00000141506,410
ENSG00000141510,6768
ENSG00000141519,1117
ENSG00000141522,18334
ENSG00000141524,2569
ENSG00000141526,2110
ENSG00000141527,42
ENSG00000141540,321
ENSG00000141542,1098
ENSG00000141543,3510
ENSG00000141551,11442
ENSG00000141552,4210
ENSG00000141556,4437
ENSG00000141560,3902
ENSG00000141562,1593
ENSG00000141564,2350
ENSG00000141568,3833
ENSG00000141569,1761
ENSG00000141570,1215
ENSG00000141574,946
ENSG00000141576,1046
ENSG00000141577,1241
ENSG00000141579,11
ENSG00000141580,5239
ENSG00000141582,7866
ENSG00000141622,379
ENSG00000141627,2135
ENSG00000141639,2
ENSG00000141642,338
ENSG00000141644,3511
ENSG00000141646,2871
ENSG00000141655,380
ENSG00000141664,919
ENSG00000141665,260
ENSG00000141668,1
ENSG00000141682,29
ENSG00000141696,4703
ENSG00000141698,2620
ENSG00000141699,9028
ENSG00000141736,26795
ENSG00000141738,1282
ENSG00000141741,6225
ENSG00000141744,14
ENSG00000141748,0
ENSG00000141750,3
ENSG00000141753,25914
ENSG00000141756,20334
ENSG00000141759,3562
ENSG00000141837,59
ENSG00000141854,420
ENSG00000141858,1713
ENSG00000141867,4702
ENSG00000141873,1578
ENSG00000141905,19585
ENSG00000141933,144
ENSG00000141934,39
ENSG00000141946,0
ENSG00000141956,398
ENSG00000141959,6806
ENSG00000141965,69
ENSG00000141968,865
ENSG00000141971,1494
ENSG00000141977,6
ENSG00000141979,0
ENSG00000141985,3919
ENSG00000141994,980
ENSG00000142002,3586
ENSG00000142025,0
ENSG00000142039,2602
ENSG00000142046,192
ENSG00000142065,601
ENSG00000142082,2399
ENSG00000142089,22781
ENSG00000142102,2886
ENSG00000142149,37
ENSG00000142156,9763
ENSG00000142163,0
ENSG00000142166,3318
ENSG00000142168,11939
ENSG00000142173,14688
ENSG00000142178,0
ENSG00000142182,0
ENSG00000142185,554
ENSG00000142186,5686
ENSG00000142188,1990
ENSG00000142192,33566
ENSG00000142197,2122
ENSG00000142207,1953
ENSG00000142208,10469
ENSG00000142224,0
ENSG00000142227,640
ENSG00000142230,3452
ENSG00000142233,65
ENSG00000142235,2873
ENSG00000142252,591
ENSG00000142273,1785
ENSG00000142279,236
ENSG00000142303,933
ENSG00000142319,4
ENSG00000142327,6898
ENSG00000142330,941
ENSG00000142347,994
ENSG00000142396,675
ENSG00000142405,194
ENSG00000142408,19
ENSG00000142409,1268
ENSG00000142444,768
ENSG00000142449,9
ENSG00000142453,1713
ENSG00000142459,664
ENSG00000142484,0
ENSG00000142494,29
ENSG00000142507,5455
ENSG00000142511,0
ENSG00000142512,245
ENSG00000142513,2
ENSG00000142515,0
ENSG00000142528,613
ENSG00000142530,213
ENSG00000142534,40852
ENSG00000142538,0
ENSG00000142539,0
ENSG00000142541,72240
ENSG00000142544,283
ENSG00000142546,1898
ENSG00000142549,1
ENSG00000142552,1074
ENSG00000142556,583
ENSG00000142583,429
ENSG00000142599,7356
ENSG00000142606,281
ENSG00000142609,61
ENSG00000142611,66
ENSG00000142615,1
ENSG00000142619,0
ENSG00000142621,65
ENSG00000142623,0
ENSG00000142627,502
ENSG00000142632,407
ENSG00000142634,3617
ENSG00000142655,1171
ENSG00000142657,5414
ENSG00000142661,95
ENSG00000142669,5702
ENSG00000142675,2076
ENSG00000142676,31934
ENSG00000142677,18
ENSG00000142684,237
ENSG00000142686,1542
ENSG00000142687,10830
ENSG00000142694,5146
ENSG00000142698,0
ENSG00000142700,0
ENSG00000142731,143
ENSG00000142733,940
ENSG00000142748,414
ENSG00000142751,1716
ENSG00000142765,3815
ENSG00000142784,4554
ENSG00000142789,0
ENSG00000142794,479
ENSG00000142798,8097
ENSG00000142856,291
ENSG00000142864,8245
ENSG00000142867,708
ENSG00000142871,1513
ENSG00000142875,1364
ENSG00000142892,1190
ENSG00000142910,1682
ENSG00000142920,218
ENSG00000142937,51152
ENSG00000142945,172
ENSG00000142949,24489
ENSG00000142959,153
ENSG00000142961,1226
ENSG00000142973,44
ENSG00000143001,171
ENSG00000143006,0
ENSG00000143013,2855
ENSG00000143028,28
ENSG00000143032,0
ENSG00000143033,591
ENSG00000143036,406
ENSG00000143061,1247
ENSG00000143067,197
ENSG00000143079,827
ENSG00000143093,1326
ENSG00000143105,0
ENSG00000143106,5143
ENSG00000143107,0
ENSG00000143110,769
ENSG00000143119,1336
ENSG00000143125,1
ENSG00000143126,13268
ENSG00000143127,125
ENSG00000143147,222
ENSG00000143149,7606
ENSG00000143153,10420
ENSG00000143155,1925
ENSG00000143156,580
ENSG00000143157,4647
ENSG00000143158,3493
ENSG00000143162,7555
ENSG00000143164,3528
ENSG00000143167,5
ENSG00000143171,18
ENSG00000143178,187
ENSG00000143179,2017
ENSG00000143183,6246
ENSG00000143184,4
ENSG00000143185,9
ENSG00000143190,1215
ENSG00000143194,120
ENSG00000143195,305
ENSG00000143196,460
ENSG00000143198,3411
ENSG00000143199,4
ENSG00000143207,2139
ENSG00000143217,605
ENSG00000143222,7457
ENSG00000143224,1474
ENSG00000143226,1942
ENSG00000143228,153
ENSG00000143248,9848
ENSG00000143252,4374
ENSG00000143256,1985
ENSG00000143257,31
ENSG00000143258,1657
ENSG00000143278,0
ENSG00000143294,5641
ENSG00000143297,1
ENSG00000143303,3405
ENSG00000143314,6539
ENSG00000143315,1380
ENSG00000143318,3
ENSG00000143319,2552
ENSG00000143320,3100
ENSG00000143321,14770
ENSG00000143322,2055
ENSG00000143324,1224
ENSG00000143333,856
ENSG00000143337,2621
ENSG00000143340,20
ENSG00000143341,192
ENSG00000143344,477
ENSG00000143353,653
ENSG00000143355,0
ENSG00000143363,1970
ENSG00000143365,3400
ENSG00000143367,909
ENSG00000143368,5400
ENSG00000143369,3157
ENSG00000143373,4305
ENSG00000143374,3741
ENSG00000143375,4171
ENSG00000143376,1610
ENSG00000143379,2557
ENSG00000143382,119
ENSG00000143384,11685
ENSG00000143387,1010
ENSG00000143390,3865
ENSG00000143393,6181
ENSG00000143398,4801
ENSG00000143401,808
ENSG00000143409,6895
ENSG00000143412,1884
ENSG00000143416,12792
ENSG00000143418,22322
ENSG00000143420,11961
ENSG00000143429,135
ENSG00000143434,392
ENSG00000143436,2542
ENSG00000143437,3572
ENSG00000143442,4310
ENSG00000143443,2098
ENSG00000143450,202
ENSG00000143452,1
ENSG00000143457,4378
ENSG00000143458,943
ENSG00000143469,0
ENSG00000143473,7
ENSG00000143476,384
ENSG00000143479,838
ENSG00000143486,2917
ENSG00000143493,1442
ENSG00000143494,68
ENSG00000143498,180
ENSG00000143499,1494
ENSG00000143502,1849
ENSG00000143507,771
ENSG00000143512,59
ENSG00000143514,1137
ENSG00000143515,1394
ENSG00000143520,0
ENSG00000143536,0
ENSG00000143537,5323
ENSG00000143543,11784
ENSG00000143545,7728
ENSG00000143546,47
ENSG00000143549,28950
ENSG00000143552,34
ENSG00000143553,2643
ENSG00000143554,1661
ENSG00000143556,1
ENSG00000143569,12437
ENSG00000143570,5743
ENSG00000143575,4756
ENSG00000143578,21317
ENSG00000143590,136
ENSG00000143595,1
ENSG00000143603,265
ENSG00000143612,17548
ENSG00000143614,3042
ENSG00000143621,10191
ENSG00000143622,1087
ENSG00000143624,3769
ENSG00000143627,0
ENSG00000143630,166
ENSG00000143631,9
ENSG00000143632,2
ENSG00000143633,668
ENSG00000143641,6672
ENSG00000143643,731
ENSG00000143653,4016
ENSG00000143669,1265
ENSG00000143674,135
ENSG00000143702,570
ENSG00000143727,2947
ENSG00000143740,2303
ENSG00000143742,4120
ENSG00000143748,1186
ENSG00000143751,1176
ENSG00000143753,3162
ENSG00000143756,1725
ENSG00000143761,41480
ENSG00000143768,2
ENSG00000143771,1094
ENSG00000143772,2024
ENSG00000143774,12737
ENSG00000143776,2839
ENSG00000143786,219
ENSG00000143793,1227
ENSG00000143797,1706
ENSG00000143799,12810
ENSG00000143801,2583
ENSG00000143811,5026
ENSG00000143815,1050
ENSG00000143816,121
ENSG00000143819,1541
ENSG00000143839,3
ENSG00000143842,4164
ENSG00000143845,3345
ENSG00000143847,42
ENSG00000143850,5785
ENSG00000143851,280
ENSG00000143858,6
ENSG00000143862,4142
ENSG00000143867,20
ENSG00000143869,14
ENSG00000143870,7322
ENSG00000143878,6539
ENSG00000143882,49
ENSG00000143889,1167
ENSG00000143891,828
ENSG00000143919,138
ENSG00000143921,0
ENSG00000143924,975
ENSG00000143933,20896
ENSG00000143942,31
ENSG00000143947,16062
ENSG00000143951,109
ENSG00000143952,2277
ENSG00000143954,0
ENSG00000143970,1511
ENSG00000143971,572
ENSG00000143977,1297
ENSG00000143994,236
ENSG00000143995,255
ENSG00000144010,0
ENSG00000144015,0
ENSG00000144021,3942
ENSG00000144026,713
ENSG00000144028,13656
ENSG00000144029,1526
ENSG00000144031,14
ENSG00000144034,491
ENSG00000144035,6
ENSG00000144036,1445
ENSG00000144040,1356
ENSG00000144043,3625
ENSG00000144045,40
ENSG00000144048,636
ENSG00000144057,76
ENSG00000144061,316
ENSG00000144063,25
ENSG00000144115,5781
ENSG00000144118,2282
ENSG00000144119,1
ENSG00000144120,367
ENSG00000144130,1
ENSG00000144134,668
ENSG00000144136,1464
ENSG00000144152,626
ENSG00000144158,6
ENSG00000144161,615
ENSG00000144182,149
ENSG00000144188,0
ENSG00000144191,5
ENSG00000144199,503
ENSG00000144214,23
ENSG00000144218,26055
ENSG00000144224,5468
ENSG00000144227,0
ENSG00000144228,1034
ENSG00000144229,26
ENSG00000144230,10
ENSG00000144231,1813
ENSG00000144233,1433
ENSG00000144278,3
ENSG00000144283,3444
ENSG00000144285,1
ENSG00000144290,86
ENSG00000144306,1368
ENSG00000144320,1527
ENSG00000144331,0
ENSG00000144339,0
ENSG00000144354,28
ENSG00000144355,11
ENSG00000144357,2137
ENSG00000144362,400
ENSG00000144366,27
ENSG00000144369,1088
ENSG00000144381,23342
ENSG00000144395,18
ENSG00000144401,607
ENSG00000144406,0
ENSG00000144407,2
ENSG00000144410,30
ENSG00000144426,226
ENSG00000144445,252
ENSG00000144451,824
ENSG00000144452,1
ENSG00000144455,2170
ENSG00000144460,0
ENSG00000144468,1002
ENSG00000144476,716
ENSG00000144481,0
ENSG00000144485,259
ENSG00000144488,4
ENSG00000144504,1126
ENSG00000144524,1386
ENSG00000144535,1486
ENSG00000144550,20
ENSG00000144554,553
ENSG00000144559,410
ENSG00000144560,3098
ENSG00000144566,2295
ENSG00000144567,8050
ENSG00000144579,9520
ENSG00000144580,3017
ENSG00000144583,67
ENSG00000144589,1700
ENSG00000144591,2286
ENSG00000144596,79
ENSG00000144597,2156
ENSG00000144619,4
ENSG00000144635,4882
ENSG00000144642,256
ENSG00000144644,0
ENSG00000144645,2406
ENSG00000144647,1332
ENSG00000144648,160
ENSG00000144649,2638
ENSG00000144655,2207
ENSG00000144659,3897
ENSG00000144668,494
ENSG00000144671,6
ENSG00000144674,5545
ENSG00000144677,2150
ENSG00000144681,13
ENSG00000144711,8680
ENSG00000144712,2546
ENSG00000144713,41881
ENSG00000144724,1180
ENSG00000144730,409
ENSG00000144736,876
ENSG00000144741,1081
ENSG00000144744,1833
ENSG00000144746,5018
ENSG00000144747,2749
ENSG00000144749,2050
ENSG00000144771,0
ENSG00000144785,0
ENSG00000144791,3836
ENSG00000144792,172
ENSG00000144802,227
ENSG00000144810,651
ENSG00000144815,1812
ENSG00000144820,0
ENSG00000144821,0
ENSG00000144824,7380
ENSG00000144827,3636
ENSG00000144834,25
ENSG00000144837,36
ENSG00000144840,1424
ENSG00000144843,1185
ENSG00000144847,2
ENSG00000144848,1748
ENSG00000144852,74
ENSG00000144857,100
ENSG00000144867,4261
ENSG00000144868,26
ENSG00000144891,12403
ENSG00000144893,40
ENSG00000144895,3685
ENSG00000144908,12
ENSG00000144909,727
ENSG00000144935,279
ENSG00000144959,411
ENSG00000144962,0
ENSG00000145002,15
ENSG00000145012,3484
ENSG00000145014,547
ENSG00000145016,1622
ENSG00000145020,372
ENSG00000145022,5971
ENSG00000145029,2062
ENSG00000145040,1
ENSG00000145041,2308
ENSG00000145050,4027
ENSG00000145063,2
ENSG00000145075,104
ENSG00000145087,0
ENSG00000145088,121
ENSG00000145103,1149
ENSG00000145107,8
ENSG00000145113,103
ENSG00000145147,209
ENSG00000145191,4262
ENSG00000145192,0
ENSG00000145194,325
ENSG00000145198,379
ENSG00000145214,1435
ENSG00000145216,1975
ENSG00000145217,162
ENSG00000145220,451
ENSG00000145241,878
ENSG00000145242,1
ENSG00000145244,66
ENSG00000145246,463
ENSG00000145247,2189
ENSG00000145248,2
ENSG00000145283,24
ENSG00000145284,185
ENSG00000145287,16
ENSG00000145293,2254
ENSG00000145309,0
ENSG00000145321,0
ENSG00000145331,461
ENSG00000145332,520
ENSG00000145335,66
ENSG00000145337,38
ENSG00000145348,976
ENSG00000145349,3090
ENSG00000145354,1213
ENSG00000145358,16
ENSG00000145362,123
ENSG00000145365,317
ENSG00000145375,180
ENSG00000145384,0
ENSG00000145386,163
ENSG00000145388,1064
ENSG00000145390,940
ENSG00000145391,3104
ENSG00000145414,492
ENSG00000145416,308
ENSG00000145423,1658
ENSG00000145425,11668
ENSG00000145428,42
ENSG00000145431,462
ENSG00000145439,1015
ENSG00000145451,1
ENSG00000145476,2807
ENSG00000145491,101
ENSG00000145494,3730
ENSG00000145495,5596
ENSG00000145506,42
ENSG00000145526,1
ENSG00000145536,22
ENSG00000145545,478
ENSG00000145555,787
ENSG00000145569,283
ENSG00000145592,36268
ENSG00000145604,637
ENSG00000145623,779
ENSG00000145626,0
ENSG00000145632,5614
ENSG00000145642,1
ENSG00000145649,59
ENSG00000145675,1221
ENSG00000145681,34
ENSG00000145685,1469
ENSG00000145687,3021
ENSG00000145692,1
ENSG00000145700,49
ENSG00000145703,527
ENSG00000145708,14
ENSG00000145715,1162
ENSG00000145721,1
ENSG00000145723,424
ENSG00000145725,995
ENSG00000145730,2662
ENSG00000145734,1192
ENSG00000145736,122
ENSG00000145740,2661
ENSG00000145741,25182
ENSG00000145743,1624
ENSG00000145757,15
ENSG00000145777,2
ENSG00000145779,213
ENSG00000145780,1528
ENSG00000145781,694
ENSG00000145782,843
ENSG00000145794,144
ENSG00000145808,125
ENSG00000145817,2044
ENSG00000145819,726
ENSG00000145824,529
ENSG00000145826,0
ENSG00000145832,1680
ENSG00000145833,2196
ENSG00000145835,0
ENSG00000145839,5
ENSG00000145850,2
ENSG00000145860,2414
ENSG00000145861,48
ENSG00000145863,0
ENSG00000145864,6
ENSG00000145868,1713
ENSG00000145879,0
ENSG00000145882,1384
ENSG00000145888,1
ENSG00000145901,7035
ENSG00000145907,7617
ENSG00000145908,168
ENSG00000145911,813
ENSG00000145912,3050
ENSG00000145916,2862
ENSG00000145919,2091
ENSG00000145920,57
ENSG00000145934,11
ENSG00000145936,279
ENSG00000145945,1194
ENSG00000145949,82
ENSG00000145975,2
ENSG00000145979,394
ENSG00000145982,905
ENSG00000145990,395
ENSG00000145996,766
ENSG00000146001,10
ENSG00000146005,101
ENSG00000146006,16
ENSG00000146007,3871
ENSG00000146013,0
ENSG00000146021,353
ENSG00000146038,487
ENSG00000146039,0
ENSG00000146047,0
ENSG00000146049,7
ENSG00000146054,191
ENSG00000146063,2212
ENSG00000146066,1829
ENSG00000146067,1548
ENSG00000146070,29
ENSG00000146072,540
ENSG00000146083,2281
ENSG00000146085,2493
ENSG00000146090,0
ENSG00000146094,343
ENSG00000146109,2044
ENSG00000146112,2369
ENSG00000146122,912
ENSG00000146143,545
ENSG00000146147,6
ENSG00000146151,28
ENSG00000146166,1
ENSG00000146192,346
ENSG00000146197,4926
ENSG00000146205,6157
ENSG00000146215,9
ENSG00000146216,39
ENSG00000146221,7
ENSG00000146223,6918
ENSG00000146232,1299
ENSG00000146233,15
ENSG00000146242,1859
ENSG00000146243,250
ENSG00000146247,1999
ENSG00000146250,7
ENSG00000146263,283
ENSG00000146267,1054
ENSG00000146276,9
ENSG00000146278,4701
ENSG00000146281,770
ENSG00000146282,2283
ENSG00000146285,15
ENSG00000146350,265
ENSG00000146352,0
ENSG00000146360,0
ENSG00000146373,364
ENSG00000146374,40
ENSG00000146376,1082
ENSG00000146378,0
ENSG00000146383,0
ENSG00000146385,0
ENSG00000146386,933
ENSG00000146399,0
ENSG00000146409,1073
ENSG00000146410,40
ENSG00000146411,1
ENSG00000146414,545
ENSG00000146416,2893
ENSG00000146425,5677
ENSG00000146426,358
ENSG00000146433,7531
ENSG00000146453,22
ENSG00000146457,3379
ENSG00000146463,3156
ENSG00000146469,13
ENSG00000146476,9149
ENSG00000146477,11
ENSG00000146521,11
ENSG00000146530,212
ENSG00000146535,5848
ENSG00000146540,4755
ENSG00000146555,44
ENSG00000146556,221
ENSG00000146574,389
ENSG00000146576,2166
ENSG00000146587,1209
ENSG00000146592,110
ENSG00000146618,0
ENSG00000146648,133
ENSG00000146666,6
ENSG00000146670,336
ENSG00000146674,2521
ENSG00000146676,4110
ENSG00000146677,82
ENSG00000146678,2
ENSG00000146700,103
ENSG00000146701,15049
ENSG00000146707,765
ENSG00000146722,0
ENSG00000146729,5112
ENSG00000146731,13421
ENSG00000146733,945
ENSG00000146755,4
ENSG00000146757,4551
ENSG00000146776,598
ENSG00000146802,974
ENSG00000146809,0
ENSG00000146826,1005
ENSG00000146828,2901
ENSG00000146830,4407
ENSG00000146833,5379
ENSG00000146834,3678
ENSG00000146839,4
ENSG00000146842,1263
ENSG00000146856,213
ENSG00000146857,0
ENSG00000146858,227
ENSG00000146859,1067
ENSG00000146872,1844
ENSG00000146904,1129
ENSG00000146909,803
ENSG00000146910,0
ENSG00000146918,566
ENSG00000146926,0
ENSG00000146938,7
ENSG00000146950,1653
ENSG00000146955,146
ENSG00000146963,2285
ENSG00000146966,1047
ENSG00000147003,62
ENSG00000147010,5263
ENSG00000147027,895
ENSG00000147036,6
ENSG00000147041,1524
ENSG00000147044,2456
ENSG00000147050,2658
ENSG00000147059,1
ENSG00000147065,19987
ENSG00000147081,0
ENSG00000147082,117
ENSG00000147099,997
ENSG00000147100,1770
ENSG00000147113,1077
ENSG00000147117,31
ENSG00000147118,791
ENSG00000147119,151
ENSG00000147121,675
ENSG00000147123,5742
ENSG00000147124,575
ENSG00000147127,26
ENSG00000147130,4350
ENSG00000147133,2225
ENSG00000147138,3
ENSG00000147140,26164
ENSG00000147144,1330
ENSG00000147145,10
ENSG00000147155,1603
ENSG00000147160,1
ENSG00000147162,6834
ENSG00000147164,2940
ENSG00000147166,23
ENSG00000147168,257
ENSG00000147174,40
ENSG00000147180,123
ENSG00000147183,0
ENSG00000147202,725
ENSG00000147206,13
ENSG00000147223,1
ENSG00000147224,1924
ENSG00000147231,28
ENSG00000147234,46
ENSG00000147246,0
ENSG00000147251,281
ENSG00000147255,18
ENSG00000147256,3
ENSG00000147257,329
ENSG00000147262,0
ENSG00000147274,6572
ENSG00000147316,1515
ENSG00000147324,698
ENSG00000147364,3981
ENSG00000147378,3
ENSG00000147381,0
ENSG00000147383,1502
ENSG00000147394,672
ENSG00000147400,5354
ENSG00000147403,43843
ENSG00000147408,274
ENSG00000147416,5584
ENSG00000147419,2758
ENSG00000147421,727
ENSG00000147432,0
ENSG00000147434,0
ENSG00000147437,23
ENSG00000147439,811
ENSG00000147443,274
ENSG00000147454,842
ENSG00000147457,3308
ENSG00000147459,724
ENSG00000147465,3
ENSG00000147471,3391
ENSG00000147475,4181
ENSG00000147481,0
ENSG00000147485,57
ENSG00000147488,3
ENSG00000147509,11
ENSG00000147526,948
ENSG00000147533,2554
ENSG00000147535,4572
ENSG00000147536,87
ENSG00000147548,4032
ENSG00000147570,18
ENSG00000147571,0
ENSG00000147573,1
ENSG00000147576,170
ENSG00000147586,706
ENSG00000147588,0
ENSG00000147592,531
ENSG00000147596,0
ENSG00000147601,1329
ENSG00000147604,25243
ENSG00000147606,0
ENSG00000147613,5
ENSG00000147614,3
ENSG00000147642,8365
ENSG00000147647,1
ENSG00000147649,5289
ENSG00000147650,200
ENSG00000147654,1278
ENSG00000147655,1
ENSG00000147669,2044
ENSG00000147676,3064
ENSG00000147677,15349
ENSG00000147679,1886
ENSG00000147684,9039
ENSG00000147687,754
ENSG00000147689,10
ENSG00000147697,25
ENSG00000147724,19
ENSG00000147753,0
ENSG00000147761,0
ENSG00000147789,1393
ENSG00000147799,1677
ENSG00000147804,167
ENSG00000147813,1211
ENSG00000147852,711
ENSG00000147853,1789
ENSG00000147854,1123
ENSG00000147862,500
ENSG00000147869,1
ENSG00000147872,1499
ENSG00000147873,0
ENSG00000147874,667
ENSG00000147883,369
ENSG00000147885,0
ENSG00000147889,1390
ENSG00000147894,645
ENSG00000147896,0
ENSG00000147905,1387
ENSG00000147912,309
ENSG00000147955,5091
ENSG00000147996,266
ENSG00000148019,549
ENSG00000148053,465
ENSG00000148057,768
ENSG00000148082,107
ENSG00000148090,999
ENSG00000148110,2746
ENSG00000148120,462
ENSG00000148123,20
ENSG00000148136,0
ENSG00000148143,1102
ENSG00000148153,1668
ENSG00000148154,3865
ENSG00000148156,1
ENSG00000148158,1538
ENSG00000148175,8865
ENSG00000148180,14479
ENSG00000148187,1678
ENSG00000148200,17
ENSG00000148204,3
ENSG00000148215,0
ENSG00000148218,3323
ENSG00000148219,3405
ENSG00000148225,657
ENSG00000148229,3736
ENSG00000148248,12294
ENSG00000148288,852
ENSG00000148290,3817
ENSG00000148291,908
ENSG00000148296,3035
ENSG00000148297,2005
ENSG00000148300,2041
ENSG00000148303,52286
ENSG00000148308,3702
ENSG00000148331,1534
ENSG00000148334,3519
ENSG00000148335,985
ENSG00000148337,6077
ENSG00000148339,1137
ENSG00000148341,8986
ENSG00000148343,1500
ENSG00000148344,1061
ENSG00000148346,47
ENSG00000148356,1933
ENSG00000148357,95
ENSG00000148358,6850
ENSG00000148362,2401
ENSG00000148377,0
ENSG00000148384,1010
ENSG00000148386,0
ENSG00000148396,31670
ENSG00000148399,1003
ENSG00000148400,1433
ENSG00000148408,77
ENSG00000148411,2776
ENSG00000148426,156
ENSG00000148429,466
ENSG00000148444,1745
ENSG00000148450,1563
ENSG00000148459,107
ENSG00000148468,336
ENSG00000148481,751
ENSG00000148482,0
ENSG00000148483,1
ENSG00000148484,1696
ENSG00000148488,3
ENSG00000148498,1498
ENSG00000148513,0
ENSG00000148516,712
ENSG00000148541,67
ENSG00000148572,433
ENSG00000148584,1
ENSG00000148600,7
ENSG00000148602,0
ENSG00000148604,1
ENSG00000148606,908
ENSG00000148634,1091
ENSG00000148655,245
ENSG00000148660,653
ENSG00000148671,0
ENSG00000148672,5265
ENSG00000148677,10
ENSG00000148680,16
ENSG00000148688,571
ENSG00000148690,519
ENSG00000148700,1594
ENSG00000148702,4
ENSG00000148704,0
ENSG00000148719,2307
ENSG00000148730,4237
ENSG00000148734,1
ENSG00000148735,1
ENSG00000148737,505
ENSG00000148773,639
ENSG00000148795,58
ENSG00000148798,3
ENSG00000148803,122
ENSG00000148814,457
ENSG00000148824,201
ENSG00000148826,1
ENSG00000148832,300
ENSG00000148834,1704
ENSG00000148835,140
ENSG00000148840,1762
ENSG00000148841,803
ENSG00000148842,480
ENSG00000148843,1641
ENSG00000148848,686
ENSG00000148908,1559
ENSG00000148925,1402
ENSG00000148926,153
ENSG00000148935,65
ENSG00000148942,1
ENSG00000148943,1021
ENSG00000148948,6
ENSG00000148950,586
ENSG00000148965,2
ENSG00000148985,1629
ENSG00000149016,764
ENSG00000149021,0
ENSG00000149043,37
ENSG00000149050,229
ENSG00000149054,5
ENSG00000149084,2486
ENSG00000149089,898
ENSG00000149090,200
ENSG00000149091,3485
ENSG00000149100,7105
ENSG00000149115,11549
ENSG00000149124,1
ENSG00000149131,2799
ENSG00000149133,0
ENSG00000149136,5419
ENSG00000149150,914
ENSG00000149177,2300
ENSG00000149179,3214
ENSG00000149182,8045
ENSG00000149187,6815
ENSG00000149196,699
ENSG00000149201,56
ENSG00000149212,9104
ENSG00000149218,2180
ENSG00000149231,176
ENSG00000149243,211
ENSG00000149256,119
ENSG00000149257,8407
ENSG00000149260,347
ENSG00000149262,923
ENSG00000149269,53873
ENSG00000149273,25103
ENSG00000149289,503
ENSG00000149292,862
ENSG00000149294,21
ENSG00000149295,6
ENSG00000149300,6
ENSG00000149305,0
ENSG00000149308,392
ENSG00000149311,1471
ENSG00000149313,1146
ENSG00000149328,530
ENSG00000149346,768
ENSG00000149357,14866
ENSG00000149380,115
ENSG00000149403,94
ENSG00000149418,3696
ENSG00000149428,8079
ENSG00000149435,0
ENSG00000149443,0
ENSG00000149451,1
ENSG00000149452,0
ENSG00000149474,1454
ENSG00000149476,6774
ENSG00000149480,3681
ENSG00000149483,1182
ENSG00000149485,2680
ENSG00000149488,6
ENSG00000149489,343
ENSG00000149499,3425
ENSG00000149503,344
ENSG00000149506,5
ENSG00000149507,0
ENSG00000149516,0
ENSG00000149527,1208
ENSG00000149531,237
ENSG00000149532,4809
ENSG00000149534,7
ENSG00000149541,3765
ENSG00000149547,4436
ENSG00000149548,77
ENSG00000149554,269
ENSG00000149557,195
ENSG00000149564,3205
ENSG00000149571,1068
ENSG00000149573,279
ENSG00000149575,5
ENSG00000149577,2552
ENSG00000149582,5125
ENSG00000149591,7789
ENSG00000149596,122
ENSG00000149599,408
ENSG00000149600,5168
ENSG00000149609,10
ENSG00000149633,91
ENSG00000149634,15
ENSG00000149635,5
ENSG00000149636,688
ENSG00000149639,9725
ENSG00000149646,18
ENSG00000149651,0
ENSG00000149654,0
ENSG00000149656,2
ENSG00000149657,3505
ENSG00000149658,4027
ENSG00000149679,1114
ENSG00000149716,1167
ENSG00000149735,0
ENSG00000149742,0
ENSG00000149743,993
ENSG00000149761,1005
ENSG00000149781,932
ENSG00000149782,1182
ENSG00000149792,4652
ENSG00000149798,784
ENSG00000149806,15091
ENSG00000149809,1571
ENSG00000149823,4913
ENSG00000149922,203
ENSG00000149923,4293
ENSG00000149925,51336
ENSG00000149926,100
ENSG00000149927,171
ENSG00000149929,2018
ENSG00000149930,5500
ENSG00000149932,7817
ENSG00000149948,5
ENSG00000149968,6
ENSG00000149970,2
ENSG00000149972,2
ENSG00000150045,0
ENSG00000150048,121
ENSG00000150051,33
ENSG00000150054,500
ENSG00000150076,61
ENSG00000150093,7604
ENSG00000150175,0
ENSG00000150201,0
ENSG00000150244,0
ENSG00000150261,0
ENSG00000150269,0
ENSG00000150275,0
ENSG00000150276,0
ENSG00000150281,545
ENSG00000150316,2291
ENSG00000150337,460
ENSG00000150347,380
ENSG00000150361,0
ENSG00000150394,27
ENSG00000150401,831
ENSG00000150403,2788
ENSG00000150433,650
ENSG00000150455,460
ENSG00000150456,1086
ENSG00000150457,322
ENSG00000150459,8222
ENSG00000150471,23
ENSG00000150477,203
ENSG00000150510,44
ENSG00000150526,0
ENSG00000150527,318
ENSG00000150540,582
ENSG00000150551,140
ENSG00000150556,1508
ENSG00000150593,4334
ENSG00000150594,95
ENSG00000150625,1
ENSG00000150627,279
ENSG00000150628,92
ENSG00000150630,455
ENSG00000150636,236
ENSG00000150637,34
ENSG00000150656,1
ENSG00000150667,3442
ENSG00000150672,58
ENSG00000150676,1
ENSG00000150681,63
ENSG00000150687,46203
ENSG00000150712,4338
ENSG00000150722,3
ENSG00000150732,0
ENSG00000150750,1
ENSG00000150753,18709
ENSG00000150756,741
ENSG00000150760,2635
ENSG00000150764,1134
ENSG00000150768,1202
ENSG00000150773,96
ENSG00000150776,1125
ENSG00000150779,909
ENSG00000150782,328
ENSG00000150783,0
ENSG00000150787,675
ENSG00000150867,684
ENSG00000150873,19
ENSG00000150893,35
ENSG00000150907,855
ENSG00000150938,3223
ENSG00000150961,3185
ENSG00000150967,3195
ENSG00000150977,1332
ENSG00000150990,2336
ENSG00000150991,45898
ENSG00000150995,919
ENSG00000151005,0
ENSG00000151006,48
ENSG00000151012,103
ENSG00000151014,822
ENSG00000151023,22
ENSG00000151025,1
ENSG00000151033,1
ENSG00000151062,332
ENSG00000151065,1854
ENSG00000151067,671
ENSG00000151079,0
ENSG00000151090,1309
ENSG00000151092,1890
ENSG00000151093,803
ENSG00000151116,1115
ENSG00000151117,1084
ENSG00000151131,556
ENSG00000151135,3092
ENSG00000151136,87
ENSG00000151148,3260
ENSG00000151150,142
ENSG00000151151,117
ENSG00000151164,42
ENSG00000151176,4604
ENSG00000151208,3892
ENSG00000151224,59
ENSG00000151229,57
ENSG00000151233,802
ENSG00000151239,1981
ENSG00000151240,1215
ENSG00000151247,960
ENSG00000151276,2220
ENSG00000151287,162
ENSG00000151292,2153
ENSG00000151303,5
ENSG00000151304,392
ENSG00000151320,98
ENSG00000151322,179
ENSG00000151327,1693
ENSG00000151332,725
ENSG00000151338,232
ENSG00000151348,4426
ENSG00000151353,1626
ENSG00000151360,0
ENSG00000151364,302
ENSG00000151365,1904
ENSG00000151366,1466
ENSG00000151376,2182
ENSG00000151379,0
ENSG00000151388,462
ENSG00000151413,533
ENSG00000151414,1143
ENSG00000151418,0
ENSG00000151422,468
ENSG00000151445,1010
ENSG00000151458,28196
ENSG00000151461,1217
ENSG00000151465,3405
ENSG00000151466,353
ENSG00000151468,636
ENSG00000151470,395
ENSG00000151474,589
ENSG00000151475,1
ENSG00000151490,163
ENSG00000151491,971
ENSG00000151498,730
ENSG00000151500,821
ENSG00000151502,3863
ENSG00000151503,959
ENSG00000151532,502
ENSG00000151552,28004
ENSG00000151553,664
ENSG00000151572,1
ENSG00000151575,665
ENSG00000151576,1258
ENSG00000151577,0
ENSG00000151611,470
ENSG00000151612,955
ENSG00000151615,0
ENSG00000151617,650
ENSG00000151623,206
ENSG00000151631,0
ENSG00000151632,7
ENSG00000151640,332
ENSG00000151650,69
ENSG00000151651,743
ENSG00000151655,6
ENSG00000151657,610
ENSG00000151665,366
ENSG00000151687,121
ENSG00000151689,1008
ENSG00000151690,3552
ENSG00000151692,383
ENSG00000151693,620
ENSG00000151694,560
ENSG00000151702,775
ENSG00000151704,1
ENSG00000151715,107
ENSG00000151718,537
ENSG00000151725,351
ENSG00000151726,5920
ENSG00000151729,2970
ENSG00000151743,358
ENSG00000151746,427
ENSG00000151748,1040
ENSG00000151773,322
ENSG00000151778,817
ENSG00000151779,1535
ENSG00000151789,17
ENSG00000151790,242
ENSG00000151806,1104
ENSG00000151812,0
ENSG00000151834,31
ENSG00000151835,1031
ENSG00000151838,0
ENSG00000151846,13
ENSG00000151849,369
ENSG00000151876,1350
ENSG00000151881,458
ENSG00000151882,355
ENSG00000151883,6580
ENSG00000151892,28
ENSG00000151893,1547
ENSG00000151914,7191
ENSG00000151917,83
ENSG00000151923,2447
ENSG00000151929,3468
ENSG00000151948,0
ENSG00000151952,1
ENSG00000151962,0
ENSG00000151963,6
ENSG00000151967,34
ENSG00000152034,0
ENSG00000152049,838
ENSG00000152056,187
ENSG00000152061,1657
ENSG00000152076,643
ENSG00000152078,301
ENSG00000152082,4797
ENSG00000152086,29
ENSG00000152092,417
ENSG00000152093,0
ENSG00000152102,5220
ENSG00000152104,487
ENSG00000152117,834
ENSG00000152127,3491
ENSG00000152128,23
ENSG00000152133,525
ENSG00000152137,5879
ENSG00000152147,891
ENSG00000152154,127
ENSG00000152192,0
ENSG00000152193,662
ENSG00000152207,37
ENSG00000152208,124
ENSG00000152213,610
ENSG00000152214,0
ENSG00000152217,870
ENSG00000152219,1628
ENSG00000152223,1608
ENSG00000152229,1032
ENSG00000152234,25963
ENSG00000152240,726
ENSG00000152242,1142
ENSG00000152253,84
ENSG00000152254,1
ENSG00000152256,542
ENSG00000152266,0
ENSG00000152270,34
ENSG00000152284,298
ENSG00000152291,12315
ENSG00000152292,8
ENSG00000152315,45
ENSG00000152332,5602
ENSG00000152348,483
ENSG00000152359,678
ENSG00000152377,177
ENSG00000152380,64
ENSG00000152382,794
ENSG00000152402,419
ENSG00000152404,475
ENSG00000152409,839
ENSG00000152413,94
ENSG00000152422,296
ENSG00000152430,0
ENSG00000152433,212
ENSG00000152439,372
ENSG00000152443,1157
ENSG00000152454,332
ENSG00000152455,228
ENSG00000152457,246
ENSG00000152463,1
ENSG00000152464,640
ENSG00000152465,329
ENSG00000152467,89
ENSG00000152475,278
ENSG00000152484,2012
ENSG00000152492,2646
ENSG00000152495,30
ENSG00000152503,72
ENSG00000152518,3918
ENSG00000152520,1927
ENSG00000152527,37
ENSG00000152556,5301
ENSG00000152558,2890
ENSG00000152578,2
ENSG00000152580,3
ENSG00000152582,1829
ENSG00000152583,7428
ENSG00000152591,0
ENSG00000152592,5
ENSG00000152595,0
ENSG00000152601,2944
ENSG00000152611,192
ENSG00000152620,2792
ENSG00000152642,2778
ENSG00000152661,19790
ENSG00000152669,117
ENSG00000152670,1
ENSG00000152672,9
ENSG00000152683,995
ENSG00000152684,1540
ENSG00000152689,1003
ENSG00000152700,2658
ENSG00000152705,39
ENSG00000152749,1027
ENSG00000152760,40
ENSG00000152763,634
ENSG00000152766,40
ENSG00000152767,3943
ENSG00000152778,1288
ENSG00000152779,10
ENSG00000152782,231
ENSG00000152784,20
ENSG00000152785,2
ENSG00000152795,10229
ENSG00000152804,331
ENSG00000152818,1063
ENSG00000152822,11
ENSG00000152894,636
ENSG00000152904,3233
ENSG00000152910,0
ENSG00000152926,838
ENSG00000152931,0
ENSG00000152932,5
ENSG00000152936,0
ENSG00000152939,1340
ENSG00000152942,1256
ENSG00000152944,1108
ENSG00000152952,1216
ENSG00000152953,77
ENSG00000152954,0
ENSG00000152969,823
ENSG00000152977,1
ENSG00000152990,862
ENSG00000153002,3250642
ENSG00000153006,990
ENSG00000153012,61
ENSG00000153015,864
ENSG00000153029,3498
ENSG00000153037,1095
ENSG00000153044,171
ENSG00000153046,1684
ENSG00000153048,1240
ENSG00000153060,18
ENSG00000153064,2
ENSG00000153066,5547
ENSG00000153071,1787
ENSG00000153086,6
ENSG00000153093,198
ENSG00000153094,2521
ENSG00000153107,496
ENSG00000153113,6604
ENSG00000153130,2222
ENSG00000153132,398
ENSG00000153140,617
ENSG00000153147,4699
ENSG00000153157,40
ENSG00000153162,118
ENSG00000153165,3
ENSG00000153179,2430
ENSG00000153187,25136
ENSG00000153201,4318
ENSG00000153207,2318
ENSG00000153208,525
ENSG00000153214,2733
ENSG00000153230,2
ENSG00000153233,25
ENSG00000153234,166
ENSG00000153237,64
ENSG00000153246,682
ENSG00000153250,841
ENSG00000153253,23
ENSG00000153266,0
ENSG00000153283,52
ENSG00000153291,447
ENSG00000153292,1
ENSG00000153294,1
ENSG00000153303,5
ENSG00000153310,2942
ENSG00000153317,1985
ENSG00000153339,1660
ENSG00000153347,238
ENSG00000153363,1190
ENSG00000153391,659
ENSG00000153395,10410
ENSG00000153404,58
ENSG00000153406,3550
ENSG00000153443,1590
ENSG00000153446,92
ENSG00000153485,715
ENSG00000153487,971
ENSG00000153495,63
ENSG00000153498,0
ENSG00000153531,815
ENSG00000153551,475
ENSG00000153558,802
ENSG00000153560,3936
ENSG00000153561,3639
ENSG00000153563,114
ENSG00000153574,840
ENSG00000153684,0
ENSG00000153707,47
ENSG00000153714,291
ENSG00000153721,213
ENSG00000153767,586
ENSG00000153774,1875
ENSG00000153779,0
ENSG00000153786,3399
ENSG00000153789,1
ENSG00000153790,477
ENSG00000153802,0
ENSG00000153814,1905
ENSG00000153815,9917
ENSG00000153820,0
ENSG00000153822,2
ENSG00000153823,59
ENSG00000153827,7279
ENSG00000153832,751
ENSG00000153879,2077
ENSG00000153885,1788
ENSG00000153896,365
ENSG00000153898,24
ENSG00000153902,190
ENSG00000153904,2034
ENSG00000153914,2869
ENSG00000153922,1642
ENSG00000153923,0
ENSG00000153930,33
ENSG00000153933,1497
ENSG00000153936,784
ENSG00000153944,3158
ENSG00000153956,120
ENSG00000153975,517
ENSG00000153976,12
ENSG00000153982,156
ENSG00000153989,930
ENSG00000153993,3
ENSG00000154001,1708
ENSG00000154007,0
ENSG00000154016,63
ENSG00000154025,51
ENSG00000154027,25
ENSG00000154040,307
ENSG00000154059,1919
ENSG00000154065,704
ENSG00000154079,916
ENSG00000154080,2
ENSG00000154096,9125
ENSG00000154099,167
ENSG00000154102,36
ENSG00000154114,686
ENSG00000154118,968
ENSG00000154122,1523
ENSG00000154124,1440
ENSG00000154127,224
ENSG00000154133,1677
ENSG00000154134,93
ENSG00000154143,0
ENSG00000154144,641
ENSG00000154146,295
ENSG00000154153,4290
ENSG00000154162,0
ENSG00000154165,1
ENSG00000154174,5464
ENSG00000154175,85
ENSG00000154188,74
ENSG00000154198,1
ENSG00000154217,565
ENSG00000154222,2915
ENSG00000154227,10
ENSG00000154229,232
ENSG00000154237,1537
ENSG00000154240,539
ENSG00000154252,31
ENSG00000154258,16
ENSG00000154262,54
ENSG00000154263,57
ENSG00000154265,1707
ENSG00000154269,27
ENSG00000154274,230
ENSG00000154277,152
ENSG00000154305,5970
ENSG00000154309,1041
ENSG00000154310,177
ENSG00000154316,19
ENSG00000154319,1485
ENSG00000154328,2374
ENSG00000154330,93
ENSG00000154342,10
ENSG00000154358,2091
ENSG00000154359,742
ENSG00000154370,2873
ENSG00000154380,5416
ENSG00000154415,0
ENSG00000154429,518
ENSG00000154438,0
ENSG00000154447,3484
ENSG00000154451,158
ENSG00000154473,5109
ENSG00000154478,2
ENSG00000154479,43
ENSG00000154485,5
ENSG00000154493,0
ENSG00000154511,278
ENSG00000154518,7477
ENSG00000154529,2
ENSG00000154537,28
ENSG00000154545,1
ENSG00000154548,11
ENSG00000154553,267
ENSG00000154556,1246
ENSG00000154582,2156
ENSG00000154589,179
ENSG00000154608,7
ENSG00000154611,0
ENSG00000154620,1
ENSG00000154639,478
ENSG00000154640,170
ENSG00000154642,524
ENSG00000154645,21
ENSG00000154646,0
ENSG00000154654,30
ENSG00000154655,51
ENSG00000154678,136
ENSG00000154710,338
ENSG00000154719,722
ENSG00000154721,406
ENSG00000154723,3806
ENSG00000154727,720
ENSG00000154734,613
ENSG00000154736,292
ENSG00000154743,739
ENSG00000154760,1831
ENSG00000154764,0
ENSG00000154767,3382
ENSG00000154781,1296
ENSG00000154783,987
ENSG00000154803,2102
ENSG00000154813,925
ENSG00000154814,323
ENSG00000154822,346
ENSG00000154832,2431
ENSG00000154839,74
ENSG00000154845,2966
ENSG00000154856,302
ENSG00000154864,503
ENSG00000154874,1
ENSG00000154889,1077
ENSG00000154898,1
ENSG00000154914,384
ENSG00000154917,264
ENSG00000154920,156
ENSG00000154928,83
ENSG00000154930,9853
ENSG00000154945,3632
ENSG00000154957,874
ENSG00000154975,0
ENSG00000154978,2713
ENSG00000154997,1
ENSG00000155008,854
ENSG00000155011,178
ENSG00000155016,763
ENSG00000155026,11
ENSG00000155034,268
ENSG00000155052,0
ENSG00000155066,8692
ENSG00000155070,2
ENSG00000155085,595
ENSG00000155087,0
ENSG00000155090,2355
ENSG00000155093,18184
ENSG00000155096,6111
ENSG00000155097,3291
ENSG00000155099,898
ENSG00000155100,313
ENSG00000155111,708
ENSG00000155115,2551
ENSG00000155158,186
ENSG00000155189,938
ENSG00000155229,2098
ENSG00000155249,0
ENSG00000155252,1493
ENSG00000155254,2967
ENSG00000155256,1584
ENSG00000155265,195
ENSG00000155269,0
ENSG00000155275,688
ENSG00000155287,1041
ENSG00000155304,896
ENSG00000155307,205
ENSG00000155313,961
ENSG00000155324,352
ENSG00000155329,572
ENSG00000155330,337
ENSG00000155363,3460
ENSG00000155366,13858
ENSG00000155367,1241
ENSG00000155368,4965
ENSG00000155380,384
ENSG00000155393,1372
ENSG00000155428,6
ENSG00000155438,1698
ENSG00000155463,5398
ENSG00000155465,686
ENSG00000155495,0
ENSG00000155506,11481
ENSG00000155508,2862
ENSG00000155511,58
ENSG00000155530,104
ENSG00000155542,145
ENSG00000155545,913
ENSG00000155561,2718
ENSG00000155592,839
ENSG00000155621,436
ENSG00000155622,0
ENSG00000155629,646
ENSG00000155636,700
ENSG00000155640,176
ENSG00000155657,437
ENSG00000155659,1778
ENSG00000155660,11113
ENSG00000155666,277
ENSG00000155714,3
ENSG00000155719,24
ENSG00000155729,1041
ENSG00000155744,387
ENSG00000155749,19
ENSG00000155754,4
ENSG00000155755,463
ENSG00000155760,347
ENSG00000155761,15697
ENSG00000155792,339
ENSG00000155816,3
ENSG00000155827,5041
ENSG00000155833,0
ENSG00000155846,85
ENSG00000155849,766
ENSG00000155850,481
ENSG00000155858,302
ENSG00000155868,452
ENSG00000155875,17
ENSG00000155876,8608
ENSG00000155886,4
ENSG00000155890,0
ENSG00000155893,1019
ENSG00000155897,1
ENSG00000155903,661
ENSG00000155906,3860
ENSG00000155918,0
ENSG00000155926,674
ENSG00000155957,3670
ENSG00000155959,2191
ENSG00000155961,1054
ENSG00000155962,291
ENSG00000155966,25
ENSG00000155970,127
ENSG00000155974,91
ENSG00000155975,1898
ENSG00000155980,989
ENSG00000156006,2
ENSG00000156009,5
ENSG00000156011,391
ENSG00000156017,643
ENSG00000156026,405
ENSG00000156030,2075
ENSG00000156042,482
ENSG00000156049,395
ENSG00000156050,230
ENSG00000156052,4744
ENSG00000156076,0
ENSG00000156096,1
ENSG00000156097,5
ENSG00000156103,288
ENSG00000156110,1025
ENSG00000156113,1987
ENSG00000156127,308
ENSG00000156136,558
ENSG00000156140,19
ENSG00000156150,0
ENSG00000156162,870
ENSG00000156170,1611
ENSG00000156171,1311
ENSG00000156172,267
ENSG00000156194,1
ENSG00000156206,28
ENSG00000156218,78
ENSG00000156219,0
ENSG00000156222,70
ENSG00000156232,1859
ENSG00000156234,4
ENSG00000156239,883
ENSG00000156253,1143
ENSG00000156256,2662
ENSG00000156261,8205
ENSG00000156265,264
ENSG00000156269,0
ENSG00000156273,424
ENSG00000156282,0
ENSG00000156284,5
ENSG00000156298,539
ENSG00000156299,169
ENSG00000156304,2000
ENSG00000156313,441
ENSG00000156345,1403
ENSG00000156374,150
ENSG00000156381,888
ENSG00000156384,129
ENSG00000156395,0
ENSG00000156398,1518
ENSG00000156411,3592
ENSG00000156413,3
ENSG00000156414,9
ENSG00000156427,43
ENSG00000156453,2146
ENSG00000156463,2
ENSG00000156466,13
ENSG00000156467,6563
ENSG00000156469,839
ENSG00000156471,2190
ENSG00000156475,28
ENSG00000156482,30515
ENSG00000156486,2
ENSG00000156500,182
ENSG00000156502,956
ENSG00000156504,2390
ENSG00000156508,224209
ENSG00000156509,29
ENSG00000156510,4
ENSG00000156515,14140
ENSG00000156521,682
ENSG00000156531,1047
ENSG00000156535,229
ENSG00000156564,110
ENSG00000156574,1
ENSG00000156575,0
ENSG00000156587,3164
ENSG00000156599,3620
ENSG00000156603,771
ENSG00000156639,5757
ENSG00000156642,7564
ENSG00000156650,12669
ENSG00000156671,3936
ENSG00000156675,1836
ENSG00000156687,0
ENSG00000156689,55
ENSG00000156697,1381
ENSG00000156709,4014
ENSG00000156711,9401
ENSG00000156735,745
ENSG00000156738,10
ENSG00000156755,0
ENSG00000156787,148
ENSG00000156795,425
ENSG00000156802,1115
ENSG00000156804,1538
ENSG00000156831,744
ENSG00000156853,1101
ENSG00000156858,2940
ENSG00000156860,5961
ENSG00000156869,64
ENSG00000156873,2169
ENSG00000156875,2646
ENSG00000156876,180
ENSG00000156885,11
ENSG00000156886,22
ENSG00000156920,0
ENSG00000156925,0
ENSG00000156928,1067
ENSG00000156931,2011
ENSG00000156958,1347
ENSG00000156959,0
ENSG00000156966,166
ENSG00000156968,1776
ENSG00000156970,285
ENSG00000156973,959
ENSG00000156976,30572
ENSG00000156983,2036
ENSG00000156990,1569
ENSG00000157005,0
ENSG00000157014,2894
ENSG00000157017,48
ENSG00000157020,7862
ENSG00000157021,10
ENSG00000157036,311
ENSG00000157045,573
ENSG00000157060,0
ENSG00000157064,110
ENSG00000157077,1906
ENSG00000157087,346
ENSG00000157093,0
ENSG00000157103,95
ENSG00000157106,4682
ENSG00000157107,913
ENSG00000157110,838
ENSG00000157111,2
ENSG00000157119,1
ENSG00000157131,0
ENSG00000157150,1132
ENSG00000157152,71
ENSG00000157168,3
ENSG00000157181,1499
ENSG00000157184,2318
ENSG00000157191,2957
ENSG00000157193,190
ENSG00000157211,0
ENSG00000157212,1015
ENSG00000157214,1893
ENSG00000157216,3249
ENSG00000157219,0
ENSG00000157224,1601
ENSG00000157227,4708
ENSG00000157240,2121
ENSG00000157259,2812
ENSG00000157303,2568
ENSG00000157306,74
ENSG00000157315,31
ENSG00000157322,4
ENSG00000157326,1021
ENSG00000157330,8
ENSG00000157335,1
ENSG00000157343,71
ENSG00000157349,1039
ENSG00000157350,2164
ENSG00000157353,2169
ENSG00000157368,203
ENSG00000157379,1717
ENSG00000157388,1498
ENSG00000157399,9
ENSG00000157404,44
ENSG00000157423,29
ENSG00000157426,601
ENSG00000157429,452
ENSG00000157445,27
ENSG00000157450,1836
ENSG00000157456,267
ENSG00000157470,74
ENSG00000157483,864
ENSG00000157500,3481
ENSG00000157502,64
ENSG00000157510,732
ENSG00000157514,11346
ENSG00000157538,1798
ENSG00000157540,3383
ENSG00000157542,0
ENSG00000157551,14
ENSG00000157554,752
ENSG00000157557,2521
ENSG00000157570,961
ENSG00000157578,276
ENSG00000157593,4133
ENSG00000157600,938
ENSG00000157601,6982
ENSG00000157613,24172
ENSG00000157617,839
ENSG00000157625,1577
ENSG00000157637,5424
ENSG00000157653,38
ENSG00000157654,5
ENSG00000157657,3850
ENSG00000157680,49
ENSG00000157693,7643
ENSG00000157703,0
ENSG00000157734,638
ENSG00000157741,1891
ENSG00000157764,2532
ENSG00000157765,1
ENSG00000157766,491
ENSG00000157778,1384
ENSG00000157782,83
ENSG00000157796,1414
ENSG00000157800,1462
ENSG00000157823,1582
ENSG00000157827,719
ENSG00000157833,841
ENSG00000157837,3558
ENSG00000157851,0
ENSG00000157856,18
ENSG00000157869,699
ENSG00000157870,4490
ENSG00000157873,3811
ENSG00000157881,1171
ENSG00000157884,19
ENSG00000157890,12
ENSG00000157895,911
ENSG00000157911,911
ENSG00000157916,3916
ENSG00000157927,549
ENSG00000157933,4399
ENSG00000157954,4765
ENSG00000157965,0
ENSG00000157978,1688
ENSG00000157985,2013
ENSG00000157992,2393
ENSG00000157999,17
ENSG00000158006,1281
ENSG00000158008,2235
ENSG00000158014,3
ENSG00000158019,1888
ENSG00000158022,0
ENSG00000158023,556
ENSG00000158042,4709
ENSG00000158050,155
ENSG00000158055,138
ENSG00000158062,2118
ENSG00000158077,0
ENSG00000158079,452
ENSG00000158089,720
ENSG00000158092,1030
ENSG00000158104,13
ENSG00000158106,3883
ENSG00000158109,3900
ENSG00000158113,401
ENSG00000158122,843
ENSG00000158125,308
ENSG00000158156,823
ENSG00000158158,844
ENSG00000158161,1463
ENSG00000158163,206
ENSG00000158164,19
ENSG00000158169,612
ENSG00000158186,1630
ENSG00000158195,9594
ENSG00000158201,284
ENSG00000158220,4
ENSG00000158234,531
ENSG00000158246,55
ENSG00000158258,193
ENSG00000158270,207
ENSG00000158286,642
ENSG00000158290,4132
ENSG00000158292,188
ENSG00000158296,396
ENSG00000158301,1603
ENSG00000158315,92
ENSG00000158321,362
ENSG00000158352,428
ENSG00000158373,7542
ENSG00000158402,66
ENSG00000158406,398
ENSG00000158411,547
ENSG00000158417,4400
ENSG00000158423,497
ENSG00000158427,22
ENSG00000158428,438
ENSG00000158435,2033
ENSG00000158445,167
ENSG00000158457,1348
ENSG00000158458,131
ENSG00000158467,2579
ENSG00000158470,1586
ENSG00000158473,103
ENSG00000158477,4
ENSG00000158480,2054
ENSG00000158481,19
ENSG00000158482,0
ENSG00000158483,255
ENSG00000158485,2
ENSG00000158486,38
ENSG00000158488,7
ENSG00000158497,0
ENSG00000158516,2
ENSG00000158517,88
ENSG00000158525,1
ENSG00000158526,5195
ENSG00000158528,1529
ENSG00000158545,3159
ENSG00000158552,1063
ENSG00000158553,5
ENSG00000158555,682
ENSG00000158560,322
ENSG00000158571,73
ENSG00000158578,186
ENSG00000158604,10830
ENSG00000158615,3166
ENSG00000158623,811
ENSG00000158636,852
ENSG00000158639,0
ENSG00000158669,5786
ENSG00000158683,54
ENSG00000158691,269
ENSG00000158710,9769
ENSG00000158711,1197
ENSG00000158714,321
ENSG00000158715,793
ENSG00000158716,1937
ENSG00000158717,1080
ENSG00000158731,0
ENSG00000158747,1818
ENSG00000158748,0
ENSG00000158764,20
ENSG00000158769,3609
ENSG00000158773,2893
ENSG00000158786,0
ENSG00000158792,1130
ENSG00000158793,2452
ENSG00000158796,1901
ENSG00000158805,680
ENSG00000158806,11
ENSG00000158813,742
ENSG00000158815,10
ENSG00000158816,2
ENSG00000158825,215
ENSG00000158828,1507
ENSG00000158850,3503
ENSG00000158856,4049
ENSG00000158859,1140
ENSG00000158863,3018
ENSG00000158864,7241
ENSG00000158865,169
ENSG00000158869,1891
ENSG00000158874,0
ENSG00000158882,1403
ENSG00000158887,72
ENSG00000158901,0
ENSG00000158941,7227
ENSG00000158955,9
ENSG00000158966,70
ENSG00000158985,1741
ENSG00000158987,415
ENSG00000159023,3784
ENSG00000159055,211
ENSG00000159063,1253
ENSG00000159069,9147
ENSG00000159079,1377
ENSG00000159082,747
ENSG00000159086,1449
ENSG00000159110,507
ENSG00000159111,2792
ENSG00000159128,3695
ENSG00000159131,3108
ENSG00000159140,10003
ENSG00000159147,343
ENSG00000159164,145
ENSG00000159166,17
ENSG00000159167,3668
ENSG00000159173,1
ENSG00000159176,14793
ENSG00000159182,0
ENSG00000159184,0
ENSG00000159186,0
ENSG00000159189,7681
ENSG00000159197,47
ENSG00000159199,4112
ENSG00000159200,666
ENSG00000159202,6524
ENSG00000159208,60
ENSG00000159210,2873
ENSG00000159212,7939
ENSG00000159214,2940
ENSG00000159216,3497
ENSG00000159217,0
ENSG00000159224,0
ENSG00000159228,205
ENSG00000159231,118
ENSG00000159239,1300
ENSG00000159247,109
ENSG00000159248,0
ENSG00000159251,50
ENSG00000159256,840
ENSG00000159259,485
ENSG00000159261,1
ENSG00000159263,78
ENSG00000159267,2716
ENSG00000159289,1
ENSG00000159307,45
ENSG00000159314,747
ENSG00000159322,4563
ENSG00000159335,66394
ENSG00000159337,247
ENSG00000159339,0
ENSG00000159346,10366
ENSG00000159348,5369
ENSG00000159352,7457
ENSG00000159363,9657
ENSG00000159374,824
ENSG00000159377,9141
ENSG00000159387,1
ENSG00000159388,8242
ENSG00000159398,0
ENSG00000159399,10051
ENSG00000159403,1700
ENSG00000159409,1266
ENSG00000159423,658
ENSG00000159433,167
ENSG00000159445,1514
ENSG00000159450,29
ENSG00000159455,0
ENSG00000159459,1688
ENSG00000159461,22163
ENSG00000159479,2267
ENSG00000159495,0
ENSG00000159496,5
ENSG00000159516,0
ENSG00000159527,0
ENSG00000159556,1
ENSG00000159579,2185
ENSG00000159588,14
ENSG00000159592,3674
ENSG00000159593,2224
ENSG00000159596,1302
ENSG00000159618,134
ENSG00000159625,7
ENSG00000159640,2342
ENSG00000159648,0
ENSG00000159650,16
ENSG00000159658,9686
ENSG00000159674,1259
ENSG00000159685,853
ENSG00000159692,6012
ENSG00000159708,86
ENSG00000159712,13
ENSG00000159713,1250
ENSG00000159714,1075
ENSG00000159720,9000
ENSG00000159723,5
ENSG00000159733,997
ENSG00000159753,45
ENSG00000159761,335
ENSG00000159763,0
ENSG00000159784,58
ENSG00000159788,1885
ENSG00000159792,3770
ENSG00000159840,6006
ENSG00000159842,7907
ENSG00000159860,1
ENSG00000159871,127
ENSG00000159873,382
ENSG00000159882,269
ENSG00000159884,183
ENSG00000159885,167
ENSG00000159899,413
ENSG00000159904,14
ENSG00000159905,29
ENSG00000159915,332
ENSG00000159917,193
ENSG00000159921,3006
ENSG00000159958,46
ENSG00000159961,0
ENSG00000160007,6629
ENSG00000160013,150
ENSG00000160014,18498
ENSG00000160049,2080
ENSG00000160050,619
ENSG00000160051,283
ENSG00000160055,585
ENSG00000160058,7019
ENSG00000160062,316
ENSG00000160072,573
ENSG00000160075,7966
ENSG00000160087,2339
ENSG00000160094,1956
ENSG00000160097,24
ENSG00000160111,127
ENSG00000160113,6374
ENSG00000160117,18
ENSG00000160124,564
ENSG00000160131,2255
ENSG00000160145,277
ENSG00000160161,133
ENSG00000160172,205
ENSG00000160179,6110
ENSG00000160180,9601
ENSG00000160181,0
ENSG00000160182,0
ENSG00000160183,6
ENSG00000160185,12
ENSG00000160188,1436
ENSG00000160190,1658
ENSG00000160191,207
ENSG00000160193,412
ENSG00000160194,2268
ENSG00000160199,1478
ENSG00000160200,5
ENSG00000160201,46
ENSG00000160202,0
ENSG00000160207,44
ENSG00000160208,1676
ENSG00000160209,5828
ENSG00000160211,2023
ENSG00000160213,6238
ENSG00000160214,1573
ENSG00000160216,6307
ENSG00000160218,689
ENSG00000160219,154
ENSG00000160221,40
ENSG00000160223,32
ENSG00000160224,2
ENSG00000160226,1003
ENSG00000160229,78
ENSG00000160233,109
ENSG00000160255,3982
ENSG00000160256,433
ENSG00000160271,7426
ENSG00000160282,32
ENSG00000160284,295
ENSG00000160285,2873
ENSG00000160293,3470
ENSG00000160294,5643
ENSG00000160298,283
ENSG00000160299,1608
ENSG00000160305,1431
ENSG00000160307,54
ENSG00000160310,3263
ENSG00000160318,9
ENSG00000160321,11
ENSG00000160323,618
ENSG00000160325,6461
ENSG00000160326,577
ENSG00000160336,968
ENSG00000160339,64
ENSG00000160345,972
ENSG00000160349,4
ENSG00000160352,177
ENSG00000160360,1392
ENSG00000160392,572
ENSG00000160396,6
ENSG00000160401,633
ENSG00000160404,2026
ENSG00000160408,4767
ENSG00000160410,2157
ENSG00000160439,606
ENSG00000160445,7141
ENSG00000160446,2381
ENSG00000160447,2746
ENSG00000160460,1462
ENSG00000160469,925
ENSG00000160471,7
ENSG00000160472,2
ENSG00000160505,1
ENSG00000160539,59
ENSG00000160551,3630
ENSG00000160563,815
ENSG00000160570,2788
ENSG00000160584,2448
ENSG00000160588,542
ENSG00000160593,116
ENSG00000160602,568
ENSG00000160606,341
ENSG00000160613,711
ENSG00000160633,5819
ENSG00000160654,27
ENSG00000160678,15998
ENSG00000160679,5383
ENSG00000160683,1
ENSG00000160685,14430
ENSG00000160688,2602
ENSG00000160691,6336
ENSG00000160695,2683
ENSG00000160703,1112
ENSG00000160710,29091
ENSG00000160712,249
ENSG00000160714,6070
ENSG00000160716,19
ENSG00000160741,3005
ENSG00000160746,2711
ENSG00000160752,2746
ENSG00000160753,6033
ENSG00000160766,83
ENSG00000160767,2904
ENSG00000160781,30
ENSG00000160783,1261
ENSG00000160785,2589
ENSG00000160789,22350
ENSG00000160791,185
ENSG00000160796,1845
ENSG00000160799,2664
ENSG00000160801,63
ENSG00000160803,1538
ENSG00000160808,3
ENSG00000160813,1539
ENSG00000160818,2694
ENSG00000160838,6
ENSG00000160856,3
ENSG00000160862,71065
ENSG00000160867,256
ENSG00000160868,8
ENSG00000160870,7
ENSG00000160877,5620
ENSG00000160882,0
ENSG00000160883,216
ENSG00000160886,19
ENSG00000160888,3065
ENSG00000160908,1459
ENSG00000160917,1081
ENSG00000160932,10158
ENSG00000160948,8077
ENSG00000160949,757
ENSG00000160951,2
ENSG00000160953,1837
ENSG00000160957,476
ENSG00000160959,1605
ENSG00000160961,460
ENSG00000160963,6
ENSG00000160972,1965
ENSG00000160973,6
ENSG00000160991,4052
ENSG00000160993,724
ENSG00000160994,0
ENSG00000160999,196
ENSG00000161010,1150
ENSG00000161011,19691
ENSG00000161013,4687
ENSG00000161016,55414
ENSG00000161021,2726
ENSG00000161031,35
ENSG00000161036,1375
ENSG00000161040,37
ENSG00000161048,644
ENSG00000161055,1062
ENSG00000161057,5890
ENSG00000161082,6
ENSG00000161091,7625
ENSG00000161103,0
ENSG00000161132,5
ENSG00000161133,35
ENSG00000161149,6
ENSG00000161179,810
ENSG00000161180,21
ENSG00000161202,5601
ENSG00000161203,20088
ENSG00000161204,4276
ENSG00000161217,3323
ENSG00000161243,1150
ENSG00000161249,1299
ENSG00000161265,238
ENSG00000161267,2808
ENSG00000161270,54
ENSG00000161277,371
ENSG00000161281,172
ENSG00000161298,415
ENSG00000161328,1598
ENSG00000161381,1675
ENSG00000161395,1227
ENSG00000161405,117
ENSG00000161509,89
ENSG00000161513,1907
ENSG00000161526,2554
ENSG00000161533,4306
ENSG00000161542,1920
ENSG00000161544,1185
ENSG00000161547,5163
ENSG00000161551,329
ENSG00000161558,388
ENSG00000161594,2
ENSG00000161609,6
ENSG00000161610,3
ENSG00000161618,2258
ENSG00000161634,1
ENSG00000161638,5181
ENSG00000161640,48
ENSG00000161642,6998
ENSG00000161643,36
ENSG00000161647,519
ENSG00000161649,18
ENSG00000161652,1
ENSG00000161653,261
ENSG00000161654,529
ENSG00000161664,1188
ENSG00000161671,9520
ENSG00000161677,614
ENSG00000161681,10
ENSG00000161682,90
ENSG00000161692,274
ENSG00000161714,212
ENSG00000161791,1850
ENSG00000161798,2
ENSG00000161800,860
ENSG00000161807,0
ENSG00000161813,2893
ENSG00000161835,360
ENSG00000161847,1931
ENSG00000161849,0
ENSG00000161850,0
ENSG00000161860,29
ENSG00000161888,139
ENSG00000161896,7
ENSG00000161904,3834
ENSG00000161905,5
ENSG00000161911,41
ENSG00000161912,236
ENSG00000161914,385
ENSG00000161920,791
ENSG00000161921,2115
ENSG00000161929,174
ENSG00000161939,23
ENSG00000161940,1095
ENSG00000161944,18
ENSG00000161955,1781
ENSG00000161956,1527
ENSG00000161958,3
ENSG00000161960,272
ENSG00000161970,19577
ENSG00000161973,2
ENSG00000161980,1518
ENSG00000161981,1939
ENSG00000161992,0
ENSG00000161996,2154
ENSG00000161999,3245
ENSG00000162004,236
ENSG00000162006,50
ENSG00000162009,6
ENSG00000162032,136
ENSG00000162039,0
ENSG00000162040,0
ENSG00000162062,159
ENSG00000162063,1898
ENSG00000162065,1448
ENSG00000162066,1018
ENSG00000162068,1
ENSG00000162069,1078
ENSG00000162073,345
ENSG00000162076,2322
ENSG00000162078,11300
ENSG00000162086,1947
ENSG00000162104,2145
ENSG00000162105,5624
ENSG00000162129,448
ENSG00000162139,358
ENSG00000162144,1448
ENSG00000162148,157
ENSG00000162174,69
ENSG00000162188,706
ENSG00000162191,3251
ENSG00000162194,105
ENSG00000162222,862
ENSG00000162227,451
ENSG00000162231,3039
ENSG00000162236,2555
ENSG00000162241,891
ENSG00000162244,25413
ENSG00000162267,37
ENSG00000162298,8002
ENSG00000162300,452
ENSG00000162302,1573
ENSG00000162337,3268
ENSG00000162341,614
ENSG00000162344,16
ENSG00000162365,1
ENSG00000162366,639
ENSG00000162367,258
ENSG00000162368,3520
ENSG00000162373,170
ENSG00000162374,21
ENSG00000162377,815
ENSG00000162378,1402
ENSG00000162383,12
ENSG00000162384,2213
ENSG00000162385,959
ENSG00000162390,138
ENSG00000162391,5
ENSG00000162396,376
ENSG00000162398,0
ENSG00000162399,3
ENSG00000162402,3797
ENSG00000162407,2173
ENSG00000162408,1016
ENSG00000162409,546
ENSG00000162413,2394
ENSG00000162415,1093
ENSG00000162419,858
ENSG00000162426,552
ENSG00000162430,12831
ENSG00000162433,1139
ENSG00000162434,6338
ENSG00000162437,1477
ENSG00000162438,9
ENSG00000162441,996
ENSG00000162444,182
ENSG00000162456,0
ENSG00000162458,4030
ENSG00000162460,112
ENSG00000162461,35
ENSG00000162482,561
ENSG00000162490,14
ENSG00000162493,209
ENSG00000162494,0
ENSG00000162496,4217
ENSG00000162510,6
ENSG00000162511,10928
ENSG00000162512,8308
ENSG00000162517,3048
ENSG00000162520,501
ENSG00000162521,7535
ENSG00000162522,17041
ENSG00000162526,17
ENSG00000162542,1130
ENSG00000162543,1217
ENSG00000162545,6134
ENSG00000162551,485
ENSG00000162552,200
ENSG00000162571,37
ENSG00000162572,307
ENSG00000162576,1289
ENSG00000162585,3431
ENSG00000162591,2734
ENSG00000162592,1
ENSG00000162594,1
ENSG00000162595,21
ENSG00000162598,0
ENSG00000162599,1459
ENSG00000162600,616
ENSG00000162601,762
ENSG00000162604,933
ENSG00000162607,1550
ENSG00000162613,5949
ENSG00000162614,152
ENSG00000162616,708
ENSG00000162618,1236
ENSG00000162620,118
ENSG00000162621,1
ENSG00000162623,1248
ENSG00000162624,0
ENSG00000162627,526
ENSG00000162630,8
ENSG00000162631,1
ENSG00000162636,3914
ENSG00000162639,91
ENSG00000162641,4
ENSG00000162642,594
ENSG00000162643,51
ENSG00000162645,823
ENSG00000162650,303
ENSG00000162654,746
ENSG00000162664,1425
ENSG00000162669,4
ENSG00000162670,0
ENSG00000162676,10
ENSG00000162685,0
ENSG00000162687,3
ENSG00000162688,1641
ENSG00000162692,412
ENSG00000162694,313
ENSG00000162695,1190
ENSG00000162699,0
ENSG00000162702,1438
ENSG00000162704,6540
ENSG00000162706,6
ENSG00000162711,234
ENSG00000162714,1860
ENSG00000162722,155
ENSG00000162723,14
ENSG00000162727,0
ENSG00000162728,2
ENSG00000162729,7857
ENSG00000162733,547
ENSG00000162734,9263
ENSG00000162735,4831
ENSG00000162736,9527
ENSG00000162738,1805
ENSG00000162739,35
ENSG00000162745,1750
ENSG00000162746,400
ENSG00000162747,4
ENSG00000162753,0
ENSG00000162755,844
ENSG00000162757,291
ENSG00000162761,0
ENSG00000162763,0
ENSG00000162769,1049
ENSG00000162771,0
ENSG00000162772,178
ENSG00000162775,359
ENSG00000162777,3708
ENSG00000162779,7
ENSG00000162782,46
ENSG00000162783,1547
ENSG00000162804,705
ENSG00000162813,1759
ENSG00000162814,234
ENSG00000162817,27078
ENSG00000162819,1972
ENSG00000162825,160
ENSG00000162836,890
ENSG00000162840,8
ENSG00000162843,1
ENSG00000162849,627
ENSG00000162851,1170
ENSG00000162852,1932
ENSG00000162869,970
ENSG00000162873,154
ENSG00000162877,8
ENSG00000162878,2642
ENSG00000162881,37
ENSG00000162882,164
ENSG00000162885,183
ENSG00000162888,7
ENSG00000162889,26994
ENSG00000162891,5
ENSG00000162892,57
ENSG00000162894,355
ENSG00000162896,63
ENSG00000162897,8
ENSG00000162909,6879
ENSG00000162910,2150
ENSG00000162913,13
ENSG00000162923,5266
ENSG00000162924,209
ENSG00000162927,193
ENSG00000162928,878
ENSG00000162929,498
ENSG00000162931,34
ENSG00000162944,115
ENSG00000162946,223
ENSG00000162947,1
ENSG00000162949,434
ENSG00000162951,0
ENSG00000162959,80
ENSG00000162961,1329
ENSG00000162971,275
ENSG00000162972,751
ENSG00000162975,28
ENSG00000162976,834
ENSG00000162980,1123
ENSG00000162981,347
ENSG00000162989,2884
ENSG00000162992,0
ENSG00000162994,150
ENSG00000162997,41
ENSG00000162998,428
ENSG00000162999,117
ENSG00000163001,2459
ENSG00000163002,381
ENSG00000163006,106
ENSG00000163009,6
ENSG00000163012,0
ENSG00000163013,1369
ENSG00000163016,21
ENSG00000163017,647
ENSG00000163026,556
ENSG00000163029,740
ENSG00000163032,6
ENSG00000163040,1078
ENSG00000163041,1474
ENSG00000163046,0
ENSG00000163050,2912
ENSG00000163053,625
ENSG00000163060,28
ENSG00000163064,64
ENSG00000163069,2469
ENSG00000163071,1650
ENSG00000163072,1870
ENSG00000163075,361
ENSG00000163081,1
ENSG00000163082,305
ENSG00000163083,2533
ENSG00000163092,0
ENSG00000163093,362
ENSG00000163098,0
ENSG00000163104,1137
ENSG00000163106,212
ENSG00000163110,12882
ENSG00000163114,0
ENSG00000163116,9
ENSG00000163121,22
ENSG00000163125,3703
ENSG00000163126,76
ENSG00000163131,2563
ENSG00000163132,217
ENSG00000163138,484
ENSG00000163141,563
ENSG00000163145,16
ENSG00000163154,336
ENSG00000163155,858
ENSG00000163156,1494
ENSG00000163157,0
ENSG00000163159,2575
ENSG00000163161,3536
ENSG00000163162,1288
ENSG00000163166,2131
ENSG00000163170,658
ENSG00000163171,1296
ENSG00000163191,8089
ENSG00000163202,0
ENSG00000163206,0
ENSG00000163207,1
ENSG00000163209,0
ENSG00000163214,918
ENSG00000163216,0
ENSG00000163217,0
ENSG00000163218,0
ENSG00000163219,431
ENSG00000163220,266
ENSG00000163221,3
ENSG00000163235,286
ENSG00000163239,29
ENSG00000163249,447
ENSG00000163251,145
ENSG00000163254,0
ENSG00000163257,1446
ENSG00000163263,8
ENSG00000163273,14
ENSG00000163281,760
ENSG00000163283,0
ENSG00000163285,0
ENSG00000163286,0
ENSG00000163288,11
ENSG00000163291,245
ENSG00000163293,72
ENSG00000163295,0
ENSG00000163297,522
ENSG00000163312,415
ENSG00000163319,464
ENSG00000163320,4385
ENSG00000163322,233
ENSG00000163328,196
ENSG00000163331,0
ENSG00000163344,5538
ENSG00000163346,3965
ENSG00000163347,205
ENSG00000163348,6656
ENSG00000163349,2886
ENSG00000163352,2
ENSG00000163354,65
ENSG00000163357,33
ENSG00000163359,9561
ENSG00000163362,8
ENSG00000163364,9607
ENSG00000163374,4011
ENSG00000163376,68
ENSG00000163377,0
ENSG00000163378,861
ENSG00000163380,4
ENSG00000163382,8966
ENSG00000163389,922
ENSG00000163393,1101
ENSG00000163394,1
ENSG00000163395,1
ENSG00000163399,21063
ENSG00000163406,44
ENSG00000163412,2004
ENSG00000163421,1
ENSG00000163424,0
ENSG00000163428,2490
ENSG00000163430,5268
ENSG00000163431,560
ENSG00000163435,2467
ENSG00000163440,0
ENSG00000163444,1693
ENSG00000163449,34
ENSG00000163453,19559
ENSG00000163462,15
ENSG00000163463,674
ENSG00000163464,0
ENSG00000163466,7395
ENSG00000163467,49
ENSG00000163468,28079
ENSG00000163472,365
ENSG00000163479,13041
ENSG00000163481,1311
ENSG00000163482,2462
ENSG00000163485,423
ENSG00000163491,105
ENSG00000163492,16
ENSG00000163497,3
ENSG00000163499,17
ENSG00000163501,0
ENSG00000163507,144
ENSG00000163508,26
ENSG00000163510,931
ENSG00000163512,1459
ENSG00000163513,1648
ENSG00000163515,0
ENSG00000163516,1974
ENSG00000163517,3180
ENSG00000163518,0
ENSG00000163519,3
ENSG00000163520,1220
ENSG00000163521,614
ENSG00000163527,6071
ENSG00000163528,1068
ENSG00000163530,0
ENSG00000163531,627
ENSG00000163534,1
ENSG00000163535,105
ENSG00000163536,2514
ENSG00000163539,3885
ENSG00000163541,3339
ENSG00000163545,1523
ENSG00000163554,26
ENSG00000163558,1232
ENSG00000163563,352
ENSG00000163564,10
ENSG00000163565,1484
ENSG00000163568,73
ENSG00000163576,24
ENSG00000163577,204
ENSG00000163581,0
ENSG00000163584,1278
ENSG00000163586,0
ENSG00000163590,411
ENSG00000163596,979
ENSG00000163597,1012
ENSG00000163599,16
ENSG00000163600,14
ENSG00000163602,3522
ENSG00000163605,2276
ENSG00000163606,18
ENSG00000163607,223
ENSG00000163608,1691
ENSG00000163611,799
ENSG00000163612,7
ENSG00000163617,699
ENSG00000163618,20
ENSG00000163623,3
ENSG00000163624,1768
ENSG00000163625,2699
ENSG00000163626,912
ENSG00000163629,1145
ENSG00000163630,0
ENSG00000163631,25
ENSG00000163632,9
ENSG00000163633,119
ENSG00000163634,2620
ENSG00000163635,906
ENSG00000163636,3502
ENSG00000163637,1264
ENSG00000163638,508
ENSG00000163644,4787
ENSG00000163645,7
ENSG00000163646,6
ENSG00000163655,3477
ENSG00000163659,1246
ENSG00000163660,2740
ENSG00000163661,13
ENSG00000163666,37
ENSG00000163673,66
ENSG00000163681,2077
ENSG00000163682,20715
ENSG00000163683,7597
ENSG00000163684,1137
ENSG00000163686,755
ENSG00000163687,20
ENSG00000163689,197
ENSG00000163694,2389
ENSG00000163697,2200
ENSG00000163701,3155
ENSG00000163702,4358
ENSG00000163703,5861
ENSG00000163704,1304
ENSG00000163705,0
ENSG00000163710,43
ENSG00000163714,3803
ENSG00000163719,2044
ENSG00000163728,2143
ENSG00000163734,12
ENSG00000163735,2
ENSG00000163736,60
ENSG00000163737,12
ENSG00000163738,368
ENSG00000163739,16
ENSG00000163743,850
ENSG00000163746,5
ENSG00000163749,215
ENSG00000163751,320
ENSG00000163754,2998
ENSG00000163755,1618
ENSG00000163762,648
ENSG00000163781,2057
ENSG00000163785,2894
ENSG00000163788,1889
ENSG00000163792,4
ENSG00000163793,0
ENSG00000163794,109
ENSG00000163795,844
ENSG00000163798,1401
ENSG00000163803,446
ENSG00000163806,11
ENSG00000163807,1394
ENSG00000163808,146
ENSG00000163810,0
ENSG00000163811,1333
ENSG00000163812,1793
ENSG00000163814,2129
ENSG00000163815,800
ENSG00000163817,1
ENSG00000163818,1957
ENSG00000163820,2694
ENSG00000163823,364
ENSG00000163825,0
ENSG00000163827,14
ENSG00000163832,1981
ENSG00000163833,0
ENSG00000163840,6863
ENSG00000163848,1992
ENSG00000163864,566
ENSG00000163866,1516
ENSG00000163867,614
ENSG00000163870,2700
ENSG00000163872,1546
ENSG00000163873,3544
ENSG00000163874,606
ENSG00000163875,5435
ENSG00000163877,1012
ENSG00000163879,4909
ENSG00000163882,3447
ENSG00000163884,163
ENSG00000163885,11
ENSG00000163888,6
ENSG00000163898,627
ENSG00000163900,1250
ENSG00000163902,15828
ENSG00000163904,2087
ENSG00000163909,1251
ENSG00000163913,4200
ENSG00000163914,2
ENSG00000163915,0
ENSG00000163918,751
ENSG00000163923,373
ENSG00000163930,6724
ENSG00000163931,11736
ENSG00000163932,10409
ENSG00000163933,1246
ENSG00000163935,942
ENSG00000163938,6339
ENSG00000163939,1967
ENSG00000163945,581
ENSG00000163946,3514
ENSG00000163947,1254
ENSG00000163950,2109
ENSG00000163956,8327
ENSG00000163958,3
ENSG00000163959,185
ENSG00000163960,1959
ENSG00000163961,702
ENSG00000163964,1492
ENSG00000163975,325
ENSG00000163982,0
ENSG00000163993,3318
ENSG00000163995,327
ENSG00000164002,330
ENSG00000164007,1
ENSG00000164008,393
ENSG00000164010,650
ENSG00000164011,668
ENSG00000164022,3151
ENSG00000164023,69
ENSG00000164024,1204
ENSG00000164031,850
ENSG00000164032,4809
ENSG00000164035,738
ENSG00000164037,33
ENSG00000164038,485
ENSG00000164039,325
ENSG00000164040,6955
ENSG00000164045,207
ENSG00000164047,1
ENSG00000164048,457
ENSG00000164049,4
ENSG00000164050,5264
ENSG00000164051,1349
ENSG00000164053,8
ENSG00000164054,17493
ENSG00000164056,468
ENSG00000164061,248
ENSG00000164062,8757
ENSG00000164066,949
ENSG00000164068,2059
ENSG00000164070,1006
ENSG00000164073,539
ENSG00000164074,506
ENSG00000164076,1
ENSG00000164077,1172
ENSG00000164078,2151
ENSG00000164080,1331
ENSG00000164081,5101
ENSG00000164082,20
ENSG00000164086,1327
ENSG00000164087,264
ENSG00000164088,2509
ENSG00000164089,0
ENSG00000164091,5493
ENSG00000164093,7
ENSG00000164096,4189
ENSG00000164099,3
ENSG00000164100,5
ENSG00000164104,1723
ENSG00000164105,441
ENSG00000164106,4
ENSG00000164107,6
ENSG00000164109,427
ENSG00000164111,15399
ENSG00000164112,12
ENSG00000164113,0
ENSG00000164114,957
ENSG00000164116,520
ENSG00000164117,1083
ENSG00000164118,492
ENSG00000164120,0
ENSG00000164122,1
ENSG00000164123,1
ENSG00000164124,4112
ENSG00000164125,30548
ENSG00000164128,249
ENSG00000164129,1
ENSG00000164134,2002
ENSG00000164136,203
ENSG00000164142,43
ENSG00000164144,1629
ENSG00000164151,3447
ENSG00000164161,0
ENSG00000164162,351
ENSG00000164163,2757
ENSG00000164164,1106
ENSG00000164167,424
ENSG00000164168,1122
ENSG00000164169,333
ENSG00000164171,1330
ENSG00000164172,1726
ENSG00000164175,3
ENSG00000164176,397
ENSG00000164180,495
ENSG00000164181,209
ENSG00000164182,634
ENSG00000164185,17
ENSG00000164187,1920
ENSG00000164188,1015
ENSG00000164190,5548
ENSG00000164197,74
ENSG00000164199,881
ENSG00000164209,1728
ENSG00000164211,176
ENSG00000164219,999
ENSG00000164220,38
ENSG00000164221,520
ENSG00000164236,95
ENSG00000164237,5109
ENSG00000164241,550
ENSG00000164244,3322
ENSG00000164251,655
ENSG00000164252,1976
ENSG00000164253,1266
ENSG00000164256,0
ENSG00000164258,1315
ENSG00000164265,2
ENSG00000164266,0
ENSG00000164270,0
ENSG00000164283,2170
ENSG00000164284,749
ENSG00000164287,0
ENSG00000164291,59
ENSG00000164292,610
ENSG00000164294,597
ENSG00000164296,557
ENSG00000164299,0
ENSG00000164300,472
ENSG00000164303,10
ENSG00000164304,4
ENSG00000164305,988
ENSG00000164306,532
ENSG00000164307,1966
ENSG00000164308,182
ENSG00000164309,285
ENSG00000164318,999
ENSG00000164323,1804
ENSG00000164325,0
ENSG00000164326,0
ENSG00000164327,2144
ENSG00000164329,1278
ENSG00000164330,291
ENSG00000164331,632
ENSG00000164332,1071
ENSG00000164334,5
ENSG00000164338,559
ENSG00000164342,271
ENSG00000164344,93
ENSG00000164346,3246
ENSG00000164347,1985
ENSG00000164362,6
ENSG00000164363,0
ENSG00000164366,2942
ENSG00000164379,5
ENSG00000164385,14
ENSG00000164393,2
ENSG00000164398,193
ENSG00000164399,0
ENSG00000164400,0
ENSG00000164402,2878
ENSG00000164403,834
ENSG00000164404,22
ENSG00000164405,5255
ENSG00000164406,61
ENSG00000164411,0
ENSG00000164414,1179
ENSG00000164418,36
ENSG00000164430,729
ENSG00000164434,2
ENSG00000164438,0
ENSG00000164440,477
ENSG00000164442,2457
ENSG00000164451,2
ENSG00000164458,0
ENSG00000164463,969
ENSG00000164465,566
ENSG00000164466,2298
ENSG00000164483,6
ENSG00000164484,70
ENSG00000164485,0
ENSG00000164488,0
ENSG00000164494,777
ENSG00000164500,0
ENSG00000164506,661
ENSG00000164508,0
ENSG00000164509,1
ENSG00000164512,2
ENSG00000164520,2
ENSG00000164530,7
ENSG00000164532,0
ENSG00000164535,902
ENSG00000164542,753
ENSG00000164543,707
ENSG00000164548,4162
ENSG00000164556,0
ENSG00000164574,3035
ENSG00000164576,2347
ENSG00000164587,21952
ENSG00000164588,53
ENSG00000164591,380
ENSG00000164597,1701
ENSG00000164600,0
ENSG00000164603,366
ENSG00000164604,55
ENSG00000164609,3120
ENSG00000164610,456
ENSG00000164611,245
ENSG00000164615,2651
ENSG00000164616,0
ENSG00000164619,4
ENSG00000164620,312
ENSG00000164621,2
ENSG00000164626,187
ENSG00000164627,459
ENSG00000164631,1619
ENSG00000164638,59
ENSG00000164645,0
ENSG00000164647,69
ENSG00000164649,1391
ENSG00000164651,0
ENSG00000164654,1528
ENSG00000164659,865
ENSG00000164663,259
ENSG00000164669,37
ENSG00000164674,259
ENSG00000164675,1
ENSG00000164683,479
ENSG00000164684,1697
ENSG00000164687,572
ENSG00000164690,1
ENSG00000164691,185
ENSG00000164692,42588
ENSG00000164694,176
ENSG00000164695,2354
ENSG00000164707,55
ENSG00000164708,0
ENSG00000164713,3469
ENSG00000164715,2848
ENSG00000164729,1
ENSG00000164733,43219
ENSG00000164736,347
ENSG00000164740,0
ENSG00000164741,2191
ENSG00000164742,3204
ENSG00000164743,315
ENSG00000164744,4
ENSG00000164746,4
ENSG00000164749,2
ENSG00000164751,2599
ENSG00000164754,20294
ENSG00000164756,106
ENSG00000164758,416
ENSG00000164761,58
ENSG00000164764,61
ENSG00000164776,51
ENSG00000164778,0
ENSG00000164794,0
ENSG00000164796,994
ENSG00000164808,3274
ENSG00000164815,1494
ENSG00000164816,0
ENSG00000164818,2069
ENSG00000164821,0
ENSG00000164822,0
ENSG00000164823,834
ENSG00000164825,1
ENSG00000164828,5741
ENSG00000164830,1118
ENSG00000164841,2
ENSG00000164845,219
ENSG00000164849,14
ENSG00000164850,292
ENSG00000164853,0
ENSG00000164855,3655
ENSG00000164867,1328
ENSG00000164871,0
ENSG00000164877,2377
ENSG00000164879,8
ENSG00000164880,9470
ENSG00000164885,1784
ENSG00000164889,3898
ENSG00000164893,2
ENSG00000164896,4782
ENSG00000164897,2579
ENSG00000164898,473
ENSG00000164900,1
ENSG00000164902,2471
ENSG00000164904,1935
ENSG00000164916,3536
ENSG00000164919,79988
ENSG00000164920,29
ENSG00000164924,26110
ENSG00000164929,76
ENSG00000164930,1934
ENSG00000164932,714
ENSG00000164933,956
ENSG00000164934,1773
ENSG00000164935,16
ENSG00000164938,2699
ENSG00000164941,2068
ENSG00000164944,4820
ENSG00000164946,24
ENSG00000164949,187
ENSG00000164951,359
ENSG00000164953,349
ENSG00000164961,2175
ENSG00000164967,1845
ENSG00000164970,2997
ENSG00000164972,29
ENSG00000164975,1410
ENSG00000164976,408
ENSG00000164978,528
ENSG00000164983,726
ENSG00000164985,3382
ENSG00000164989,157
ENSG00000165006,3712
ENSG00000165023,9
ENSG00000165025,2350
ENSG00000165028,62
ENSG00000165029,893
ENSG00000165030,262
ENSG00000165046,487
ENSG00000165055,1414
ENSG00000165059,0
ENSG00000165060,784
ENSG00000165061,1
ENSG00000165066,5
ENSG00000165071,57
ENSG00000165072,94
ENSG00000165076,4
ENSG00000165078,1
ENSG00000165084,4
ENSG00000165091,7
ENSG00000165092,169
ENSG00000165097,655
ENSG00000165102,5120
ENSG00000165105,5030
ENSG00000165113,347
ENSG00000165115,260
ENSG00000165118,2047
ENSG00000165119,29405
ENSG00000165120,0
ENSG00000165121,390
ENSG00000165124,163
ENSG00000165125,2
ENSG00000165131,0
ENSG00000165138,87
ENSG00000165140,10791
ENSG00000165152,48
ENSG00000165156,2497
ENSG00000165164,62
ENSG00000165168,2288
ENSG00000165169,1869
ENSG00000165171,1209
ENSG00000165175,2469
ENSG00000165178,81
ENSG00000165181,3
ENSG00000165182,5
ENSG00000165185,549
ENSG00000165186,5
ENSG00000165188,3
ENSG00000165192,1
ENSG00000165194,809
ENSG00000165195,220
ENSG00000165197,10
ENSG00000165202,0
ENSG00000165204,0
ENSG00000165209,2620
ENSG00000165215,2549
ENSG00000165219,3392
ENSG00000165233,2119
ENSG00000165238,1214
ENSG00000165240,481
ENSG00000165244,140
ENSG00000165246,0
ENSG00000165259,191
ENSG00000165264,2176
ENSG00000165269,21
ENSG00000165271,6431
ENSG00000165272,11968
ENSG00000165275,992
ENSG00000165280,24544
ENSG00000165282,3247
ENSG00000165283,5476
ENSG00000165288,614
ENSG00000165300,1
ENSG00000165304,141
ENSG00000165309,0
ENSG00000165312,461
ENSG00000165322,1062
ENSG00000165323,6
ENSG00000165325,1
ENSG00000165338,283
ENSG00000165349,3
ENSG00000165355,844
ENSG00000165359,260
ENSG00000165370,0
ENSG00000165376,6
ENSG00000165379,11
ENSG00000165383,2
ENSG00000165389,2053
ENSG00000165392,819
ENSG00000165406,1156
ENSG00000165409,3
ENSG00000165410,1183
ENSG00000165416,3333
ENSG00000165417,997
ENSG00000165424,641
ENSG00000165434,217
ENSG00000165443,3
ENSG00000165449,227
ENSG00000165457,304
ENSG00000165458,18631
ENSG00000165462,0
ENSG00000165471,0
ENSG00000165474,84
ENSG00000165475,2674
ENSG00000165476,982
ENSG00000165478,2
ENSG00000165480,115
ENSG00000165487,2483
ENSG00000165490,30
ENSG00000165494,1770
ENSG00000165495,17
ENSG00000165496,0
ENSG00000165501,383
ENSG00000165502,6505
ENSG00000165506,442
ENSG00000165507,732
ENSG00000165509,8
ENSG00000165511,30
ENSG00000165512,524
ENSG00000165516,1688
ENSG00000165521,2
ENSG00000165525,1639
ENSG00000165526,628
ENSG00000165527,5365
ENSG00000165533,1667
ENSG00000165548,1719
ENSG00000165553,0
ENSG00000165555,22
ENSG00000165556,0
ENSG00000165566,0
ENSG00000165568,79
ENSG00000165572,1383
ENSG00000165583,0
ENSG00000165584,0
ENSG00000165588,3
ENSG00000165591,2376
ENSG00000165606,0
ENSG00000165609,2203
ENSG00000165617,208
ENSG00000165621,0
ENSG00000165623,1
ENSG00000165626,822
ENSG00000165629,9151
ENSG00000165630,391
ENSG00000165632,853
ENSG00000165633,385
ENSG00000165637,1965
ENSG00000165643,0
ENSG00000165644,2193
ENSG00000165646,4
ENSG00000165650,1366
ENSG00000165655,207
ENSG00000165660,615
ENSG00000165661,1259
ENSG00000165669,1093
ENSG00000165671,5032
ENSG00000165672,5148
ENSG00000165675,722
ENSG00000165678,6446
ENSG00000165682,1
ENSG00000165684,1506
ENSG00000165685,46
ENSG00000165688,3959
ENSG00000165689,2074
ENSG00000165694,3
ENSG00000165695,464
ENSG00000165698,731
ENSG00000165699,2024
ENSG00000165702,8
ENSG00000165704,2540
ENSG00000165714,495
ENSG00000165716,185
ENSG00000165724,1311
ENSG00000165730,103
ENSG00000165731,6990
ENSG00000165732,2052
ENSG00000165733,2018
ENSG00000165752,664
ENSG00000165757,1236
ENSG00000165762,0
ENSG00000165775,4023
ENSG00000165782,1668
ENSG00000165792,1508
ENSG00000165794,4
ENSG00000165795,3534
ENSG00000165799,2
ENSG00000165801,1984
ENSG00000165802,6147
ENSG00000165804,2448
ENSG00000165805,0
ENSG00000165806,1081
ENSG00000165807,405
ENSG00000165810,558
ENSG00000165813,627
ENSG00000165816,145
ENSG00000165819,2219
ENSG00000165821,3412
ENSG00000165828,3
ENSG00000165832,594
ENSG00000165837,15
ENSG00000165841,0
ENSG00000165861,864
ENSG00000165863,118
ENSG00000165868,284
ENSG00000165874,0
ENSG00000165879,511
ENSG00000165886,405
ENSG00000165887,4
ENSG00000165891,64
ENSG00000165895,130
ENSG00000165898,621
ENSG00000165899,124
ENSG00000165905,593
ENSG00000165912,2834
ENSG00000165914,1412
ENSG00000165915,3438
ENSG00000165916,4947
ENSG00000165917,16
ENSG00000165923,228
ENSG00000165929,1465
ENSG00000165934,2518
ENSG00000165935,3
ENSG00000165943,4355
ENSG00000165948,647
ENSG00000165949,39876
ENSG00000165953,40
ENSG00000165959,2299
ENSG00000165966,1
ENSG00000165970,0
ENSG00000165972,2
ENSG00000165973,1
ENSG00000165983,988
ENSG00000165985,85
ENSG00000165995,1516
ENSG00000165996,35
ENSG00000165997,526
ENSG00000166002,400
ENSG00000166004,422
ENSG00000166006,35
ENSG00000166007,0
ENSG00000166012,1105
ENSG00000166013,0
ENSG00000166016,68
ENSG00000166024,528
ENSG00000166025,556
ENSG00000166033,7087
ENSG00000166035,10
ENSG00000166037,915
ENSG00000166046,217
ENSG00000166049,0
ENSG00000166068,1404
ENSG00000166069,0
ENSG00000166073,440
ENSG00000166086,871
ENSG00000166090,2
ENSG00000166091,1
ENSG00000166104,0
ENSG00000166105,1
ENSG00000166106,98
ENSG00000166111,0
ENSG00000166118,0
ENSG00000166123,2881
ENSG00000166126,18
ENSG00000166128,727
ENSG00000166130,654
ENSG00000166133,1191
ENSG00000166135,2346
ENSG00000166136,1055
ENSG00000166140,2704
ENSG00000166143,21
ENSG00000166145,20921
ENSG00000166147,1920
ENSG00000166148,202
ENSG00000166152,1
ENSG00000166153,16
ENSG00000166159,9
ENSG00000166160,0
ENSG00000166164,3685
ENSG00000166165,63
ENSG00000166166,1037
ENSG00000166167,1111
ENSG00000166169,1117
ENSG00000166170,2511
ENSG00000166171,720
ENSG00000166173,1734
ENSG00000166181,4664
ENSG00000166183,0
ENSG00000166188,839
ENSG00000166189,1111
ENSG00000166192,230
ENSG00000166197,3127
ENSG00000166199,1492
ENSG00000166200,5620
ENSG00000166206,2
ENSG00000166211,1
ENSG00000166220,2
ENSG00000166224,2173
ENSG00000166225,933
ENSG00000166226,7543
ENSG00000166228,2442
ENSG00000166233,6239
ENSG00000166246,691
ENSG00000166250,256
ENSG00000166257,112
ENSG00000166260,1125
ENSG00000166261,474
ENSG00000166262,313
ENSG00000166263,595
ENSG00000166265,957
ENSG00000166266,1118
ENSG00000166268,0
ENSG00000166272,2807
ENSG00000166275,1015
ENSG00000166278,721
ENSG00000166289,680
ENSG00000166292,4
ENSG00000166295,4522
ENSG00000166311,4901
ENSG00000166313,3113
ENSG00000166317,4
ENSG00000166321,55
ENSG00000166323,33
ENSG00000166326,6723
ENSG00000166329,2
ENSG00000166333,472
ENSG00000166337,3283
ENSG00000166340,10793
ENSG00000166341,902
ENSG00000166342,12
ENSG00000166343,66
ENSG00000166347,3857
ENSG00000166348,666
ENSG00000166349,21
ENSG00000166351,0
ENSG00000166352,382
ENSG00000166359,45
ENSG00000166363,0
ENSG00000166368,0
ENSG00000166377,642
ENSG00000166387,874
ENSG00000166391,14
ENSG00000166394,294
ENSG00000166396,0
ENSG00000166398,1088
ENSG00000166401,233
ENSG00000166402,2681
ENSG00000166405,435
ENSG00000166407,163
ENSG00000166408,0
ENSG00000166411,2217
ENSG00000166415,465
ENSG00000166426,0
ENSG00000166428,542
ENSG00000166432,588
ENSG00000166435,102
ENSG00000166436,1294
ENSG00000166439,393
ENSG00000166441,29855
ENSG00000166444,2150
ENSG00000166446,3107
ENSG00000166448,16
ENSG00000166450,295
ENSG00000166451,160
ENSG00000166452,1411
ENSG00000166454,3814
ENSG00000166455,251
ENSG00000166471,1598
ENSG00000166473,202
ENSG00000166477,5849
ENSG00000166478,730
ENSG00000166479,1271
ENSG00000166482,122
ENSG00000166483,1384
ENSG00000166484,960
ENSG00000166492,7
ENSG00000166501,99
ENSG00000166503,9251
ENSG00000166507,87
ENSG00000166508,3896
ENSG00000166509,1
ENSG00000166510,3
ENSG00000166523,34
ENSG00000166526,3369
ENSG00000166527,0
ENSG00000166529,382
ENSG00000166530,0
ENSG00000166532,824
ENSG00000166535,5
ENSG00000166546,42
ENSG00000166548,3552
ENSG00000166557,12784
ENSG00000166558,24
ENSG00000166562,2804
ENSG00000166569,0
ENSG00000166573,2
ENSG00000166575,536
ENSG00000166578,188
ENSG00000166579,2285
ENSG00000166582,2159
ENSG00000166589,0
ENSG00000166592,31
ENSG00000166595,2630
ENSG00000166596,18
ENSG00000166598,38879
ENSG00000166603,0
ENSG00000166619,3992
ENSG00000166634,0
ENSG00000166664,31
ENSG00000166669,1512
ENSG00000166670,17
ENSG00000166676,24
ENSG00000166681,8257
ENSG00000166682,9
ENSG00000166685,3503
ENSG00000166689,1031
ENSG00000166693,0
ENSG00000166704,911
ENSG00000166707,11
ENSG00000166710,152179
ENSG00000166716,5070
ENSG00000166734,10056
ENSG00000166736,0
ENSG00000166741,1044
ENSG00000166743,122
ENSG00000166747,8137
ENSG00000166748,0
ENSG00000166750,1234
ENSG00000166762,342
ENSG00000166763,105
ENSG00000166770,386
ENSG00000166780,264
ENSG00000166783,3187
ENSG00000166787,0
ENSG00000166788,594
ENSG00000166793,31
ENSG00000166794,15303
ENSG00000166796,8
ENSG00000166797,3121
ENSG00000166800,4
ENSG00000166801,1588
ENSG00000166803,257
ENSG00000166813,322
ENSG00000166816,513
ENSG00000166819,59
ENSG00000166821,767
ENSG00000166822,916
ENSG00000166823,110
ENSG00000166825,544
ENSG00000166828,1150
ENSG00000166831,147
ENSG00000166833,11406
ENSG00000166839,86
ENSG00000166840,545
ENSG00000166845,145
ENSG00000166847,4144
ENSG00000166848,13334
ENSG00000166851,243
ENSG00000166855,3483
ENSG00000166856,3
ENSG00000166860,536
ENSG00000166862,0
ENSG00000166863,1
ENSG00000166866,4
ENSG00000166869,0
ENSG00000166881,669
ENSG00000166884,0
ENSG00000166886,739
ENSG00000166887,9033
ENSG00000166888,7338
ENSG00000166889,864
ENSG00000166896,244
ENSG00000166897,0
ENSG00000166900,1813
ENSG00000166902,1294
ENSG00000166908,4366
ENSG00000166912,1753
ENSG00000166913,20828
ENSG00000166917,2
ENSG00000166920,47
ENSG00000166922,562
ENSG00000166923,133
ENSG00000166924,39
ENSG00000166925,5390
ENSG00000166926,0
ENSG00000166927,712
ENSG00000166928,111
ENSG00000166930,0
ENSG00000166938,6702
ENSG00000166946,5331
ENSG00000166947,25
ENSG00000166948,0
ENSG00000166949,4012
ENSG00000166959,4
ENSG00000166960,11
ENSG00000166961,0
ENSG00000166963,1709
ENSG00000166965,1534
ENSG00000166971,992
ENSG00000166974,4519
ENSG00000166979,259
ENSG00000166984,1
ENSG00000166986,4118
ENSG00000166987,5292
ENSG00000166997,1265
ENSG00000167004,71129
ENSG00000167005,4096
ENSG00000167011,0
ENSG00000167014,0
ENSG00000167034,1178
ENSG00000167037,147
ENSG00000167046,0
ENSG00000167065,124
ENSG00000167074,847
ENSG00000167077,13
ENSG00000167080,7
ENSG00000167081,537
ENSG00000167083,96
ENSG00000167085,4708
ENSG00000167088,2084
ENSG00000167094,192
ENSG00000167098,0
ENSG00000167100,192
ENSG00000167103,314
ENSG00000167104,76
ENSG00000167105,8
ENSG00000167106,29240
ENSG00000167107,986
ENSG00000167110,9306
ENSG00000167112,3764
ENSG00000167113,4185
ENSG00000167114,3059
ENSG00000167117,6
ENSG00000167118,3512
ENSG00000167123,3484
ENSG00000167130,1454
ENSG00000167131,3
ENSG00000167136,407
ENSG00000167139,2
ENSG00000167157,119
ENSG00000167165,0
ENSG00000167173,2720
ENSG00000167178,45
ENSG00000167182,1518
ENSG00000167183,1430
ENSG00000167186,1290
ENSG00000167191,600
ENSG00000167193,3386
ENSG00000167194,1
ENSG00000167195,0
ENSG00000167196,2050
ENSG00000167202,1722
ENSG00000167207,147
ENSG00000167208,183
ENSG00000167210,31
ENSG00000167216,198
ENSG00000167220,601
ENSG00000167232,1722
ENSG00000167244,711
ENSG00000167257,493
ENSG00000167258,2683
ENSG00000167261,134
ENSG00000167264,775
ENSG00000167272,1101
ENSG00000167280,1895
ENSG00000167281,2
ENSG00000167283,5862
ENSG00000167286,46
ENSG00000167291,5401
ENSG00000167302,570
ENSG00000167306,710
ENSG00000167311,0
ENSG00000167315,1092
ENSG00000167323,8527
ENSG00000167325,3324
ENSG00000167332,274
ENSG00000167333,454
ENSG00000167346,0
ENSG00000167355,0
ENSG00000167359,0
ENSG00000167360,0
ENSG00000167363,2661
ENSG00000167371,65
ENSG00000167377,58
ENSG00000167378,914
ENSG00000167380,993
ENSG00000167384,525
ENSG00000167390,0
ENSG00000167393,621
ENSG00000167394,248
ENSG00000167395,1705
ENSG00000167397,1884
ENSG00000167414,1
ENSG00000167419,25
ENSG00000167434,3
ENSG00000167447,1006
ENSG00000167459,0
ENSG00000167460,11520
ENSG00000167461,2561
ENSG00000167468,13631
ENSG00000167470,5973
ENSG00000167476,15
ENSG00000167483,18
ENSG00000167487,704
ENSG00000167491,4361
ENSG00000167494,0
ENSG00000167508,1549
ENSG00000167513,374
ENSG00000167515,2758
ENSG00000167522,4302
ENSG00000167523,593
ENSG00000167524,244
ENSG00000167525,105
ENSG00000167526,54702
ENSG00000167528,1212
ENSG00000167531,52
ENSG00000167535,3040
ENSG00000167536,314
ENSG00000167543,1611
ENSG00000167548,5607
ENSG00000167549,3260
ENSG00000167550,21
ENSG00000167552,7984
ENSG00000167553,2130
ENSG00000167554,365
ENSG00000167555,643
ENSG00000167562,376
ENSG00000167565,3837
ENSG00000167566,2281
ENSG00000167578,905
ENSG00000167580,4
ENSG00000167588,16
ENSG00000167595,591
ENSG00000167600,297
ENSG00000167601,1424
ENSG00000167604,287
ENSG00000167608,7262
ENSG00000167612,0
ENSG00000167613,992
ENSG00000167614,10
ENSG00000167615,4756
ENSG00000167617,156
ENSG00000167618,0
ENSG00000167619,1065
ENSG00000167625,735
ENSG00000167632,5679
ENSG00000167633,0
ENSG00000167634,0
ENSG00000167635,3466
ENSG00000167637,318
ENSG00000167641,266
ENSG00000167642,23087
ENSG00000167644,561
ENSG00000167645,1095
ENSG00000167646,96
ENSG00000167653,6
ENSG00000167654,1
ENSG00000167656,0
ENSG00000167657,2954
ENSG00000167658,119466
ENSG00000167664,4
ENSG00000167670,853
ENSG00000167671,7813
ENSG00000167674,2967
ENSG00000167676,361
ENSG00000167680,2309
ENSG00000167685,2008
ENSG00000167693,379
ENSG00000167695,513
ENSG00000167699,3273
ENSG00000167700,2049
ENSG00000167701,96
ENSG00000167702,603
ENSG00000167703,3586
ENSG00000167705,417
ENSG00000167711,116
ENSG00000167716,2380
ENSG00000167720,733
ENSG00000167721,2908
ENSG00000167723,58
ENSG00000167733,128
ENSG00000167740,3825
ENSG00000167741,1
ENSG00000167747,1355
ENSG00000167748,1
ENSG00000167749,3
ENSG00000167751,0
ENSG00000167754,0
ENSG00000167755,0
ENSG00000167757,4
ENSG00000167759,0
ENSG00000167766,2138
ENSG00000167767,29
ENSG00000167768,5
ENSG00000167769,1
ENSG00000167770,4453
ENSG00000167771,492
ENSG00000167772,99
ENSG00000167774,1
ENSG00000167775,2329
ENSG00000167778,12986
ENSG00000167779,1100
ENSG00000167780,4
ENSG00000167785,677
ENSG00000167791,0
ENSG00000167792,3767
ENSG00000167797,2165
ENSG00000167798,1
ENSG00000167799,54
ENSG00000167800,0
ENSG00000167807,7
ENSG00000167815,14660
ENSG00000167822,0
ENSG00000167825,0
ENSG00000167840,575
ENSG00000167842,1086
ENSG00000167850,64
ENSG00000167851,480
ENSG00000167858,9
ENSG00000167861,22197
ENSG00000167862,1790
ENSG00000167863,5860
ENSG00000167874,184
ENSG00000167880,2525
ENSG00000167881,7713
ENSG00000167889,326
ENSG00000167895,553
ENSG00000167900,1229
ENSG00000167904,839
ENSG00000167910,2
ENSG00000167912,1
ENSG00000167914,60
ENSG00000167916,5
ENSG00000167920,1711
ENSG00000167925,6041
ENSG00000167930,4406
ENSG00000167941,0
ENSG00000167945,3
ENSG00000167962,2179
ENSG00000167964,497
ENSG00000167965,3844
ENSG00000167967,2460
ENSG00000167968,142
ENSG00000167969,2505
ENSG00000167971,365
ENSG00000167972,10278
ENSG00000167977,1858
ENSG00000167978,30410
ENSG00000167981,400
ENSG00000167984,178
ENSG00000167985,973
ENSG00000167986,15451
ENSG00000167987,3105
ENSG00000167992,30
ENSG00000167994,334
ENSG00000167995,59
ENSG00000167996,14036
ENSG00000168000,625
ENSG00000168002,2063
ENSG00000168003,7192
ENSG00000168004,918
ENSG00000168005,1054
ENSG00000168010,701
ENSG00000168014,668
ENSG00000168016,4301
ENSG00000168026,233
ENSG00000168028,28715
ENSG00000168032,33
ENSG00000168036,14978
ENSG00000168038,227
ENSG00000168040,1462
ENSG00000168056,17642
ENSG00000168060,74
ENSG00000168061,763
ENSG00000168062,302
ENSG00000168065,3
ENSG00000168066,11560
ENSG00000168067,1034
ENSG00000168070,21
ENSG00000168071,683
ENSG00000168077,1611
ENSG00000168078,152
ENSG00000168079,2
ENSG00000168081,5
ENSG00000168090,7305
ENSG00000168092,3492
ENSG00000168096,1102
ENSG00000168101,2958
ENSG00000168116,342
ENSG00000168118,1694
ENSG00000168122,0
ENSG00000168124,0
ENSG00000168126,3
ENSG00000168129,0
ENSG00000168131,0
ENSG00000168135,0
ENSG00000168137,5105
ENSG00000168140,504
ENSG00000168143,23
ENSG00000168148,0
ENSG00000168152,227
ENSG00000168158,2
ENSG00000168159,12247
ENSG00000168172,1222
ENSG00000168175,3670
ENSG00000168209,1425
ENSG00000168214,2395
ENSG00000168216,1926
ENSG00000168228,304
ENSG00000168229,6
ENSG00000168234,3264
ENSG00000168237,219
ENSG00000168243,458
ENSG00000168246,1528
ENSG00000168255,206
ENSG00000168256,2619
ENSG00000168259,4969
ENSG00000168260,1
ENSG00000168263,8
ENSG00000168264,7397
ENSG00000168267,0
ENSG00000168268,1571
ENSG00000168269,346
ENSG00000168273,728
ENSG00000168275,920
ENSG00000168280,394
ENSG00000168282,147
ENSG00000168283,2162
ENSG00000168286,1612
ENSG00000168288,3607
ENSG00000168291,4537
ENSG00000168297,975
ENSG00000168298,3
ENSG00000168300,1064
ENSG00000168301,908
ENSG00000168303,1315
ENSG00000168306,51
ENSG00000168309,36
ENSG00000168310,2145
ENSG00000168314,10
ENSG00000168329,1296
ENSG00000168333,0
ENSG00000168334,4
ENSG00000168348,1
ENSG00000168350,2571
ENSG00000168356,25
ENSG00000168367,0
ENSG00000168374,15444
ENSG00000168385,14392
ENSG00000168386,1176
ENSG00000168389,46
ENSG00000168393,806
ENSG00000168394,6058
ENSG00000168395,532
ENSG00000168397,2553
ENSG00000168398,803
ENSG00000168404,1028
ENSG00000168405,159
ENSG00000168411,1382
ENSG00000168412,0
ENSG00000168418,0
ENSG00000168421,413
ENSG00000168427,15
ENSG00000168434,3006
ENSG00000168438,1042
ENSG00000168439,10061
ENSG00000168447,85
ENSG00000168453,59
ENSG00000168454,3
ENSG00000168461,2795
ENSG00000168476,1863
ENSG00000168477,135
ENSG00000168481,19
ENSG00000168484,0
ENSG00000168487,1264
ENSG00000168488,7305
ENSG00000168490,213
ENSG00000168491,354
ENSG00000168495,1988
ENSG00000168496,1078
ENSG00000168497,60
ENSG00000168502,2424
ENSG00000168505,8
ENSG00000168509,1
ENSG00000168515,0
ENSG00000168517,380
ENSG00000168522,2596
ENSG00000168528,10136
ENSG00000168530,0
ENSG00000168538,2080
ENSG00000168539,2
ENSG00000168542,28905
ENSG00000168546,34
ENSG00000168556,845
ENSG00000168564,939
ENSG00000168566,674
ENSG00000168569,528
ENSG00000168575,3732
ENSG00000168582,0
ENSG00000168589,207
ENSG00000168591,2766
ENSG00000168594,0
ENSG00000168610,17149
ENSG00000168612,1317
ENSG00000168615,993
ENSG00000168619,0
ENSG00000168621,3
ENSG00000168630,0
ENSG00000168631,1
ENSG00000168634,4
ENSG00000168646,691
ENSG00000168653,5272
ENSG00000168658,24
ENSG00000168661,444
ENSG00000168671,5
ENSG00000168672,9271
ENSG00000168675,5807
ENSG00000168676,5
ENSG00000168679,58
ENSG00000168685,111
ENSG00000168701,2674
ENSG00000168702,112
ENSG00000168703,0
ENSG00000168710,8678
ENSG00000168724,2845
ENSG00000168734,2458
ENSG00000168743,1962
ENSG00000168746,0
ENSG00000168748,0
ENSG00000168754,12
ENSG00000168757,0
ENSG00000168758,2225
ENSG00000168763,2397
ENSG00000168765,1634
ENSG00000168769,771
ENSG00000168772,461
ENSG00000168778,1454
ENSG00000168779,83
ENSG00000168781,2110
ENSG00000168785,1404
ENSG00000168787,0
ENSG00000168792,882
ENSG00000168795,718
ENSG00000168802,6987
ENSG00000168803,782
ENSG00000168806,2102
ENSG00000168807,1827
ENSG00000168811,5
ENSG00000168813,1114
ENSG00000168818,1652
ENSG00000168824,4
ENSG00000168826,267
ENSG00000168827,2896
ENSG00000168828,19
ENSG00000168830,1
ENSG00000168843,0
ENSG00000168852,42
ENSG00000168872,2468
ENSG00000168874,177
ENSG00000168875,0
ENSG00000168876,595
ENSG00000168878,2
ENSG00000168883,2069
ENSG00000168884,2153
ENSG00000168887,1401
ENSG00000168890,1029
ENSG00000168894,3646
ENSG00000168899,1040
ENSG00000168903,0
ENSG00000168904,168
ENSG00000168906,7780
ENSG00000168907,517
ENSG00000168913,2431
ENSG00000168916,100
ENSG00000168917,110
ENSG00000168918,978
ENSG00000168924,4606
ENSG00000168925,0
ENSG00000168928,1
ENSG00000168930,0
ENSG00000168936,2927
ENSG00000168938,963
ENSG00000168939,67
ENSG00000168944,1121
ENSG00000168952,1
ENSG00000168955,0
ENSG00000168958,2819
ENSG00000168959,0
ENSG00000168961,2761
ENSG00000168967,0
ENSG00000168970,362
ENSG00000168992,14
ENSG00000168993,1374
ENSG00000168994,676
ENSG00000168995,75
ENSG00000169006,0
ENSG00000169016,415
ENSG00000169018,11325
ENSG00000169019,614
ENSG00000169020,3938
ENSG00000169021,2895
ENSG00000169026,1071
ENSG00000169031,8
ENSG00000169032,3536
ENSG00000169035,0
ENSG00000169040,0
ENSG00000169045,11194
ENSG00000169047,1802
ENSG00000169057,3580
ENSG00000169059,0
ENSG00000169062,1777
ENSG00000169064,9
ENSG00000169067,1
ENSG00000169071,884
ENSG00000169075,0
ENSG00000169083,527
ENSG00000169084,886
ENSG00000169085,66
ENSG00000169087,363
ENSG00000169093,2816
ENSG00000169100,26656
ENSG00000169105,3661
ENSG00000169116,515
ENSG00000169118,1573
ENSG00000169122,7259
ENSG00000169126,188
ENSG00000169129,786
ENSG00000169131,490
ENSG00000169136,1309
ENSG00000169139,1942
ENSG00000169154,0
ENSG00000169155,1038
ENSG00000169164,0
ENSG00000169169,784
ENSG00000169174,0
ENSG00000169180,5051
ENSG00000169181,38
ENSG00000169184,184
ENSG00000169188,2653
ENSG00000169189,3823
ENSG00000169193,748
ENSG00000169194,0
ENSG00000169203,8
ENSG00000169208,0
ENSG00000169213,1159
ENSG00000169214,0
ENSG00000169217,5455
ENSG00000169218,1
ENSG00000169220,1769
ENSG00000169221,4955
ENSG00000169223,5594
ENSG00000169224,1
ENSG00000169228,376
ENSG00000169230,1964
ENSG00000169231,1267
ENSG00000169239,264
ENSG00000169241,3438
ENSG00000169242,7231
ENSG00000169245,167
ENSG00000169246,40
ENSG00000169247,23
ENSG00000169248,14
ENSG00000169249,1427
ENSG00000169251,2431
ENSG00000169252,50
ENSG00000169253,2
ENSG00000169255,2427
ENSG00000169258,241
ENSG00000169271,1
ENSG00000169282,115
ENSG00000169288,441
ENSG00000169291,272
ENSG00000169297,0
ENSG00000169299,1032
ENSG00000169302,230
ENSG00000169306,1
ENSG00000169313,62
ENSG00000169314,1
ENSG00000169325,0
ENSG00000169327,0
ENSG00000169330,175
ENSG00000169340,0
ENSG00000169344,1
ENSG00000169347,0
ENSG00000169359,1113
ENSG00000169371,1083
ENSG00000169372,489
ENSG00000169375,6580
ENSG00000169379,486
ENSG00000169385,87
ENSG00000169393,0
ENSG00000169397,1
ENSG00000169398,5827
ENSG00000169402,2
ENSG00000169403,921
ENSG00000169410,4244
ENSG00000169413,808
ENSG00000169418,529
ENSG00000169427,7
ENSG00000169429,63
ENSG00000169432,4
ENSG00000169435,67
ENSG00000169436,246
ENSG00000169439,1284
ENSG00000169442,229
ENSG00000169446,931
ENSG00000169469,0
ENSG00000169474,0
ENSG00000169484,0
ENSG00000169488,0
ENSG00000169490,2863
ENSG00000169495,11
ENSG00000169499,1040
ENSG00000169504,1889
ENSG00000169507,35
ENSG00000169508,96
ENSG00000169509,0
ENSG00000169515,184
ENSG00000169519,491
ENSG00000169548,0
ENSG00000169550,0
ENSG00000169551,2
ENSG00000169554,1116
ENSG00000169562,1976
ENSG00000169564,9545
ENSG00000169567,4842
ENSG00000169570,186
ENSG00000169575,0
ENSG00000169583,39
ENSG00000169592,2942
ENSG00000169594,0
ENSG00000169598,339
ENSG00000169599,2319
ENSG00000169604,1987
ENSG00000169605,0
ENSG00000169607,98
ENSG00000169609,1312
ENSG00000169612,911
ENSG00000169618,1
ENSG00000169621,60
ENSG00000169627,34
ENSG00000169629,15
ENSG00000169635,196
ENSG00000169641,1411
ENSG00000169660,1662
ENSG00000169662,0
ENSG00000169668,20
ENSG00000169676,0
ENSG00000169679,193
ENSG00000169682,69
ENSG00000169683,1694
ENSG00000169684,52
ENSG00000169688,2
ENSG00000169689,3261
ENSG00000169692,1289
ENSG00000169696,1399
ENSG00000169704,7
ENSG00000169710,76105
ENSG00000169714,20276
ENSG00000169715,1964
ENSG00000169717,0
ENSG00000169718,7486
ENSG00000169727,6376
ENSG00000169733,2834
ENSG00000169738,9264
ENSG00000169740,2137
ENSG00000169744,1169
ENSG00000169750,988
ENSG00000169752,11
ENSG00000169756,1403
ENSG00000169758,84
ENSG00000169760,0
ENSG00000169762,2324
ENSG00000169763,0
ENSG00000169764,2837
ENSG00000169777,13
ENSG00000169783,1016
ENSG00000169789,0
ENSG00000169800,0
ENSG00000169807,0
ENSG00000169811,0
ENSG00000169813,7634
ENSG00000169814,1148
ENSG00000169826,462
ENSG00000169836,0
ENSG00000169840,0
ENSG00000169849,0
ENSG00000169851,54
ENSG00000169855,23931
ENSG00000169856,0
ENSG00000169857,588
ENSG00000169860,112
ENSG00000169862,1971
ENSG00000169871,4658
ENSG00000169876,0
ENSG00000169877,52
ENSG00000169884,9
ENSG00000169885,35
ENSG00000169891,3897
ENSG00000169894,19
ENSG00000169895,6246
ENSG00000169896,687
ENSG00000169900,1
ENSG00000169902,462
ENSG00000169903,0
ENSG00000169905,3200
ENSG00000169906,0
ENSG00000169908,2359
ENSG00000169914,305
ENSG00000169918,502
ENSG00000169919,3652
ENSG00000169925,2708
ENSG00000169926,5277
ENSG00000169933,1
ENSG00000169946,46
ENSG00000169951,1116
ENSG00000169953,0
ENSG00000169955,1559
ENSG00000169957,2795
ENSG00000169962,10
ENSG00000169964,1107
ENSG00000169967,2211
ENSG00000169972,494
ENSG00000169976,3931
ENSG00000169981,427
ENSG00000169989,70
ENSG00000169991,1570
ENSG00000169992,1300
ENSG00000169994,47
ENSG00000170004,24424
ENSG00000170006,153
ENSG00000170011,65
ENSG00000170017,8063
ENSG00000170027,13280
ENSG00000170035,519
ENSG00000170037,1676
ENSG00000170043,6601
ENSG00000170044,0
ENSG00000170049,60
ENSG00000170054,74
ENSG00000170074,45
ENSG00000170075,22
ENSG00000170085,904
ENSG00000170088,2349
ENSG00000170089,476
ENSG00000170091,7
ENSG00000170092,16
ENSG00000170099,2055
ENSG00000170100,639
ENSG00000170113,3345
ENSG00000170122,9
ENSG00000170128,0
ENSG00000170142,4102
ENSG00000170144,9970
ENSG00000170145,1848
ENSG00000170152,0
ENSG00000170153,316
ENSG00000170160,3
ENSG00000170161,59
ENSG00000170162,0
ENSG00000170165,0
ENSG00000170166,176
ENSG00000170175,660
ENSG00000170178,1
ENSG00000170180,9
ENSG00000170185,1432
ENSG00000170190,2370
ENSG00000170191,461
ENSG00000170209,16
ENSG00000170214,98
ENSG00000170222,286
ENSG00000170231,15
ENSG00000170234,685
ENSG00000170236,5
ENSG00000170242,4130
ENSG00000170248,7544
ENSG00000170255,0
ENSG00000170260,1078
ENSG00000170262,0
ENSG00000170264,118
ENSG00000170265,2797
ENSG00000170266,2411
ENSG00000170270,377
ENSG00000170271,215
ENSG00000170275,9529
ENSG00000170276,30
ENSG00000170279,0
ENSG00000170289,4
ENSG00000170290,11
ENSG00000170291,1862
ENSG00000170293,2212
ENSG00000170296,4687
ENSG00000170298,19
ENSG00000170310,1641
ENSG00000170312,247
ENSG00000170315,45098
ENSG00000170322,1027
ENSG00000170323,216
ENSG00000170324,6
ENSG00000170325,400
ENSG00000170340,1071
ENSG00000170345,754
ENSG00000170348,10642
ENSG00000170356,14
ENSG00000170364,1250
ENSG00000170365,656
ENSG00000170367,0
ENSG00000170369,8
ENSG00000170370,32
ENSG00000170373,161
ENSG00000170374,4
ENSG00000170379,96
ENSG00000170381,0
ENSG00000170382,1950
ENSG00000170385,710
ENSG00000170390,131
ENSG00000170396,6
ENSG00000170409,4
ENSG00000170412,4359
ENSG00000170417,151
ENSG00000170419,0
ENSG00000170421,33031
ENSG00000170423,2
ENSG00000170425,115
ENSG00000170426,2
ENSG00000170430,1893
ENSG00000170439,70
ENSG00000170442,4
ENSG00000170445,2567
ENSG00000170448,493
ENSG00000170454,0
ENSG00000170456,218
ENSG00000170458,9200
ENSG00000170464,278
ENSG00000170465,0
ENSG00000170468,914
ENSG00000170469,177
ENSG00000170471,5208
ENSG00000170473,2495
ENSG00000170476,8891
ENSG00000170477,1
ENSG00000170482,53
ENSG00000170484,0
ENSG00000170485,439
ENSG00000170486,0
ENSG00000170498,14
ENSG00000170500,1752
ENSG00000170502,1780
ENSG00000170509,2
ENSG00000170515,8143
ENSG00000170516,0
ENSG00000170522,1462
ENSG00000170523,0
ENSG00000170525,1732
ENSG00000170537,312
ENSG00000170540,8926
ENSG00000170542,462
ENSG00000170545,142
ENSG00000170549,26
ENSG00000170558,74
ENSG00000170561,49
ENSG00000170571,5668
ENSG00000170577,389
ENSG00000170579,173
ENSG00000170581,4413
ENSG00000170584,1088
ENSG00000170590,1
ENSG00000170604,2616
ENSG00000170605,0
ENSG00000170606,8296
ENSG00000170608,210
ENSG00000170613,0
ENSG00000170615,43
ENSG00000170619,1881
ENSG00000170624,56
ENSG00000170627,14
ENSG00000170629,328
ENSG00000170631,723
ENSG00000170632,2776
ENSG00000170633,2073
ENSG00000170634,595
ENSG00000170638,4193
ENSG00000170647,89
ENSG00000170653,2706
ENSG00000170667,6
ENSG00000170677,1295
ENSG00000170681,16
ENSG00000170683,0
ENSG00000170684,134
ENSG00000170688,0
ENSG00000170689,74
ENSG00000170703,4
ENSG00000170734,976
ENSG00000170743,162
ENSG00000170745,967
ENSG00000170748,0
ENSG00000170759,7106
ENSG00000170775,369
ENSG00000170776,9764
ENSG00000170777,0
ENSG00000170779,370
ENSG00000170782,0
ENSG00000170786,882
ENSG00000170788,7
ENSG00000170790,0
ENSG00000170791,1179
ENSG00000170801,1485
ENSG00000170802,263
ENSG00000170803,0
ENSG00000170807,2
ENSG00000170819,3
ENSG00000170820,1
ENSG00000170827,2
ENSG00000170832,2377
ENSG00000170835,49
ENSG00000170836,918
ENSG00000170837,857
ENSG00000170846,946
ENSG00000170848,1
ENSG00000170852,1858
ENSG00000170854,1340
ENSG00000170855,1250
ENSG00000170858,2
ENSG00000170860,2634
ENSG00000170871,2761
ENSG00000170873,8253
ENSG00000170876,3876
ENSG00000170881,2959
ENSG00000170889,26237
ENSG00000170890,0
ENSG00000170891,46
ENSG00000170892,2871
ENSG00000170893,55145
ENSG00000170899,1747
ENSG00000170903,538
ENSG00000170906,2102
ENSG00000170909,149
ENSG00000170915,276
ENSG00000170917,136
ENSG00000170919,351
ENSG00000170920,0
ENSG00000170921,913
ENSG00000170923,0
ENSG00000170925,0
ENSG00000170927,0
ENSG00000170929,0
ENSG00000170935,24
ENSG00000170946,525
ENSG00000170948,0
ENSG00000170949,986
ENSG00000170950,0
ENSG00000170953,0
ENSG00000170954,992
ENSG00000170955,1103
ENSG00000170956,1
ENSG00000170959,1373
ENSG00000170961,33
ENSG00000170962,1227
ENSG00000170965,131
ENSG00000170967,0
ENSG00000170983,0
ENSG00000170989,1025
ENSG00000171004,3
ENSG00000171014,0
ENSG00000171016,1245
ENSG00000171017,21
ENSG00000171033,16
ENSG00000171044,117
ENSG00000171045,280
ENSG00000171049,7
ENSG00000171051,136
ENSG00000171053,0
ENSG00000171054,0
ENSG00000171055,1132
ENSG00000171056,136
ENSG00000171060,0
ENSG00000171067,1604
ENSG00000171084,319
ENSG00000171094,9
ENSG00000171097,977
ENSG00000171100,503
ENSG00000171101,11
ENSG00000171102,23
ENSG00000171103,441
ENSG00000171105,3885
ENSG00000171109,1198
ENSG00000171115,873
ENSG00000171116,12
ENSG00000171119,7
ENSG00000171121,296
ENSG00000171124,4
ENSG00000171126,11
ENSG00000171130,4929
ENSG00000171132,1806
ENSG00000171133,1
ENSG00000171135,2476
ENSG00000171136,0
ENSG00000171148,10127
ENSG00000171150,1087
ENSG00000171155,1298
ENSG00000171159,1118
ENSG00000171160,338
ENSG00000171161,2552
ENSG00000171163,2054
ENSG00000171169,769
ENSG00000171174,532
ENSG00000171180,0
ENSG00000171189,74
ENSG00000171195,0
ENSG00000171199,1
ENSG00000171201,0
ENSG00000171202,427
ENSG00000171204,704
ENSG00000171206,5643
ENSG00000171208,1595
ENSG00000171209,11
ENSG00000171217,3
ENSG00000171219,1636
ENSG00000171222,5472
ENSG00000171223,3484
ENSG00000171224,353
ENSG00000171227,242
ENSG00000171234,0
ENSG00000171236,1666
ENSG00000171241,172
ENSG00000171243,5
ENSG00000171246,6
ENSG00000171262,2866
ENSG00000171291,554
ENSG00000171295,500
ENSG00000171298,4283
ENSG00000171302,29058
ENSG00000171303,936
ENSG00000171307,1832
ENSG00000171310,596
ENSG00000171311,863
ENSG00000171314,1243
ENSG00000171316,1569
ENSG00000171320,67
ENSG00000171345,75448
ENSG00000171346,12
ENSG00000171357,285
ENSG00000171360,0
ENSG00000171365,116
ENSG00000171368,1438
ENSG00000171385,920
ENSG00000171388,593
ENSG00000171396,0
ENSG00000171401,1
ENSG00000171402,0
ENSG00000171403,0
ENSG00000171405,0
ENSG00000171408,201
ENSG00000171421,1416
ENSG00000171425,866
ENSG00000171428,1336
ENSG00000171431,0
ENSG00000171433,209
ENSG00000171435,452
ENSG00000171443,592
ENSG00000171444,526
ENSG00000171446,0
ENSG00000171448,730
ENSG00000171450,0
ENSG00000171451,41
ENSG00000171453,1606
ENSG00000171456,4375
ENSG00000171459,0
ENSG00000171462,38
ENSG00000171466,1591
ENSG00000171467,2163
ENSG00000171469,1331
ENSG00000171475,3987
ENSG00000171476,153
ENSG00000171478,0
ENSG00000171481,0
ENSG00000171483,0
ENSG00000171484,0
ENSG00000171487,2
ENSG00000171488,506
ENSG00000171489,0
ENSG00000171490,11542
ENSG00000171492,940
ENSG00000171495,0
ENSG00000171496,1
ENSG00000171497,1681
ENSG00000171501,0
ENSG00000171502,124
ENSG00000171503,476
ENSG00000171505,2
ENSG00000171509,7
ENSG00000171517,0
ENSG00000171522,105
ENSG00000171530,5561
ENSG00000171532,3
ENSG00000171533,1920
ENSG00000171540,0
ENSG00000171551,14
ENSG00000171552,10856
ENSG00000171557,0
ENSG00000171560,0
ENSG00000171561,0
ENSG00000171564,0
ENSG00000171566,1737
ENSG00000171570,1
ENSG00000171574,423
ENSG00000171587,0
ENSG00000171595,0
ENSG00000171596,15
ENSG00000171603,28607
ENSG00000171604,5375
ENSG00000171606,736
ENSG00000171608,607
ENSG00000171611,24
ENSG00000171612,344
ENSG00000171617,1025
ENSG00000171621,309
ENSG00000171631,130
ENSG00000171634,4704
ENSG00000171643,3
ENSG00000171649,200
ENSG00000171657,48
ENSG00000171658,3
ENSG00000171659,294
ENSG00000171671,0
ENSG00000171680,529
ENSG00000171681,6218
ENSG00000171695,2
ENSG00000171700,1293
ENSG00000171703,3307
ENSG00000171711,0
ENSG00000171714,1252
ENSG00000171720,2981
ENSG00000171722,3
ENSG00000171723,642
ENSG00000171724,18
ENSG00000171729,374
ENSG00000171735,1015
ENSG00000171747,14
ENSG00000171757,83
ENSG00000171759,578
ENSG00000171763,742
ENSG00000171766,717
ENSG00000171772,0
ENSG00000171773,3
ENSG00000171777,146
ENSG00000171786,8
ENSG00000171790,13
ENSG00000171791,6190
ENSG00000171792,1419
ENSG00000171793,951
ENSG00000171794,1
ENSG00000171798,88
ENSG00000171804,6
ENSG00000171806,511
ENSG00000171811,7
ENSG00000171812,448
ENSG00000171813,1291
ENSG00000171815,0
ENSG00000171817,726
ENSG00000171819,0
ENSG00000171823,1081
ENSG00000171824,3189
ENSG00000171827,413
ENSG00000171840,97
ENSG00000171843,915
ENSG00000171847,20
ENSG00000171848,406
ENSG00000171853,1324
ENSG00000171855,0
ENSG00000171858,13264
ENSG00000171860,694
ENSG00000171861,1013
ENSG00000171862,2878
ENSG00000171863,16484
ENSG00000171864,87
ENSG00000171865,287
ENSG00000171867,3686
ENSG00000171872,0
ENSG00000171873,16
ENSG00000171877,11
ENSG00000171885,11
ENSG00000171889,0
ENSG00000171903,1
ENSG00000171914,548
ENSG00000171916,16
ENSG00000171928,1219
ENSG00000171931,4
ENSG00000171936,0
ENSG00000171940,3782
ENSG00000171942,0
ENSG00000171943,587
ENSG00000171944,0
ENSG00000171951,22
ENSG00000171953,1018
ENSG00000171954,120
ENSG00000171956,0
ENSG00000171960,973
ENSG00000171962,686
ENSG00000171970,305
ENSG00000171984,220
ENSG00000171987,0
ENSG00000171988,1218
ENSG00000171989,4
ENSG00000171992,2548
ENSG00000171999,0
ENSG00000172000,2
ENSG00000172005,6
ENSG00000172006,505
ENSG00000172007,369
ENSG00000172009,3356
ENSG00000172014,4
ENSG00000172016,0
ENSG00000172020,0
ENSG00000172023,0
ENSG00000172031,465
ENSG00000172037,17901
ENSG00000172046,5439
ENSG00000172053,9772
ENSG00000172057,4945
ENSG00000172058,3
ENSG00000172059,297
ENSG00000172061,718
ENSG00000172062,308
ENSG00000172071,1720
ENSG00000172073,0
ENSG00000172081,4257
ENSG00000172086,2484
ENSG00000172113,723
ENSG00000172115,3193
ENSG00000172116,14
ENSG00000172123,191
ENSG00000172137,4
ENSG00000172139,139
ENSG00000172146,0
ENSG00000172148,0
ENSG00000172150,0
ENSG00000172154,0
ENSG00000172155,0
ENSG00000172156,36
ENSG00000172159,101
ENSG00000172164,483
ENSG00000172167,79
ENSG00000172171,274
ENSG00000172172,1423
ENSG00000172175,785
ENSG00000172179,0
ENSG00000172183,1435
ENSG00000172186,2
ENSG00000172188,0
ENSG00000172197,886
ENSG00000172199,0
ENSG00000172201,90
ENSG00000172208,0
ENSG00000172209,2
ENSG00000172215,53
ENSG00000172216,1163
ENSG00000172232,9
ENSG00000172236,38
ENSG00000172238,0
ENSG00000172239,4211
ENSG00000172243,273
ENSG00000172244,164
ENSG00000172247,13
ENSG00000172250,23
ENSG00000172260,10195
ENSG00000172262,1841
ENSG00000172264,282
ENSG00000172269,1472
ENSG00000172270,12333
ENSG00000172273,484
ENSG00000172283,0
ENSG00000172288,0
ENSG00000172289,0
ENSG00000172292,2905
ENSG00000172294,0
ENSG00000172296,163
ENSG00000172297,0
ENSG00000172301,2826
ENSG00000172315,2529
ENSG00000172318,1
ENSG00000172320,0
ENSG00000172322,2
ENSG00000172324,0
ENSG00000172331,838
ENSG00000172336,1637
ENSG00000172339,616
ENSG00000172340,2382
ENSG00000172342,0
ENSG00000172345,103
ENSG00000172346,1
ENSG00000172348,540
ENSG00000172349,632
ENSG00000172350,20
ENSG00000172352,0
ENSG00000172354,26094
ENSG00000172361,222
ENSG00000172362,0
ENSG00000172365,0
ENSG00000172366,2603
ENSG00000172367,0
ENSG00000172375,1991
ENSG00000172377,0
ENSG00000172379,4728
ENSG00000172380,2622
ENSG00000172381,0
ENSG00000172382,143
ENSG00000172399,78
ENSG00000172403,508
ENSG00000172404,1
ENSG00000172409,345
ENSG00000172410,3
ENSG00000172421,0
ENSG00000172425,521
ENSG00000172426,368
ENSG00000172428,3035
ENSG00000172432,2544
ENSG00000172456,387
ENSG00000172457,0
ENSG00000172458,144
ENSG00000172459,0
ENSG00000172460,11
ENSG00000172461,0
ENSG00000172464,0
ENSG00000172465,3294
ENSG00000172466,9541
ENSG00000172468,0
ENSG00000172469,853
ENSG00000172476,16
ENSG00000172478,1
ENSG00000172482,0
ENSG00000172487,0
ENSG00000172489,0
ENSG00000172493,1688
ENSG00000172497,1
ENSG00000172500,4931
ENSG00000172508,100
ENSG00000172519,0
ENSG00000172530,1091
ENSG00000172531,16881
ENSG00000172534,6476
ENSG00000172538,0
ENSG00000172543,24
ENSG00000172548,0
ENSG00000172551,2
ENSG00000172554,17
ENSG00000172568,1
ENSG00000172572,241
ENSG00000172575,176
ENSG00000172578,203
ENSG00000172586,1029
ENSG00000172590,1637
ENSG00000172594,1110
ENSG00000172602,1360
ENSG00000172613,1892
ENSG00000172638,8075
ENSG00000172640,5
ENSG00000172650,11
ENSG00000172661,840
ENSG00000172663,1293
ENSG00000172667,1063
ENSG00000172671,301
ENSG00000172673,5
ENSG00000172680,0
ENSG00000172687,288
ENSG00000172689,0
ENSG00000172716,568
ENSG00000172717,3
ENSG00000172724,6
ENSG00000172725,6371
ENSG00000172728,212
ENSG00000172731,309
ENSG00000172732,3082
ENSG00000172733,1
ENSG00000172738,22
ENSG00000172742,0
ENSG00000172746,1
ENSG00000172748,402
ENSG00000172752,5
ENSG00000172757,80207
ENSG00000172765,2392
ENSG00000172766,521
ENSG00000172769,0
ENSG00000172771,391
ENSG00000172772,0
ENSG00000172774,0
ENSG00000172775,4331
ENSG00000172780,126
ENSG00000172782,1
ENSG00000172785,607
ENSG00000172789,15
ENSG00000172794,168
ENSG00000172795,1289
ENSG00000172799,1
ENSG00000172803,68
ENSG00000172809,17406
ENSG00000172817,193
ENSG00000172818,65
ENSG00000172819,4527
ENSG00000172824,514
ENSG00000172828,11
ENSG00000172830,8478
ENSG00000172831,2944
ENSG00000172840,746
ENSG00000172845,2429
ENSG00000172867,0
ENSG00000172869,1324
ENSG00000172878,472
ENSG00000172888,1779
ENSG00000172889,1676
ENSG00000172890,1694
ENSG00000172893,1282
ENSG00000172900,1
ENSG00000172901,3
ENSG00000172912,0
ENSG00000172915,1430
ENSG00000172922,4790
ENSG00000172927,50
ENSG00000172932,7753
ENSG00000172935,90
ENSG00000172936,4071
ENSG00000172938,7
ENSG00000172939,2361
ENSG00000172940,1
ENSG00000172943,3171
ENSG00000172954,512
ENSG00000172955,2
ENSG00000172965,2127
ENSG00000172967,0
ENSG00000172969,0
ENSG00000172971,1
ENSG00000172974,72
ENSG00000172977,3390
ENSG00000172985,230
ENSG00000172986,76
ENSG00000172987,6
ENSG00000172992,4045
ENSG00000172995,0
ENSG00000173011,2713
ENSG00000173013,461
ENSG00000173020,21391
ENSG00000173039,11570
ENSG00000173040,58
ENSG00000173041,1252
ENSG00000173064,4850
ENSG00000173065,2094
ENSG00000173068,93
ENSG00000173077,0
ENSG00000173080,0
ENSG00000173083,136
ENSG00000173085,250
ENSG00000173088,2
ENSG00000173093,2
ENSG00000173110,385
ENSG00000173113,6174
ENSG00000173114,9
ENSG00000173120,11349
ENSG00000173124,0
ENSG00000173137,499
ENSG00000173141,4140
ENSG00000173145,409
ENSG00000173153,992
ENSG00000173156,7452
ENSG00000173157,0
ENSG00000173163,823
ENSG00000173166,64
ENSG00000173171,877
ENSG00000173175,155
ENSG00000173193,5805
ENSG00000173198,84
ENSG00000173200,26
ENSG00000173207,556
ENSG00000173208,4
ENSG00000173209,2331
ENSG00000173210,9852
ENSG00000173212,5
ENSG00000173213,11
ENSG00000173214,142
ENSG00000173218,1675
ENSG00000173221,1097
ENSG00000173226,1501
ENSG00000173227,1586
ENSG00000173230,21258
ENSG00000173231,0
ENSG00000173237,1
ENSG00000173239,3
ENSG00000173250,0
ENSG00000173253,1
ENSG00000173258,429
ENSG00000173261,6
ENSG00000173262,5
ENSG00000173264,1614
ENSG00000173267,113
ENSG00000173269,2183
ENSG00000173272,2958
ENSG00000173273,3822
ENSG00000173275,335
ENSG00000173276,388
ENSG00000173281,6071
ENSG00000173285,0
ENSG00000173295,758
ENSG00000173302,0
ENSG00000173320,219
ENSG00000173327,10876
ENSG00000173334,2124
ENSG00000173335,17
ENSG00000173338,43
ENSG00000173349,0
ENSG00000173357,0
ENSG00000173366,0
ENSG00000173369,8489
ENSG00000173372,7689
ENSG00000173376,34
ENSG00000173389,0
ENSG00000173391,279
ENSG00000173401,27
ENSG00000173402,9154
ENSG00000173404,0
ENSG00000173406,42
ENSG00000173409,1569
ENSG00000173418,2647
ENSG00000173421,13
ENSG00000173431,0
ENSG00000173432,36
ENSG00000173436,1899
ENSG00000173442,3595
ENSG00000173451,285
ENSG00000173452,0
ENSG00000173456,1128
ENSG00000173457,1525
ENSG00000173464,0
ENSG00000173465,1865
ENSG00000173467,119
ENSG00000173473,8319
ENSG00000173480,328
ENSG00000173482,2100
ENSG00000173486,1639
ENSG00000173511,1048
ENSG00000173517,1444
ENSG00000173530,153
ENSG00000173531,623
ENSG00000173535,136
ENSG00000173540,2982
ENSG00000173542,1178
ENSG00000173545,3642
ENSG00000173546,3243
ENSG00000173548,4008
ENSG00000173557,206
ENSG00000173559,256
ENSG00000173567,18
ENSG00000173572,0
ENSG00000173575,5163
ENSG00000173578,5
ENSG00000173581,2843
ENSG00000173585,3
ENSG00000173588,517
ENSG00000173597,33
ENSG00000173598,2020
ENSG00000173599,8752
ENSG00000173610,0
ENSG00000173611,343
ENSG00000173612,0
ENSG00000173614,567
ENSG00000173621,1960
ENSG00000173626,1
ENSG00000173627,0
ENSG00000173638,818
ENSG00000173641,37
ENSG00000173653,1629
ENSG00000173660,4357
ENSG00000173662,4
ENSG00000173673,0
ENSG00000173674,3727
ENSG00000173678,1
ENSG00000173679,0
ENSG00000173681,667
ENSG00000173692,4198
ENSG00000173698,48
ENSG00000173699,0
ENSG00000173702,0
ENSG00000173705,94
ENSG00000173706,1811
ENSG00000173714,1
ENSG00000173715,137
ENSG00000173726,11837
ENSG00000173727,103
ENSG00000173728,6
ENSG00000173744,2280
ENSG00000173757,5747
ENSG00000173762,82
ENSG00000173769,0
ENSG00000173786,5889
ENSG00000173801,36779
ENSG00000173805,4
ENSG00000173809,16
ENSG00000173810,0
ENSG00000173811,31
ENSG00000173812,29114
ENSG00000173818,996
ENSG00000173821,13253
ENSG00000173825,77
ENSG00000173826,97
ENSG00000173838,21
ENSG00000173846,446
ENSG00000173848,3749
ENSG00000173852,1785
ENSG00000173862,0
ENSG00000173867,15
ENSG00000173868,47
ENSG00000173875,1559
ENSG00000173889,1632
ENSG00000173890,1259
ENSG00000173894,120
ENSG00000173898,115
ENSG00000173905,1476
ENSG00000173908,0
ENSG00000173914,1597
ENSG00000173915,1631
ENSG00000173917,197
ENSG00000173918,986
ENSG00000173926,261
ENSG00000173928,309
ENSG00000173930,1
ENSG00000173933,2077
ENSG00000173947,1029
ENSG00000173950,907
ENSG00000173954,0
ENSG00000173960,516
ENSG00000173966,0
ENSG00000173976,0
ENSG00000173988,21
ENSG00000173991,18
ENSG00000173992,3860
ENSG00000174004,290
ENSG00000174007,238
ENSG00000174010,879
ENSG00000174013,963
ENSG00000174015,0
ENSG00000174016,0
ENSG00000174021,2254
ENSG00000174028,54
ENSG00000174032,771
ENSG00000174038,1
ENSG00000174059,4718
ENSG00000174080,12626
ENSG00000174099,671
ENSG00000174106,1141
ENSG00000174109,907
ENSG00000174123,49
ENSG00000174125,176
ENSG00000174130,76
ENSG00000174132,1797
ENSG00000174136,407
ENSG00000174137,101
ENSG00000174145,2
ENSG00000174151,995
ENSG00000174156,4
ENSG00000174165,3964
ENSG00000174171,487
ENSG00000174173,1164
ENSG00000174175,19
ENSG00000174177,1089
ENSG00000174197,1619
ENSG00000174206,1176
ENSG00000174225,7
ENSG00000174226,3
ENSG00000174227,1853
ENSG00000174231,25428
ENSG00000174233,7940
ENSG00000174236,5
ENSG00000174238,7456
ENSG00000174243,7801
ENSG00000174255,0
ENSG00000174276,1309
ENSG00000174279,2
ENSG00000174282,13087
ENSG00000174292,3272
ENSG00000174306,2012
ENSG00000174307,1885
ENSG00000174325,1
ENSG00000174326,12
ENSG00000174327,260
ENSG00000174332,0
ENSG00000174339,0
ENSG00000174343,1
ENSG00000174348,377
ENSG00000174353,62
ENSG00000174358,1
ENSG00000174365,664
ENSG00000174370,127
ENSG00000174371,86
ENSG00000174373,1083
ENSG00000174384,5
ENSG00000174403,1
ENSG00000174405,322
ENSG00000174407,0
ENSG00000174408,0
ENSG00000174417,0
ENSG00000174418,0
ENSG00000174428,571
ENSG00000174429,0
ENSG00000174437,11724
ENSG00000174442,845
ENSG00000174444,65776
ENSG00000174446,1425
ENSG00000174448,1
ENSG00000174450,0
ENSG00000174453,3
ENSG00000174456,890
ENSG00000174460,4
ENSG00000174469,826
ENSG00000174473,69
ENSG00000174482,2
ENSG00000174483,240
ENSG00000174485,2507
ENSG00000174495,0
ENSG00000174498,2
ENSG00000174500,422
ENSG00000174501,26
ENSG00000174502,3
ENSG00000174514,349
ENSG00000174516,2682
ENSG00000174521,32
ENSG00000174527,17
ENSG00000174529,71
ENSG00000174547,2887
ENSG00000174562,0
ENSG00000174564,30
ENSG00000174567,412
ENSG00000174572,1
ENSG00000174574,2432
ENSG00000174576,1
ENSG00000174579,2194
ENSG00000174586,362
ENSG00000174599,374
ENSG00000174600,628
ENSG00000174606,1871
ENSG00000174607,1
ENSG00000174611,277
ENSG00000174628,664
ENSG00000174640,2606
ENSG00000174652,1188
ENSG00000174667,0
ENSG00000174669,1872
ENSG00000174672,92
ENSG00000174677,0
ENSG00000174678,0
ENSG00000174680,0
ENSG00000174684,7289
ENSG00000174695,3479
ENSG00000174697,5
ENSG00000174705,1792
ENSG00000174715,1
ENSG00000174718,2352
ENSG00000174720,1948
ENSG00000174721,40
ENSG00000174738,715
ENSG00000174740,17
ENSG00000174744,6737
ENSG00000174748,33263
ENSG00000174749,286
ENSG00000174775,1832
ENSG00000174776,0
ENSG00000174780,5490
ENSG00000174788,390
ENSG00000174791,1805
ENSG00000174792,1
ENSG00000174796,941
ENSG00000174799,276
ENSG00000174804,1870
ENSG00000174807,1854
ENSG00000174808,332
ENSG00000174827,21
ENSG00000174837,130
ENSG00000174839,1367
ENSG00000174840,2352
ENSG00000174842,267
ENSG00000174844,10
ENSG00000174851,5891
ENSG00000174871,71
ENSG00000174876,0
ENSG00000174885,4
ENSG00000174886,1993
ENSG00000174891,1223
ENSG00000174898,4
ENSG00000174899,10
ENSG00000174903,42803
ENSG00000174912,21
ENSG00000174914,0
ENSG00000174915,1831
ENSG00000174917,1551
ENSG00000174928,277
ENSG00000174930,1
ENSG00000174937,0
ENSG00000174938,5672
ENSG00000174939,255
ENSG00000174942,0
ENSG00000174943,1480
ENSG00000174944,45
ENSG00000174945,262
ENSG00000174946,8
ENSG00000174948,0
ENSG00000174950,46
ENSG00000174951,609
ENSG00000174953,2036
ENSG00000174957,0
ENSG00000174963,1
ENSG00000174970,0
ENSG00000174977,110
ENSG00000174982,0
ENSG00000174989,1332
ENSG00000174990,7
ENSG00000174992,0
ENSG00000174996,11622
ENSG00000175003,50
ENSG00000175018,0
ENSG00000175029,3461
ENSG00000175040,371
ENSG00000175048,465
ENSG00000175054,1716
ENSG00000175061,10522
ENSG00000175063,386
ENSG00000175065,0
ENSG00000175066,1296
ENSG00000175073,1166
ENSG00000175077,0
ENSG00000175084,24
ENSG00000175087,1082
ENSG00000175093,7
ENSG00000175097,0
ENSG00000175104,636
ENSG00000175105,604
ENSG00000175106,33
ENSG00000175110,1730
ENSG00000175115,8052
ENSG00000175121,0
ENSG00000175130,7123
ENSG00000175137,1995
ENSG00000175143,0
ENSG00000175147,14
ENSG00000175155,2152
ENSG00000175161,2
ENSG00000175164,3393
ENSG00000175166,12054
ENSG00000175170,33
ENSG00000175175,38
ENSG00000175182,1985
ENSG00000175183,309
ENSG00000175189,2
ENSG00000175193,1490
ENSG00000175197,1176
ENSG00000175198,708
ENSG00000175202,5
ENSG00000175203,9380
ENSG00000175206,1
ENSG00000175213,1162
ENSG00000175215,10715
ENSG00000175216,7384
ENSG00000175220,12669
ENSG00000175221,3748
ENSG00000175224,5240
ENSG00000175229,0
ENSG00000175262,32
ENSG00000175264,3397
ENSG00000175265,443
ENSG00000175267,400
ENSG00000175274,5394
ENSG00000175279,206
ENSG00000175283,1369
ENSG00000175287,2259
ENSG00000175294,32
ENSG00000175302,3
ENSG00000175305,88
ENSG00000175309,2599
ENSG00000175311,1
ENSG00000175315,6
ENSG00000175318,6
ENSG00000175319,0
ENSG00000175322,131
ENSG00000175324,920
ENSG00000175325,0
ENSG00000175329,0
ENSG00000175334,12852
ENSG00000175336,42
ENSG00000175344,6
ENSG00000175348,5517
ENSG00000175352,41
ENSG00000175354,1020
ENSG00000175356,495
ENSG00000175376,2958
ENSG00000175387,3026
ENSG00000175390,7971
ENSG00000175393,0
ENSG00000175395,866
ENSG00000175398,0
ENSG00000175414,581
ENSG00000175416,5462
ENSG00000175426,7
ENSG00000175445,1003
ENSG00000175449,44
ENSG00000175455,1672
ENSG00000175463,275
ENSG00000175467,8226
ENSG00000175470,951
ENSG00000175471,144
ENSG00000175482,3959
ENSG00000175485,0
ENSG00000175489,405
ENSG00000175497,0
ENSG00000175505,149
ENSG00000175509,3
ENSG00000175513,5
ENSG00000175514,0
ENSG00000175518,24
ENSG00000175520,0
ENSG00000175535,0
ENSG00000175536,94
ENSG00000175538,665
ENSG00000175544,298
ENSG00000175548,460
ENSG00000175550,10164
ENSG00000175556,8
ENSG00000175564,29
ENSG00000175567,2596
ENSG00000175573,4025
ENSG00000175575,774
ENSG00000175581,764
ENSG00000175582,3064
ENSG00000175591,10
ENSG00000175592,66
ENSG00000175595,476
ENSG00000175600,79
ENSG00000175602,2314
ENSG00000175604,0
ENSG00000175606,1038
ENSG00000175611,235
ENSG00000175619,0
ENSG00000175634,5205
ENSG00000175643,274
ENSG00000175646,0
ENSG00000175658,0
ENSG00000175662,4358
ENSG00000175664,0
ENSG00000175676,0
ENSG00000175691,282
ENSG00000175697,34
ENSG00000175699,0
ENSG00000175701,634
ENSG00000175707,1687
ENSG00000175711,304
ENSG00000175718,0
ENSG00000175727,5706
ENSG00000175728,0
ENSG00000175730,7
ENSG00000175741,64
ENSG00000175745,104
ENSG00000175746,5
ENSG00000175749,3
ENSG00000175756,4482
ENSG00000175764,261
ENSG00000175766,0
ENSG00000175768,968
ENSG00000175772,16
ENSG00000175773,16
ENSG00000175779,1
ENSG00000175782,485
ENSG00000175785,16
ENSG00000175787,102
ENSG00000175792,4480
ENSG00000175793,2317
ENSG00000175800,0
ENSG00000175806,416
ENSG00000175809,0
ENSG00000175820,2
ENSG00000175826,5797
ENSG00000175832,74
ENSG00000175841,0
ENSG00000175854,1097
ENSG00000175857,119
ENSG00000175866,16801
ENSG00000175868,0
ENSG00000175874,10
ENSG00000175877,23
ENSG00000175879,194
ENSG00000175886,12
ENSG00000175893,829
ENSG00000175894,34
ENSG00000175895,4595
ENSG00000175899,24857
ENSG00000175906,272
ENSG00000175920,2822
ENSG00000175928,10
ENSG00000175931,3515
ENSG00000175938,1382
ENSG00000175946,222
ENSG00000175967,20
ENSG00000175970,4325
ENSG00000175984,86
ENSG00000175985,32
ENSG00000176007,1
ENSG00000176009,0
ENSG00000176014,1207
ENSG00000176018,642
ENSG00000176020,1
ENSG00000176022,2011
ENSG00000176024,317
ENSG00000176029,8
ENSG00000176040,23
ENSG00000176043,0
ENSG00000176046,5745
ENSG00000176049,581
ENSG00000176054,23
ENSG00000176055,430
ENSG00000176058,3637
ENSG00000176075,0
ENSG00000176076,0
ENSG00000176083,26
ENSG00000176087,5677
ENSG00000176092,13
ENSG00000176095,4470
ENSG00000176101,3466
ENSG00000176102,1157
ENSG00000176105,955
ENSG00000176108,925
ENSG00000176115,0
ENSG00000176124,275
ENSG00000176125,221
ENSG00000176134,0
ENSG00000176136,0
ENSG00000176142,1174
ENSG00000176148,372
ENSG00000176153,2
ENSG00000176155,3871
ENSG00000176160,0
ENSG00000176165,1
ENSG00000176170,467
ENSG00000176171,1251
ENSG00000176177,0
ENSG00000176182,694
ENSG00000176183,2
ENSG00000176194,1
ENSG00000176198,0
ENSG00000176200,0
ENSG00000176204,0
ENSG00000176208,149
ENSG00000176209,1925
ENSG00000176219,0
ENSG00000176222,154
ENSG00000176225,251
ENSG00000176230,0
ENSG00000176231,0
ENSG00000176232,0
ENSG00000176236,11
ENSG00000176239,0
ENSG00000176243,0
ENSG00000176244,3
ENSG00000176246,0
ENSG00000176248,2909
ENSG00000176253,0
ENSG00000176256,0
ENSG00000176261,752
ENSG00000176268,24
ENSG00000176269,0
ENSG00000176273,76
ENSG00000176281,0
ENSG00000176289,3
ENSG00000176290,0
ENSG00000176293,315
ENSG00000176294,0
ENSG00000176299,0
ENSG00000176302,0
ENSG00000176312,0
ENSG00000176318,0
ENSG00000176320,2
ENSG00000176340,6023
ENSG00000176343,1
ENSG00000176349,0
ENSG00000176358,5
ENSG00000176371,1353
ENSG00000176378,0
ENSG00000176381,0
ENSG00000176383,18
ENSG00000176386,330
ENSG00000176387,282
ENSG00000176390,716
ENSG00000176393,6899
ENSG00000176396,641
ENSG00000176399,18
ENSG00000176401,112
ENSG00000176402,155
ENSG00000176406,65
ENSG00000176407,2136
ENSG00000176410,2197
ENSG00000176422,1271
ENSG00000176428,601
ENSG00000176435,2133
ENSG00000176438,548
ENSG00000176444,2155
ENSG00000176454,1964
ENSG00000176463,1032
ENSG00000176472,51
ENSG00000176473,786
ENSG00000176476,968
ENSG00000176485,3755
ENSG00000176490,610
ENSG00000176495,0
ENSG00000176510,0
ENSG00000176515,0
ENSG00000176531,1484
ENSG00000176532,5102
ENSG00000176533,626
ENSG00000176540,0
ENSG00000176542,889
ENSG00000176547,0
ENSG00000176555,0
ENSG00000176563,253
ENSG00000176566,0
ENSG00000176567,0
ENSG00000176571,0
ENSG00000176584,0
ENSG00000176593,227
ENSG00000176595,1889
ENSG00000176597,74
ENSG00000176601,5
ENSG00000176605,0
ENSG00000176619,3071
ENSG00000176623,1633
ENSG00000176624,1383
ENSG00000176635,0
ENSG00000176641,405
ENSG00000176654,1
ENSG00000176658,8629
ENSG00000176659,10
ENSG00000176678,66
ENSG00000176679,0
ENSG00000176681,33
ENSG00000176692,73
ENSG00000176695,0
ENSG00000176697,5
ENSG00000176700,431
ENSG00000176714,309
ENSG00000176715,1727
ENSG00000176716,2
ENSG00000176720,268
ENSG00000176723,480
ENSG00000176728,0
ENSG00000176731,890
ENSG00000176732,44
ENSG00000176742,0
ENSG00000176746,0
ENSG00000176748,0
ENSG00000176749,440
ENSG00000176752,0
ENSG00000176753,3
ENSG00000176754,5
ENSG00000176761,9
ENSG00000176769,2
ENSG00000176771,79
ENSG00000176774,0
ENSG00000176782,0
ENSG00000176783,3788
ENSG00000176787,0
ENSG00000176788,2818
ENSG00000176797,0
ENSG00000176798,0
ENSG00000176809,325
ENSG00000176812,0
ENSG00000176826,60
ENSG00000176834,1252
ENSG00000176840,0
ENSG00000176842,5120
ENSG00000176845,843
ENSG00000176853,2100
ENSG00000176855,9
ENSG00000176857,0
ENSG00000176868,0
ENSG00000176871,5142
ENSG00000176879,0
ENSG00000176882,0
ENSG00000176884,3
ENSG00000176887,156
ENSG00000176890,285
ENSG00000176893,0
ENSG00000176894,760
ENSG00000176895,0
ENSG00000176896,431
ENSG00000176900,0
ENSG00000176903,2140
ENSG00000176904,0
ENSG00000176907,839
ENSG00000176909,122
ENSG00000176912,22
ENSG00000176915,4970
ENSG00000176919,20
ENSG00000176920,229
ENSG00000176922,0
ENSG00000176923,0
ENSG00000176925,0
ENSG00000176927,5
ENSG00000176928,99
ENSG00000176933,54
ENSG00000176937,0
ENSG00000176945,377
ENSG00000176946,3575
ENSG00000176951,0
ENSG00000176953,2079
ENSG00000176956,69
ENSG00000176970,0
ENSG00000176971,100
ENSG00000176973,2571
ENSG00000176974,2055
ENSG00000176978,11653
ENSG00000176979,0
ENSG00000176984,0
ENSG00000176986,1912
ENSG00000176988,3
ENSG00000176994,4052
ENSG00000176998,54
ENSG00000177000,2876
ENSG00000177023,0
ENSG00000177025,61
ENSG00000177030,3343
ENSG00000177034,1255
ENSG00000177042,1978
ENSG00000177045,124
ENSG00000177047,1
ENSG00000177051,1843
ENSG00000177054,1373
ENSG00000177058,297
ENSG00000177076,175
ENSG00000177082,736
ENSG00000177084,1856
ENSG00000177096,1077
ENSG00000177098,499
ENSG00000177103,96
ENSG00000177105,2847
ENSG00000177106,4728
ENSG00000177108,3
ENSG00000177112,10
ENSG00000177119,1354
ENSG00000177125,524
ENSG00000177133,23
ENSG00000177138,0
ENSG00000177143,0
ENSG00000177144,0
ENSG00000177150,582
ENSG00000177151,0
ENSG00000177156,8226
ENSG00000177169,6061
ENSG00000177173,1
ENSG00000177174,0
ENSG00000177181,715
ENSG00000177182,48
ENSG00000177186,0
ENSG00000177189,475
ENSG00000177191,413
ENSG00000177192,1275
ENSG00000177197,1
ENSG00000177200,2503
ENSG00000177201,0
ENSG00000177202,110
ENSG00000177212,8
ENSG00000177225,3382
ENSG00000177233,0
ENSG00000177234,2
ENSG00000177238,3
ENSG00000177239,4398
ENSG00000177243,0
ENSG00000177257,0
ENSG00000177261,0
ENSG00000177272,7
ENSG00000177275,0
ENSG00000177283,503
ENSG00000177291,3
ENSG00000177294,13
ENSG00000177300,0
ENSG00000177301,0
ENSG00000177302,1824
ENSG00000177303,2720
ENSG00000177306,0
ENSG00000177311,3381
ENSG00000177324,1
ENSG00000177335,12
ENSG00000177337,95
ENSG00000177338,0
ENSG00000177340,2
ENSG00000177350,8
ENSG00000177352,1844
ENSG00000177354,2
ENSG00000177359,1
ENSG00000177363,0
ENSG00000177369,1
ENSG00000177370,1626
ENSG00000177374,301
ENSG00000177380,887
ENSG00000177383,4776
ENSG00000177398,0
ENSG00000177400,0
ENSG00000177406,821
ENSG00000177409,816
ENSG00000177410,3986
ENSG00000177414,0
ENSG00000177418,1
ENSG00000177425,9134
ENSG00000177426,221
ENSG00000177427,1502
ENSG00000177432,528
ENSG00000177447,0
ENSG00000177452,1
ENSG00000177453,143
ENSG00000177455,10
ENSG00000177459,0
ENSG00000177462,4
ENSG00000177463,1692
ENSG00000177464,926
ENSG00000177465,821
ENSG00000177468,0
ENSG00000177469,8086
ENSG00000177476,0
ENSG00000177479,4565
ENSG00000177483,70
ENSG00000177485,1197
ENSG00000177489,0
ENSG00000177494,2
ENSG00000177504,2
ENSG00000177508,4421
ENSG00000177511,0
ENSG00000177519,0
ENSG00000177535,2
ENSG00000177542,2882
ENSG00000177548,3035
ENSG00000177551,1032
ENSG00000177553,0
ENSG00000177556,2067
ENSG00000177558,2
ENSG00000177565,5522
ENSG00000177570,640
ENSG00000177575,2089
ENSG00000177576,519
ENSG00000177586,0
ENSG00000177590,0
ENSG00000177595,1290
ENSG00000177596,0
ENSG00000177599,143
ENSG00000177600,31222
ENSG00000177602,27
ENSG00000177606,2917
ENSG00000177613,2216
ENSG00000177614,213
ENSG00000177627,3
ENSG00000177628,2729
ENSG00000177640,158
ENSG00000177646,3754
ENSG00000177663,1371
ENSG00000177666,7687
ENSG00000177669,4
ENSG00000177673,0
ENSG00000177674,2291
ENSG00000177675,894
ENSG00000177679,39
ENSG00000177683,1291
ENSG00000177684,0
ENSG00000177685,3757
ENSG00000177688,0
ENSG00000177689,0
ENSG00000177692,28
ENSG00000177693,0
ENSG00000177694,52
ENSG00000177697,17663
ENSG00000177699,2
ENSG00000177700,10246
ENSG00000177706,5543
ENSG00000177707,30
ENSG00000177710,1
ENSG00000177721,49
ENSG00000177725,0
ENSG00000177728,8474
ENSG00000177731,8695
ENSG00000177732,4556
ENSG00000177733,6671
ENSG00000177736,1
ENSG00000177738,117
ENSG00000177752,0
ENSG00000177757,6
ENSG00000177770,0
ENSG00000177776,0
ENSG00000177788,22
ENSG00000177791,150
ENSG00000177800,0
ENSG00000177803,0
ENSG00000177807,10
ENSG00000177822,5
ENSG00000177830,5124
ENSG00000177839,155
ENSG00000177842,349
ENSG00000177853,704
ENSG00000177854,867
ENSG00000177855,1
ENSG00000177868,437
ENSG00000177873,651
ENSG00000177875,44
ENSG00000177879,512
ENSG00000177885,20371
ENSG00000177888,1057
ENSG00000177889,5294
ENSG00000177910,0
ENSG00000177917,240
ENSG00000177932,250
ENSG00000177938,2
ENSG00000177943,772
ENSG00000177946,501
ENSG00000177947,0
ENSG00000177951,6223
ENSG00000177954,25760
ENSG00000177963,7417
ENSG00000177971,5391
ENSG00000177981,2435
ENSG00000177984,0
ENSG00000177989,2188
ENSG00000177990,268
ENSG00000177992,0
ENSG00000177993,0
ENSG00000177994,70
ENSG00000178015,4
ENSG00000178021,0
ENSG00000178026,257
ENSG00000178028,1739
ENSG00000178031,104
ENSG00000178033,295
ENSG00000178035,10282
ENSG00000178038,440
ENSG00000178053,909
ENSG00000178055,6
ENSG00000178057,6786
ENSG00000178074,649
ENSG00000178075,478
ENSG00000178078,1819
ENSG00000178081,0
ENSG00000178082,2
ENSG00000178084,0
ENSG00000178093,115
ENSG00000178096,1358
ENSG00000178104,6000
ENSG00000178105,1109
ENSG00000178107,0
ENSG00000178115,1
ENSG00000178125,10
ENSG00000178127,845
ENSG00000178130,0
ENSG00000178146,8
ENSG00000178149,2245
ENSG00000178150,53
ENSG00000178162,120
ENSG00000178163,540
ENSG00000178171,6
ENSG00000178172,1
ENSG00000178175,64
ENSG00000178177,300
ENSG00000178184,349
ENSG00000178187,19
ENSG00000178188,2782
ENSG00000178193,1
ENSG00000178199,73
ENSG00000178201,63
ENSG00000178202,1262
ENSG00000178209,21448
ENSG00000178217,3
ENSG00000178222,459
ENSG00000178226,157
ENSG00000178229,364
ENSG00000178233,7
ENSG00000178234,2489
ENSG00000178235,0
ENSG00000178243,0
ENSG00000178248,2
ENSG00000178252,10950
ENSG00000178257,0
ENSG00000178279,0
ENSG00000178287,0
ENSG00000178295,329
ENSG00000178297,97
ENSG00000178301,261
ENSG00000178307,1744
ENSG00000178338,315
ENSG00000178342,7
ENSG00000178343,1
ENSG00000178358,0
ENSG00000178363,1
ENSG00000178372,1
ENSG00000178381,692
ENSG00000178385,73
ENSG00000178386,93
ENSG00000178394,0
ENSG00000178395,0
ENSG00000178397,1105
ENSG00000178401,756
ENSG00000178403,0
ENSG00000178404,0
ENSG00000178409,363
ENSG00000178412,1
ENSG00000178425,2097
ENSG00000178429,15
ENSG00000178440,9
ENSG00000178445,87
ENSG00000178449,1819
ENSG00000178457,0
ENSG00000178458,1
ENSG00000178460,238
ENSG00000178462,4
ENSG00000178464,62
ENSG00000178467,10803
ENSG00000178473,1
ENSG00000178498,4746
ENSG00000178502,92
ENSG00000178503,0
ENSG00000178522,0
ENSG00000178531,308
ENSG00000178537,1110
ENSG00000178538,13
ENSG00000178556,0
ENSG00000178562,128
ENSG00000178567,2014
ENSG00000178568,7039
ENSG00000178573,1522
ENSG00000178585,1345
ENSG00000178586,1
ENSG00000178591,0
ENSG00000178596,0
ENSG00000178597,0
ENSG00000178602,1
ENSG00000178605,2746
ENSG00000178607,1130
ENSG00000178623,81
ENSG00000178631,20
ENSG00000178636,2
ENSG00000178645,0
ENSG00000178654,3
ENSG00000178660,0
ENSG00000178662,120
ENSG00000178665,161
ENSG00000178685,10561
ENSG00000178690,0
ENSG00000178691,1753
ENSG00000178694,539
ENSG00000178695,1610
ENSG00000178700,632
ENSG00000178715,25
ENSG00000178718,1104
ENSG00000178719,20864
ENSG00000178722,85
ENSG00000178723,1
ENSG00000178726,920
ENSG00000178732,16
ENSG00000178734,1
ENSG00000178741,5541
ENSG00000178750,2
ENSG00000178752,24
ENSG00000178761,986
ENSG00000178762,0
ENSG00000178764,971
ENSG00000178772,7
ENSG00000178773,10
ENSG00000178776,62
ENSG00000178789,46
ENSG00000178795,31
ENSG00000178796,229
ENSG00000178802,6318
ENSG00000178803,3
ENSG00000178804,1
ENSG00000178809,12
ENSG00000178814,1859
ENSG00000178821,17
ENSG00000178826,809
ENSG00000178828,0
ENSG00000178836,0
ENSG00000178852,96
ENSG00000178860,249
ENSG00000178878,752
ENSG00000178882,79
ENSG00000178896,1344
ENSG00000178904,1335
ENSG00000178913,8886
ENSG00000178917,84
ENSG00000178919,1
ENSG00000178921,1646
ENSG00000178922,1072
ENSG00000178927,3381
ENSG00000178928,0
ENSG00000178934,0
ENSG00000178935,4717
ENSG00000178947,616
ENSG00000178950,6663
ENSG00000178951,3619
ENSG00000178952,11543
ENSG00000178965,52
ENSG00000178966,635
ENSG00000178971,2885
ENSG00000178974,937
ENSG00000178977,220
ENSG00000178980,15486
ENSG00000178982,5460
ENSG00000178988,4496
ENSG00000178996,1111
ENSG00000178997,2
ENSG00000178999,193
ENSG00000179002,0
ENSG00000179008,0
ENSG00000179010,16110
ENSG00000179021,1046
ENSG00000179023,249
ENSG00000179028,0
ENSG00000179029,895
ENSG00000179031,1
ENSG00000179038,1
ENSG00000179041,1291
ENSG00000179044,527
ENSG00000179046,0
ENSG00000179051,6269
ENSG00000179055,0
ENSG00000179057,429
ENSG00000179058,1
ENSG00000179059,1
ENSG00000179066,10
ENSG00000179071,13
ENSG00000179073,0
ENSG00000179082,68
ENSG00000179083,5
ENSG00000179085,1096
ENSG00000179088,6
ENSG00000179091,6626
ENSG00000179094,993
ENSG00000179097,16
ENSG00000179101,9
ENSG00000179104,166
ENSG00000179111,1
ENSG00000179115,4749
ENSG00000179119,1789
ENSG00000179131,3
ENSG00000179133,0
ENSG00000179134,6049
ENSG00000179136,3
ENSG00000179141,1
ENSG00000179142,0
ENSG00000179144,577
ENSG00000179148,108
ENSG00000179151,3507
ENSG00000179152,788
ENSG00000179157,0
ENSG00000179163,2780
ENSG00000179165,5
ENSG00000179168,49
ENSG00000179170,0
ENSG00000179172,0
ENSG00000179178,2007
ENSG00000179195,8005
ENSG00000179213,0
ENSG00000179218,52724
ENSG00000179219,4
ENSG00000179222,29744
ENSG00000179240,87
ENSG00000179241,5558
ENSG00000179242,354
ENSG00000179253,0
ENSG00000179256,24
ENSG00000179262,6084
ENSG00000179270,0
ENSG00000179271,2525
ENSG00000179277,182
ENSG00000179284,13
ENSG00000179292,16
ENSG00000179295,4525
ENSG00000179299,134
ENSG00000179300,1
ENSG00000179304,0
ENSG00000179314,30
ENSG00000179331,12
ENSG00000179335,4029
ENSG00000179342,4
ENSG00000179344,1575
ENSG00000179348,268
ENSG00000179361,527
ENSG00000179362,84
ENSG00000179363,6
ENSG00000179364,3226
ENSG00000179381,0
ENSG00000179387,1186
ENSG00000179388,65
ENSG00000179397,58
ENSG00000179399,23
ENSG00000179403,10568
ENSG00000179406,478
ENSG00000179407,1
ENSG00000179409,1659
ENSG00000179412,0
ENSG00000179420,0
ENSG00000179428,2
ENSG00000179431,1427
ENSG00000179443,0
ENSG00000179447,1
ENSG00000179452,0
ENSG00000179454,389
ENSG00000179455,1
ENSG00000179456,144
ENSG00000179460,1
ENSG00000179468,0
ENSG00000179476,184
ENSG00000179477,7
ENSG00000179520,0
ENSG00000179523,611
ENSG00000179526,1906
ENSG00000179528,49
ENSG00000179532,1179
ENSG00000179542,24
ENSG00000179546,2
ENSG00000179562,2887
ENSG00000179564,3
ENSG00000179571,0
ENSG00000179577,0
ENSG00000179580,3
ENSG00000179583,525
ENSG00000179588,525
ENSG00000179593,12
ENSG00000179598,843
ENSG00000179600,0
ENSG00000179603,142
ENSG00000179604,6890
ENSG00000179611,31
ENSG00000179615,0
ENSG00000179626,0
ENSG00000179627,2022
ENSG00000179630,334
ENSG00000179632,8451
ENSG00000179636,0
ENSG00000179639,4
ENSG00000179673,1
ENSG00000179674,0
ENSG00000179676,0
ENSG00000179695,0
ENSG00000179698,51
ENSG00000179709,0
ENSG00000179715,176
ENSG00000179743,221
ENSG00000179750,101
ENSG00000179751,0
ENSG00000179755,0
ENSG00000179761,231
ENSG00000179766,7
ENSG00000179772,394
ENSG00000179774,2
ENSG00000179776,2699
ENSG00000179796,7
ENSG00000179799,12
ENSG00000179813,0
ENSG00000179817,0
ENSG00000179818,301
ENSG00000179820,8131
ENSG00000179826,0
ENSG00000179832,3295
ENSG00000179833,1887
ENSG00000179840,5
ENSG00000179841,39
ENSG00000179846,6
ENSG00000179855,608
ENSG00000179859,420
ENSG00000179862,381
ENSG00000179869,1
ENSG00000179873,0
ENSG00000179886,1680
ENSG00000179889,12556
ENSG00000179899,21
ENSG00000179902,25
ENSG00000179909,466
ENSG00000179912,2827
ENSG00000179913,2
ENSG00000179914,1
ENSG00000179915,3
ENSG00000179918,4739
ENSG00000179919,0
ENSG00000179921,25
ENSG00000179922,320
ENSG00000179930,3
ENSG00000179933,2284
ENSG00000179934,8
ENSG00000179935,13
ENSG00000179938,0
ENSG00000179941,803
ENSG00000179943,968
ENSG00000179950,7807
ENSG00000179954,1163
ENSG00000179958,2579
ENSG00000179965,382
ENSG00000179967,58
ENSG00000179978,14
ENSG00000179979,352
ENSG00000179981,29626
ENSG00000179988,72
ENSG00000179994,0
ENSG00000179997,0
ENSG00000180008,728
ENSG00000180011,25162
ENSG00000180015,0
ENSG00000180016,0
ENSG00000180019,0
ENSG00000180035,1440
ENSG00000180042,0
ENSG00000180043,1
ENSG00000180044,73
ENSG00000180053,0
ENSG00000180061,69
ENSG00000180066,3
ENSG00000180068,0
ENSG00000180071,368
ENSG00000180083,0
ENSG00000180089,77
ENSG00000180090,1
ENSG00000180096,447
ENSG00000180098,626
ENSG00000180104,6614
ENSG00000180105,0
ENSG00000180113,23
ENSG00000180116,0
ENSG00000180138,0
ENSG00000180139,43
ENSG00000180150,0
ENSG00000180152,0
ENSG00000180155,2659
ENSG00000180172,0
ENSG00000180176,0
ENSG00000180178,33
ENSG00000180182,2362
ENSG00000180185,1918
ENSG00000180189,3
ENSG00000180190,670
ENSG00000180198,1390
ENSG00000180205,0
ENSG00000180209,9
ENSG00000180210,1
ENSG00000180211,13
ENSG00000180219,0
ENSG00000180221,0
ENSG00000180228,1528
ENSG00000180229,753
ENSG00000180230,0
ENSG00000180233,734
ENSG00000180245,7
ENSG00000180251,0
ENSG00000180257,378
ENSG00000180259,0
ENSG00000180263,351
ENSG00000180264,1
ENSG00000180269,0
ENSG00000180279,8
ENSG00000180284,2
ENSG00000180287,12
ENSG00000180304,8959
ENSG00000180305,0
ENSG00000180316,4
ENSG00000180318,1
ENSG00000180329,1124
ENSG00000180332,2
ENSG00000180336,17
ENSG00000180340,837
ENSG00000180346,390
ENSG00000180347,0
ENSG00000180353,1851
ENSG00000180354,1471
ENSG00000180357,9194
ENSG00000180370,4210
ENSG00000180376,811
ENSG00000180383,1
ENSG00000180385,61
ENSG00000180386,0
ENSG00000180389,22
ENSG00000180398,3968
ENSG00000180409,0
ENSG00000180422,2
ENSG00000180423,260
ENSG00000180424,0
ENSG00000180425,360
ENSG00000180432,6
ENSG00000180433,0
ENSG00000180437,0
ENSG00000180438,2
ENSG00000180440,0
ENSG00000180447,164
ENSG00000180448,2287
ENSG00000180458,11
ENSG00000180475,0
ENSG00000180479,251
ENSG00000180481,84
ENSG00000180483,0
ENSG00000180488,780
ENSG00000180509,3
ENSG00000180525,5
ENSG00000180530,1806
ENSG00000180532,1
ENSG00000180535,188
ENSG00000180537,2
ENSG00000180539,34
ENSG00000180543,1837
ENSG00000180549,35
ENSG00000180573,13195
ENSG00000180574,9
ENSG00000180581,0
ENSG00000180592,209
ENSG00000180596,413
ENSG00000180610,1
ENSG00000180611,232
ENSG00000180613,1
ENSG00000180616,36
ENSG00000180626,723
ENSG00000180628,969
ENSG00000180638,7
ENSG00000180644,115
ENSG00000180658,0
ENSG00000180660,347
ENSG00000180662,0
ENSG00000180663,0
ENSG00000180667,230
ENSG00000180673,0
ENSG00000180694,417
ENSG00000180697,3
ENSG00000180708,0
ENSG00000180712,11
ENSG00000180714,0
ENSG00000180720,1
ENSG00000180723,1
ENSG00000180730,41
ENSG00000180739,93
ENSG00000180745,5
ENSG00000180747,41
ENSG00000180758,502
ENSG00000180764,26
ENSG00000180767,16
ENSG00000180769,116
ENSG00000180770,0
ENSG00000180772,0
ENSG00000180773,249
ENSG00000180776,1810
ENSG00000180777,22
ENSG00000180785,276
ENSG00000180787,983
ENSG00000180801,66
ENSG00000180803,0
ENSG00000180806,340
ENSG00000180815,6
ENSG00000180817,3821
ENSG00000180818,17
ENSG00000180822,806
ENSG00000180828,27
ENSG00000180834,259
ENSG00000180846,1
ENSG00000180855,233
ENSG00000180861,2
ENSG00000180867,199
ENSG00000180869,0
ENSG00000180871,16
ENSG00000180872,0
ENSG00000180875,0
ENSG00000180878,8
ENSG00000180879,10518
ENSG00000180881,238
ENSG00000180884,439
ENSG00000180891,3754
ENSG00000180900,5226
ENSG00000180901,3228
ENSG00000180902,691
ENSG00000180909,0
ENSG00000180910,0
ENSG00000180913,0
ENSG00000180914,334
ENSG00000180917,1288
ENSG00000180919,1
ENSG00000180921,8237
ENSG00000180926,0
ENSG00000180929,22
ENSG00000180934,0
ENSG00000180938,253
ENSG00000180953,477
ENSG00000180957,1646
ENSG00000180964,3237
ENSG00000180974,0
ENSG00000180979,1427
ENSG00000180988,0
ENSG00000180992,2805
ENSG00000180998,52
ENSG00000180999,3
ENSG00000181001,0
ENSG00000181004,439
ENSG00000181007,536
ENSG00000181009,0
ENSG00000181013,0
ENSG00000181016,76
ENSG00000181017,0
ENSG00000181019,3473
ENSG00000181023,0
ENSG00000181026,3219
ENSG00000181027,617
ENSG00000181029,37
ENSG00000181031,1448
ENSG00000181035,755
ENSG00000181036,13
ENSG00000181038,1282
ENSG00000181045,1290
ENSG00000181061,3193
ENSG00000181072,1
ENSG00000181074,2
ENSG00000181085,877
ENSG00000181090,6932
ENSG00000181092,0
ENSG00000181097,29
ENSG00000181101,0
ENSG00000181104,1532
ENSG00000181109,0
ENSG00000181123,1
ENSG00000181126,110
ENSG00000181135,689
ENSG00000181143,4
ENSG00000181163,20942
ENSG00000181171,0
ENSG00000181191,1982
ENSG00000181192,1898
ENSG00000181195,1
ENSG00000181201,0
ENSG00000181211,0
ENSG00000181214,0
ENSG00000181215,147
ENSG00000181218,1127
ENSG00000181220,1991
ENSG00000181222,15686
ENSG00000181227,16
ENSG00000181234,0
ENSG00000181240,2
ENSG00000181260,0
ENSG00000181264,623
ENSG00000181273,0
ENSG00000181274,855
ENSG00000181282,0
ENSG00000181284,642
ENSG00000181291,17
ENSG00000181296,0
ENSG00000181315,308
ENSG00000181322,58
ENSG00000181323,0
ENSG00000181325,0
ENSG00000181333,8
ENSG00000181350,50
ENSG00000181355,0
ENSG00000181358,0
ENSG00000181359,4
ENSG00000181371,0
ENSG00000181374,2
ENSG00000181378,83
ENSG00000181381,1549
ENSG00000181392,2424
ENSG00000181395,0
ENSG00000181396,2728
ENSG00000181404,327
ENSG00000181408,0
ENSG00000181409,774
ENSG00000181418,0
ENSG00000181433,15
ENSG00000181444,3502
ENSG00000181449,0
ENSG00000181450,593
ENSG00000181458,1482
ENSG00000181467,1588
ENSG00000181472,1430
ENSG00000181481,2033
ENSG00000181499,0
ENSG00000181511,1
ENSG00000181513,1564
ENSG00000181514,0
ENSG00000181518,0
ENSG00000181523,4597
ENSG00000181524,142
ENSG00000181541,0
ENSG00000181544,19
ENSG00000181552,0
ENSG00000181555,5627
ENSG00000181562,1
ENSG00000181577,0
ENSG00000181585,4
ENSG00000181588,422
ENSG00000181609,0
ENSG00000181610,2995
ENSG00000181616,0
ENSG00000181617,2
ENSG00000181619,201
ENSG00000181625,0
ENSG00000181626,0
ENSG00000181631,198
ENSG00000181634,68
ENSG00000181638,813
ENSG00000181649,148
ENSG00000181652,437
ENSG00000181656,3
ENSG00000181666,4018
ENSG00000181689,0
ENSG00000181690,16
ENSG00000181693,0
ENSG00000181698,0
ENSG00000181704,4855
ENSG00000181705,0
ENSG00000181718,0
ENSG00000181722,45
ENSG00000181733,0
ENSG00000181741,3
ENSG00000181744,346
ENSG00000181751,2191
ENSG00000181752,0
ENSG00000181754,1408
ENSG00000181761,0
ENSG00000181767,0
ENSG00000181773,24
ENSG00000181778,1
ENSG00000181780,0
ENSG00000181781,1
ENSG00000181785,0
ENSG00000181786,0
ENSG00000181788,7245
ENSG00000181789,18847
ENSG00000181790,158
ENSG00000181798,28
ENSG00000181800,1
ENSG00000181803,1
ENSG00000181804,382
ENSG00000181817,1455
ENSG00000181819,0
ENSG00000181826,1326
ENSG00000181827,1986
ENSG00000181830,1275
ENSG00000181837,0
ENSG00000181847,23
ENSG00000181852,3013
ENSG00000181856,13
ENSG00000181867,0
ENSG00000181873,387
ENSG00000181885,5895
ENSG00000181894,1081
ENSG00000181896,503
ENSG00000181903,0
ENSG00000181904,1622
ENSG00000181908,49
ENSG00000181915,1204
ENSG00000181924,1783
ENSG00000181927,0
ENSG00000181929,4266
ENSG00000181935,0
ENSG00000181938,231
ENSG00000181939,0
ENSG00000181943,0
ENSG00000181950,0
ENSG00000181958,0
ENSG00000181961,0
ENSG00000181963,0
ENSG00000181965,0
ENSG00000181977,0
ENSG00000181982,1812
ENSG00000181984,0
ENSG00000181991,2493
ENSG00000181995,0
ENSG00000181997,0
ENSG00000182000,0
ENSG00000182004,2121
ENSG00000182010,62
ENSG00000182013,3101
ENSG00000182021,0
ENSG00000182022,4073
ENSG00000182035,0
ENSG00000182040,0
ENSG00000182048,20
ENSG00000182050,4
ENSG00000182053,0
ENSG00000182054,16917
ENSG00000182057,10
ENSG00000182070,0
ENSG00000182077,0
ENSG00000182083,0
ENSG00000182087,6962
ENSG00000182093,1233
ENSG00000182095,8640
ENSG00000182103,4
ENSG00000182107,2532
ENSG00000182108,291
ENSG00000182109,167
ENSG00000182111,0
ENSG00000182117,3481
ENSG00000182118,44
ENSG00000182132,2
ENSG00000182134,779
ENSG00000182141,405
ENSG00000182149,11005
ENSG00000182150,783
ENSG00000182154,3049
ENSG00000182156,1
ENSG00000182158,4318
ENSG00000182162,249
ENSG00000182165,1398
ENSG00000182168,1282
ENSG00000182170,0
ENSG00000182173,3435
ENSG00000182175,96
ENSG00000182177,0
ENSG00000182179,6297
ENSG00000182180,2364
ENSG00000182183,25
ENSG00000182185,92
ENSG00000182187,0
ENSG00000182195,6908
ENSG00000182196,104
ENSG00000182197,1516
ENSG00000182199,3233
ENSG00000182208,2121
ENSG00000182218,287
ENSG00000182220,6503
ENSG00000182223,0
ENSG00000182224,221
ENSG00000182230,4
ENSG00000182240,559
ENSG00000182247,866
ENSG00000182253,412
ENSG00000182255,3
ENSG00000182256,1
ENSG00000182257,23
ENSG00000182261,0
ENSG00000182263,22
ENSG00000182264,15
ENSG00000182271,0
ENSG00000182272,2294
ENSG00000182287,897
ENSG00000182307,3456
ENSG00000182308,26
ENSG00000182310,276
ENSG00000182315,0
ENSG00000182318,334
ENSG00000182324,107
ENSG00000182325,809
ENSG00000182326,1220
ENSG00000182327,39
ENSG00000182329,21
ENSG00000182330,0
ENSG00000182333,0
ENSG00000182334,0
ENSG00000182346,0
ENSG00000182347,0
ENSG00000182348,0
ENSG00000182351,0
ENSG00000182352,1
ENSG00000182359,198
ENSG00000182362,436
ENSG00000182365,0
ENSG00000182366,0
ENSG00000182372,482
ENSG00000182376,0
ENSG00000182378,725
ENSG00000182379,70
ENSG00000182383,0
ENSG00000182389,72
ENSG00000182393,1
ENSG00000182397,8
ENSG00000182400,1058
ENSG00000182405,285
ENSG00000182415,0
ENSG00000182446,6458
ENSG00000182447,0
ENSG00000182450,0
ENSG00000182459,3
ENSG00000182463,102
ENSG00000182472,6
ENSG00000182473,3960
ENSG00000182477,0
ENSG00000182481,2916
ENSG00000182484,377
ENSG00000182487,39
ENSG00000182489,12
ENSG00000182492,24199
ENSG00000182504,525
ENSG00000182508,2
ENSG00000182511,2566
ENSG00000182512,3674
ENSG00000182518,775
ENSG00000182521,1
ENSG00000182531,0
ENSG00000182533,0
ENSG00000182534,4242
ENSG00000182541,2968
ENSG00000182544,3691
ENSG00000182545,3
ENSG00000182551,1827
ENSG00000182552,579
ENSG00000182557,59
ENSG00000182565,0
ENSG00000182566,2
ENSG00000182568,2181
ENSG00000182574,2
ENSG00000182575,808
ENSG00000182578,4911
ENSG00000182580,5314
ENSG00000182583,0
ENSG00000182584,336
ENSG00000182585,2
ENSG00000182586,6
ENSG00000182591,0
ENSG00000182600,57
ENSG00000182601,1
ENSG00000182606,3908
ENSG00000182612,168
ENSG00000182613,0
ENSG00000182621,81
ENSG00000182625,1
ENSG00000182628,1702
ENSG00000182631,0
ENSG00000182632,0
ENSG00000182634,0
ENSG00000182636,243
ENSG00000182645,0
ENSG00000182648,265
ENSG00000182652,0
ENSG00000182667,250
ENSG00000182670,9691
ENSG00000182674,0
ENSG00000182676,3
ENSG00000182685,146
ENSG00000182687,1
ENSG00000182698,0
ENSG00000182700,509
ENSG00000182704,1189
ENSG00000182707,0
ENSG00000182712,0
ENSG00000182718,37374
ENSG00000182722,10
ENSG00000182732,6
ENSG00000182742,55
ENSG00000182747,0
ENSG00000182749,918
ENSG00000182752,26
ENSG00000182759,5
ENSG00000182768,4765
ENSG00000182771,80
ENSG00000182774,44165
ENSG00000182776,0
ENSG00000182782,25
ENSG00000182783,0
ENSG00000182791,159
ENSG00000182793,1
ENSG00000182795,130
ENSG00000182796,696
ENSG00000182798,3
ENSG00000182809,9181
ENSG00000182810,1068
ENSG00000182814,0
ENSG00000182816,0
ENSG00000182824,0
ENSG00000182827,2812
ENSG00000182831,2789
ENSG00000182836,20
ENSG00000182841,102
ENSG00000182853,311
ENSG00000182854,0
ENSG00000182858,1337
ENSG00000182866,70
ENSG00000182870,11
ENSG00000182871,9820
ENSG00000182872,5894
ENSG00000182873,59
ENSG00000182885,7
ENSG00000182888,1
ENSG00000182890,302
ENSG00000182896,0
ENSG00000182898,0
ENSG00000182899,23350
ENSG00000182901,1
ENSG00000182902,23
ENSG00000182903,796
ENSG00000182912,62
ENSG00000182916,24
ENSG00000182919,715
ENSG00000182921,0
ENSG00000182923,1462
ENSG00000182931,4
ENSG00000182934,6526
ENSG00000182938,0
ENSG00000182944,10696
ENSG00000182950,27
ENSG00000182952,3852
ENSG00000182957,3409
ENSG00000182963,1059
ENSG00000182965,0
ENSG00000182968,0
ENSG00000182973,2313
ENSG00000182974,0
ENSG00000182979,2982
ENSG00000182983,253
ENSG00000182985,1122
ENSG00000182986,1025
ENSG00000182993,247
ENSG00000183010,5826
ENSG00000183011,3380
ENSG00000183018,497
ENSG00000183019,1
ENSG00000183020,4650
ENSG00000183022,1
ENSG00000183023,227
ENSG00000183024,0
ENSG00000183032,19
ENSG00000183034,1
ENSG00000183035,0
ENSG00000183036,1
ENSG00000183044,3427
ENSG00000183048,1418
ENSG00000183049,2366
ENSG00000183054,2
ENSG00000183055,1
ENSG00000183060,161
ENSG00000183066,65
ENSG00000183067,11
ENSG00000183072,0
ENSG00000183077,1802
ENSG00000183087,11783
ENSG00000183090,0
ENSG00000183091,126
ENSG00000183092,175
ENSG00000183098,176
ENSG00000183111,1153
ENSG00000183114,77
ENSG00000183117,654
ENSG00000183122,0
ENSG00000183128,9
ENSG00000183130,0
ENSG00000183134,8
ENSG00000183137,442
ENSG00000183145,130
ENSG00000183146,0
ENSG00000183148,0
ENSG00000183150,9
ENSG00000183153,6
ENSG00000183154,9
ENSG00000183155,834
ENSG00000183160,769
ENSG00000183161,2007
ENSG00000183166,3
ENSG00000183169,0
ENSG00000183171,6
ENSG00000183172,2957
ENSG00000183185,0
ENSG00000183186,18
ENSG00000183196,25
ENSG00000183199,56
ENSG00000183206,0
ENSG00000183207,3884
ENSG00000183208,928
ENSG00000183230,19
ENSG00000183239,1
ENSG00000183242,1
ENSG00000183246,23
ENSG00000183248,1856
ENSG00000183249,0
ENSG00000183250,137
ENSG00000183251,0
ENSG00000183255,11690
ENSG00000183258,4692
ENSG00000183260,0
ENSG00000183269,0
ENSG00000183273,0
ENSG00000183281,3
ENSG00000183283,14958
ENSG00000183287,18
ENSG00000183291,4558
ENSG00000183292,0
ENSG00000183298,132
ENSG00000183303,0
ENSG00000183304,0
ENSG00000183305,0
ENSG00000183307,169
ENSG00000183308,6
ENSG00000183309,1825
ENSG00000183310,0
ENSG00000183313,1
ENSG00000183317,615
ENSG00000183318,1
ENSG00000183323,2809
ENSG00000183324,3
ENSG00000183336,0
ENSG00000183337,3319
ENSG00000183340,185
ENSG00000183346,141
ENSG00000183347,4
ENSG00000183354,1753
ENSG00000183378,1
ENSG00000183379,1
ENSG00000183385,0
ENSG00000183386,930
ENSG00000183389,0
ENSG00000183395,2
ENSG00000183396,1
ENSG00000183397,173
ENSG00000183401,942
ENSG00000183421,14
ENSG00000183423,6
ENSG00000183426,166
ENSG00000183431,3890
ENSG00000183432,0
ENSG00000183434,1
ENSG00000183439,6
ENSG00000183444,261
ENSG00000183454,4
ENSG00000183458,91
ENSG00000183463,0
ENSG00000183470,0
ENSG00000183474,136
ENSG00000183475,1344
ENSG00000183476,2
ENSG00000183479,16
ENSG00000183484,128
ENSG00000183486,576
ENSG00000183495,3303
ENSG00000183496,375
ENSG00000183506,230
ENSG00000183508,361
ENSG00000183513,1254
ENSG00000183514,0
ENSG00000183520,1208
ENSG00000183527,912
ENSG00000183530,1607
ENSG00000183535,0
ENSG00000183542,3
ENSG00000183549,19
ENSG00000183559,0
ENSG00000183560,0
ENSG00000183562,3
ENSG00000183566,0
ENSG00000183569,47
ENSG00000183570,14
ENSG00000183571,13
ENSG00000183576,2693
ENSG00000183578,213
ENSG00000183579,11
ENSG00000183580,14528
ENSG00000183586,1
ENSG00000183597,1265
ENSG00000183598,3
ENSG00000183604,39
ENSG00000183605,1035
ENSG00000183607,0
ENSG00000183615,428
ENSG00000183617,2317
ENSG00000183621,263
ENSG00000183624,3051
ENSG00000183625,6
ENSG00000183628,168
ENSG00000183629,0
ENSG00000183631,0
ENSG00000183632,0
ENSG00000183638,8
ENSG00000183640,0
ENSG00000183643,0
ENSG00000183644,2
ENSG00000183647,198
ENSG00000183648,1961
ENSG00000183654,0
ENSG00000183655,765
ENSG00000183662,2
ENSG00000183663,0
ENSG00000183665,1446
ENSG00000183666,276
ENSG00000183668,0
ENSG00000183671,10
ENSG00000183674,1
ENSG00000183682,37
ENSG00000183684,2621
ENSG00000183688,1130
ENSG00000183690,201
ENSG00000183691,0
ENSG00000183695,0
ENSG00000183696,435
ENSG00000183704,0
ENSG00000183706,0
ENSG00000183709,0
ENSG00000183715,16
ENSG00000183718,622
ENSG00000183722,1583
ENSG00000183723,2005
ENSG00000183726,5453
ENSG00000183729,0
ENSG00000183733,2
ENSG00000183734,29
ENSG00000183735,1980
ENSG00000183741,6128
ENSG00000183742,131
ENSG00000183747,0
ENSG00000183751,2395
ENSG00000183753,0
ENSG00000183760,2
ENSG00000183762,0
ENSG00000183763,192
ENSG00000183765,384
ENSG00000183770,2
ENSG00000183773,163
ENSG00000183775,0
ENSG00000183778,0
ENSG00000183779,694
ENSG00000183780,198
ENSG00000183783,3
ENSG00000183784,50
ENSG00000183785,60
ENSG00000183791,0
ENSG00000183793,62
ENSG00000183795,0
ENSG00000183798,1
ENSG00000183801,267
ENSG00000183807,63
ENSG00000183808,708
ENSG00000183813,13
ENSG00000183814,162
ENSG00000183822,1
ENSG00000183826,2089
ENSG00000183828,667
ENSG00000183831,3
ENSG00000183833,894
ENSG00000183837,3
ENSG00000183840,103
ENSG00000183844,52
ENSG00000183850,19
ENSG00000183853,1407
ENSG00000183856,240
ENSG00000183862,0
ENSG00000183864,2197
ENSG00000183873,5
ENSG00000183876,20
ENSG00000183878,0
ENSG00000183888,10775
ENSG00000183889,15
ENSG00000183891,139
ENSG00000183908,28
ENSG00000183909,0
ENSG00000183911,0
ENSG00000183914,741
ENSG00000183918,10
ENSG00000183921,20
ENSG00000183929,0
ENSG00000183935,262
ENSG00000183938,0
ENSG00000183943,515
ENSG00000183955,1800
ENSG00000183960,0
ENSG00000183963,1714
ENSG00000183971,10
ENSG00000183977,17
ENSG00000183978,5523
ENSG00000183979,1
ENSG00000183981,0
ENSG00000184005,165
ENSG00000184007,17062
ENSG00000184009,117410
ENSG00000184012,12
ENSG00000184014,2826
ENSG00000184022,0
ENSG00000184029,0
ENSG00000184032,0
ENSG00000184033,0
ENSG00000184047,392
ENSG00000184055,1
ENSG00000184056,1687
ENSG00000184058,37
ENSG00000184060,1166
ENSG00000184068,148
ENSG00000184076,2418
ENSG00000184083,2035
ENSG00000184084,0
ENSG00000184100,11
ENSG00000184106,3
ENSG00000184108,0
ENSG00000184110,456
ENSG00000184111,0
ENSG00000184113,1095
ENSG00000184115,0
ENSG00000184117,3602
ENSG00000184139,0
ENSG00000184140,0
ENSG00000184144,20
ENSG00000184148,0
ENSG00000184154,2644
ENSG00000184155,0
ENSG00000184156,238
ENSG00000184160,64
ENSG00000184162,1218
ENSG00000184163,35
ENSG00000184164,2790
ENSG00000184166,0
ENSG00000184178,1492
ENSG00000184182,1494
ENSG00000184185,36
ENSG00000184188,4
ENSG00000184194,2578
ENSG00000184203,2392
ENSG00000184205,3968
ENSG00000184206,5
ENSG00000184207,1011
ENSG00000184208,605
ENSG00000184209,1256
ENSG00000184210,1
ENSG00000184216,7632
ENSG00000184220,1032
ENSG00000184221,149
ENSG00000184224,0
ENSG00000184226,570
ENSG00000184227,118
ENSG00000184232,1706
ENSG00000184254,183
ENSG00000184258,8
ENSG00000184260,43
ENSG00000184261,19
ENSG00000184270,1
ENSG00000184271,783
ENSG00000184274,4
ENSG00000184276,1
ENSG00000184277,4324
ENSG00000184281,2960
ENSG00000184292,78
ENSG00000184293,15
ENSG00000184302,0
ENSG00000184303,0
ENSG00000184304,116
ENSG00000184305,272
ENSG00000184307,257
ENSG00000184313,46
ENSG00000184319,257
ENSG00000184321,0
ENSG00000184330,0
ENSG00000184343,155
ENSG00000184344,5
ENSG00000184345,0
ENSG00000184347,1146
ENSG00000184349,414
ENSG00000184350,87
ENSG00000184351,0
ENSG00000184357,3
ENSG00000184361,7
ENSG00000184363,8107
ENSG00000184368,11
ENSG00000184371,7662
ENSG00000184374,1
ENSG00000184378,40
ENSG00000184381,1310
ENSG00000184384,253
ENSG00000184385,0
ENSG00000184388,0
ENSG00000184389,1
ENSG00000184394,0
ENSG00000184402,856
ENSG00000184408,8749
ENSG00000184414,3
ENSG00000184423,0
ENSG00000184428,2066
ENSG00000184432,16329
ENSG00000184434,18
ENSG00000184436,1366
ENSG00000184441,78
ENSG00000184445,675
ENSG00000184451,43
ENSG00000184454,15
ENSG00000184459,0
ENSG00000184465,451
ENSG00000184470,2089
ENSG00000184471,0
ENSG00000184478,0
ENSG00000184481,420
ENSG00000184486,4
ENSG00000184489,4391
ENSG00000184492,4
ENSG00000184497,665
ENSG00000184500,383
ENSG00000184502,0
ENSG00000184507,3
ENSG00000184508,1689
ENSG00000184515,356
ENSG00000184517,466
ENSG00000184523,1
ENSG00000184524,16
ENSG00000184530,9
ENSG00000184544,0
ENSG00000184545,2503
ENSG00000184557,1525
ENSG00000184560,0
ENSG00000184564,6
ENSG00000184566,0
ENSG00000184571,0
ENSG00000184574,419
ENSG00000184575,3642
ENSG00000184584,1997
ENSG00000184588,104
ENSG00000184599,22
ENSG00000184601,67
ENSG00000184602,1981
ENSG00000184608,3
ENSG00000184611,2
ENSG00000184612,0
ENSG00000184613,60
ENSG00000184616,77
ENSG00000184617,0
ENSG00000184619,37
ENSG00000184624,0
ENSG00000184634,2070
ENSG00000184635,411
ENSG00000184640,21204
ENSG00000184647,0
ENSG00000184650,1
ENSG00000184659,1
ENSG00000184661,54
ENSG00000184669,88
ENSG00000184672,0
ENSG00000184675,353
ENSG00000184677,2749
ENSG00000184678,5021
ENSG00000184682,9
ENSG00000184697,2
ENSG00000184698,0
ENSG00000184702,1854
ENSG00000184708,1302
ENSG00000184709,11
ENSG00000184716,0
ENSG00000184719,219
ENSG00000184724,0
ENSG00000184730,513
ENSG00000184731,487
ENSG00000184735,0
ENSG00000184741,0
ENSG00000184743,2201
ENSG00000184752,1188
ENSG00000184761,0
ENSG00000184774,1
ENSG00000184785,412
ENSG00000184786,76
ENSG00000184787,4164
ENSG00000184788,0
ENSG00000184789,0
ENSG00000184792,771
ENSG00000184795,0
ENSG00000184809,0
ENSG00000184811,0
ENSG00000184814,0
ENSG00000184828,383
ENSG00000184831,1379
ENSG00000184838,59
ENSG00000184840,8909
ENSG00000184844,0
ENSG00000184845,4
ENSG00000184856,0
ENSG00000184857,394
ENSG00000184860,0
ENSG00000184863,2048
ENSG00000184867,371
ENSG00000184881,0
ENSG00000184887,2507
ENSG00000184895,0
ENSG00000184897,14226
ENSG00000184898,1297
ENSG00000184900,4157
ENSG00000184903,523
ENSG00000184905,1
ENSG00000184906,0
ENSG00000184908,9
ENSG00000184911,15
ENSG00000184916,2266
ENSG00000184922,795
ENSG00000184923,25
ENSG00000184924,709
ENSG00000184925,91
ENSG00000184933,0
ENSG00000184937,4
ENSG00000184939,1681
ENSG00000184945,0
ENSG00000184949,235
ENSG00000184954,0
ENSG00000184956,5
ENSG00000184961,1
ENSG00000184967,1258
ENSG00000184979,927
ENSG00000184983,1537
ENSG00000184984,9
ENSG00000184985,81
ENSG00000184986,645
ENSG00000184988,1130
ENSG00000184990,2285
ENSG00000184991,0
ENSG00000184992,1786
ENSG00000184995,0
ENSG00000184999,1
ENSG00000185000,2247
ENSG00000185002,0
ENSG00000185008,6
ENSG00000185009,2470
ENSG00000185010,1461
ENSG00000185013,4
ENSG00000185015,62
ENSG00000185019,1339
ENSG00000185022,652
ENSG00000185024,3079
ENSG00000185028,8
ENSG00000185031,7
ENSG00000185033,6804
ENSG00000185037,0
ENSG00000185038,2
ENSG00000185040,0
ENSG00000185041,0
ENSG00000185043,16443
ENSG00000185046,435
ENSG00000185049,2024
ENSG00000185052,42
ENSG00000185053,0
ENSG00000185055,22
ENSG00000185056,2
ENSG00000185065,25
ENSG00000185069,0
ENSG00000185070,102
ENSG00000185074,0
ENSG00000185078,1
ENSG00000185085,1470
ENSG00000185087,0
ENSG00000185088,4842
ENSG00000185090,1587
ENSG00000185100,423
ENSG00000185101,2176
ENSG00000185104,1173
ENSG00000185105,6
ENSG00000185112,1505
ENSG00000185115,1929
ENSG00000185122,6264
ENSG00000185127,1581
ENSG00000185129,1308
ENSG00000185130,18
ENSG00000185133,1651
ENSG00000185149,0
ENSG00000185155,2
ENSG00000185156,473
ENSG00000185158,383
ENSG00000185163,2296
ENSG00000185164,407
ENSG00000185168,0
ENSG00000185176,0
ENSG00000185177,0
ENSG00000185182,0
ENSG00000185186,1
ENSG00000185187,4067
ENSG00000185189,1060
ENSG00000185198,2
ENSG00000185201,7595
ENSG00000185203,0
ENSG00000185215,3878
ENSG00000185219,2209
ENSG00000185220,303
ENSG00000185221,0
ENSG00000185222,1395
ENSG00000185231,0
ENSG00000185236,3779
ENSG00000185238,534
ENSG00000185245,35
ENSG00000185246,1097
ENSG00000185247,0
ENSG00000185250,241
ENSG00000185252,721
ENSG00000185261,123
ENSG00000185262,2082
ENSG00000185264,0
ENSG00000185267,147
ENSG00000185269,3
ENSG00000185271,1
ENSG00000185272,190
ENSG00000185274,52
ENSG00000185275,0
ENSG00000185278,1033
ENSG00000185290,6
ENSG00000185291,455
ENSG00000185294,1
ENSG00000185296,0
ENSG00000185298,1169
ENSG00000185303,5
ENSG00000185304,0
ENSG00000185305,1213
ENSG00000185306,1
ENSG00000185313,0
ENSG00000185319,0
ENSG00000185324,3864
ENSG00000185332,0
ENSG00000185338,31
ENSG00000185339,1152
ENSG00000185340,1846
ENSG00000185344,741
ENSG00000185345,368
ENSG00000185347,410
ENSG00000185352,4
ENSG00000185359,4459
ENSG00000185361,1590
ENSG00000185372,0
ENSG00000185379,1371
ENSG00000185385,0
ENSG00000185386,1428
ENSG00000185390,0
ENSG00000185404,235
ENSG00000185414,1428
ENSG00000185418,1183
ENSG00000185420,245
ENSG00000185432,1418
ENSG00000185433,1
ENSG00000185436,431
ENSG00000185437,978
ENSG00000185442,8839
ENSG00000185448,0
ENSG00000185453,493
ENSG00000185467,0
ENSG00000185475,1722
ENSG00000185477,5136
ENSG00000185479,0
ENSG00000185480,126
ENSG00000185482,304
ENSG00000185483,47
ENSG00000185485,421
ENSG00000185495,75
ENSG00000185499,12761
ENSG00000185504,4172
ENSG00000185507,2299
ENSG00000185513,587
ENSG00000185515,1360
ENSG00000185518,8
ENSG00000185519,10
ENSG00000185522,669
ENSG00000185523,6
ENSG00000185527,39
ENSG00000185532,325
ENSG00000185551,1053
ENSG00000185559,0
ENSG00000185561,235
ENSG00000185565,13
ENSG00000185567,1589
ENSG00000185585,2833
ENSG00000185591,6369
ENSG00000185594,0
ENSG00000185596,678
ENSG00000185607,0
ENSG00000185608,1078
ENSG00000185610,0
ENSG00000185614,239
ENSG00000185615,40
ENSG00000185619,2652
ENSG00000185621,1145
ENSG00000185624,39531
ENSG00000185627,6133
ENSG00000185630,10718
ENSG00000185631,1
ENSG00000185633,2147
ENSG00000185634,13
ENSG00000185638,0
ENSG00000185640,2
ENSG00000185641,271
ENSG00000185650,2802
ENSG00000185651,3911
ENSG00000185652,9
ENSG00000185658,2231
ENSG00000185662,4
ENSG00000185664,59
ENSG00000185666,10
ENSG00000185668,1
ENSG00000185669,53
ENSG00000185670,328
ENSG00000185674,7
ENSG00000185681,20
ENSG00000185684,453
ENSG00000185686,0
ENSG00000185689,2
ENSG00000185697,70
ENSG00000185700,0
ENSG00000185701,0
ENSG00000185710,0
ENSG00000185716,670
ENSG00000185721,2266
ENSG00000185722,2942
ENSG00000185728,2296
ENSG00000185730,417
ENSG00000185736,1
ENSG00000185737,18
ENSG00000185739,21
ENSG00000185742,0
ENSG00000185745,4691
ENSG00000185753,1462
ENSG00000185758,0
ENSG00000185760,18
ENSG00000185761,14
ENSG00000185774,28
ENSG00000185775,0
ENSG00000185787,12859
ENSG00000185792,0
ENSG00000185798,321
ENSG00000185800,1629
ENSG00000185803,1718
ENSG00000185808,1669
ENSG00000185811,262
ENSG00000185813,2705
ENSG00000185818,30
ENSG00000185821,0
ENSG00000185823,0
ENSG00000185825,13930
ENSG00000185829,37
ENSG00000185834,24
ENSG00000185837,6
ENSG00000185838,258
ENSG00000185839,3
ENSG00000185842,344
ENSG00000185847,0
ENSG00000185860,0
ENSG00000185862,400
ENSG00000185863,1
ENSG00000185864,112
ENSG00000185869,304
ENSG00000185873,0
ENSG00000185875,1039
ENSG00000185880,3021
ENSG00000185883,2685
ENSG00000185885,2144
ENSG00000185888,0
ENSG00000185894,0
ENSG00000185896,20211
ENSG00000185897,3
ENSG00000185899,0
ENSG00000185900,45
ENSG00000185903,0
ENSG00000185904,79
ENSG00000185905,60
ENSG00000185909,1941
ENSG00000185915,1
ENSG00000185917,647
ENSG00000185920,334
ENSG00000185924,4449
ENSG00000185926,0
ENSG00000185933,5
ENSG00000185940,1
ENSG00000185942,0
ENSG00000185946,375
ENSG00000185947,467
ENSG00000185950,1177
ENSG00000185955,25
ENSG00000185958,20
ENSG00000185960,0
ENSG00000185962,0
ENSG00000185963,1730
ENSG00000185966,0
ENSG00000185972,8
ENSG00000185973,593
ENSG00000185974,17
ENSG00000185982,0
ENSG00000185985,4
ENSG00000185986,574
ENSG00000185988,4
ENSG00000185989,1477
ENSG00000186001,1509
ENSG00000186007,1
ENSG00000186008,0
ENSG00000186009,0
ENSG00000186010,1649
ENSG00000186017,395
ENSG00000186019,12
ENSG00000186020,537
ENSG00000186026,149
ENSG00000186038,0
ENSG00000186047,35
ENSG00000186049,0
ENSG00000186051,8
ENSG00000186056,163
ENSG00000186063,773
ENSG00000186073,248
ENSG00000186074,112
ENSG00000186075,0
ENSG00000186076,1
ENSG00000186081,47
ENSG00000186082,1
ENSG00000186086,59
ENSG00000186088,2010
ENSG00000186090,0
ENSG00000186092,0
ENSG00000186094,42
ENSG00000186103,0
ENSG00000186104,650
ENSG00000186105,16
ENSG00000186106,1372
ENSG00000186111,3193
ENSG00000186113,0
ENSG00000186115,0
ENSG00000186117,0
ENSG00000186118,4
ENSG00000186119,0
ENSG00000186124,0
ENSG00000186130,770
ENSG00000186132,380
ENSG00000186136,0
ENSG00000186141,1295
ENSG00000186143,0
ENSG00000186146,0
ENSG00000186148,2
ENSG00000186150,2
ENSG00000186152,2
ENSG00000186153,1004
ENSG00000186160,24
ENSG00000186162,454
ENSG00000186163,0
ENSG00000186166,444
ENSG00000186174,2010
ENSG00000186184,7016
ENSG00000186185,161
ENSG00000186187,1075
ENSG00000186188,43
ENSG00000186190,0
ENSG00000186191,0
ENSG00000186193,1003
ENSG00000186197,17
ENSG00000186198,14
ENSG00000186204,0
ENSG00000186205,145
ENSG00000186207,0
ENSG00000186212,33
ENSG00000186222,782
ENSG00000186223,0
ENSG00000186226,0
ENSG00000186230,179
ENSG00000186231,159
ENSG00000186232,0
ENSG00000186234,7
ENSG00000186235,9
ENSG00000186244,1
ENSG00000186260,1888
ENSG00000186265,5
ENSG00000186268,0
ENSG00000186272,214
ENSG00000186280,93
ENSG00000186281,41
ENSG00000186283,3378
ENSG00000186288,0
ENSG00000186297,0
ENSG00000186298,5532
ENSG00000186300,476
ENSG00000186301,68
ENSG00000186306,0
ENSG00000186310,458
ENSG00000186312,198
ENSG00000186314,104
ENSG00000186318,2428
ENSG00000186326,0
ENSG00000186328,0
ENSG00000186329,1
ENSG00000186334,0
ENSG00000186335,1
ENSG00000186340,1706
ENSG00000186350,7693
ENSG00000186352,319
ENSG00000186354,12
ENSG00000186364,125
ENSG00000186367,1
ENSG00000186369,0
ENSG00000186376,1057
ENSG00000186377,1236
ENSG00000186393,0
ENSG00000186395,1488
ENSG00000186399,17
ENSG00000186400,0
ENSG00000186407,38
ENSG00000186409,401
ENSG00000186416,577
ENSG00000186417,351
ENSG00000186431,2
ENSG00000186432,3925
ENSG00000186439,1
ENSG00000186440,0
ENSG00000186442,0
ENSG00000186446,174
ENSG00000186448,1600
ENSG00000186451,2
ENSG00000186452,0
ENSG00000186453,10
ENSG00000186458,6
ENSG00000186462,0
ENSG00000186466,0
ENSG00000186468,22120
ENSG00000186469,429
ENSG00000186470,4187
ENSG00000186471,161
ENSG00000186472,1329
ENSG00000186474,0
ENSG00000186479,9
ENSG00000186480,3185
ENSG00000186481,37
ENSG00000186487,1
ENSG00000186493,53
ENSG00000186496,955
ENSG00000186501,2910
ENSG00000186508,0
ENSG00000186509,0
ENSG00000186510,124
ENSG00000186513,0
ENSG00000186517,776
ENSG00000186522,942
ENSG00000186523,83
ENSG00000186526,0
ENSG00000186529,1
ENSG00000186532,742
ENSG00000186543,7
ENSG00000186562,0
ENSG00000186564,33
ENSG00000186566,3086
ENSG00000186567,163
ENSG00000186572,0
ENSG00000186575,2888
ENSG00000186577,2677
ENSG00000186579,0
ENSG00000186583,3
ENSG00000186591,10472
ENSG00000186594,285
ENSG00000186599,0
ENSG00000186603,14
ENSG00000186615,83
ENSG00000186625,673
ENSG00000186628,13
ENSG00000186635,4625
ENSG00000186638,386
ENSG00000186642,319
ENSG00000186645,1
ENSG00000186648,99
ENSG00000186652,4
ENSG00000186654,478
ENSG00000186660,1947
ENSG00000186665,1280
ENSG00000186666,516
ENSG00000186675,3
ENSG00000186676,2
ENSG00000186678,0
ENSG00000186684,0
ENSG00000186687,482
ENSG00000186704,30
ENSG00000186710,5
ENSG00000186714,17
ENSG00000186715,30
ENSG00000186716,4338
ENSG00000186723,0
ENSG00000186732,9
ENSG00000186743,1
ENSG00000186765,167
ENSG00000186766,12
ENSG00000186767,203
ENSG00000186777,37
ENSG00000186787,133
ENSG00000186788,0
ENSG00000186790,0
ENSG00000186792,208
ENSG00000186795,0
ENSG00000186803,0
ENSG00000186806,54
ENSG00000186810,39
ENSG00000186812,2538
ENSG00000186814,1193
ENSG00000186815,3755
ENSG00000186818,578
ENSG00000186825,0
ENSG00000186827,244
ENSG00000186831,0
ENSG00000186832,3
ENSG00000186834,3954
ENSG00000186838,0
ENSG00000186842,4
ENSG00000186844,0
ENSG00000186847,2
ENSG00000186854,14
ENSG00000186860,0
ENSG00000186862,108
ENSG00000186866,2259
ENSG00000186867,25
ENSG00000186868,2003
ENSG00000186871,72
ENSG00000186881,0
ENSG00000186886,0
ENSG00000186889,314
ENSG00000186891,36
ENSG00000186895,2
ENSG00000186897,1
ENSG00000186907,321
ENSG00000186908,1533
ENSG00000186910,4204
ENSG00000186912,0
ENSG00000186918,3606
ENSG00000186919,30
ENSG00000186924,0
ENSG00000186925,0
ENSG00000186930,0
ENSG00000186940,292
ENSG00000186943,0
ENSG00000186951,272
ENSG00000186952,103
ENSG00000186960,0
ENSG00000186965,0
ENSG00000186967,0
ENSG00000186970,0
ENSG00000186971,0
ENSG00000186973,156
ENSG00000186976,177
ENSG00000186977,0
ENSG00000186980,0
ENSG00000186994,201
ENSG00000186998,2724
ENSG00000187003,0
ENSG00000187005,0
ENSG00000187010,0
ENSG00000187012,0
ENSG00000187013,34
ENSG00000187017,8
ENSG00000187021,0
ENSG00000187024,25
ENSG00000187026,0
ENSG00000187033,0
ENSG00000187037,21
ENSG00000187045,1810
ENSG00000187048,4
ENSG00000187049,844
ENSG00000187051,2388
ENSG00000187054,0
ENSG00000187066,64
ENSG00000187068,199
ENSG00000187079,1511
ENSG00000187080,1
ENSG00000187082,0
ENSG00000187091,462
ENSG00000187094,0
ENSG00000187097,460
ENSG00000187098,425
ENSG00000187103,0
ENSG00000187105,24
ENSG00000187109,15651
ENSG00000187116,35
ENSG00000187118,1088
ENSG00000187122,1045
ENSG00000187123,233
ENSG00000187134,33
ENSG00000187135,0
ENSG00000187140,0
ENSG00000187144,0
ENSG00000187147,3739
ENSG00000187151,5
ENSG00000187164,1637
ENSG00000187166,1
ENSG00000187170,0
ENSG00000187172,0
ENSG00000187173,0
ENSG00000187175,0
ENSG00000187180,0
ENSG00000187185,3
ENSG00000187186,58
ENSG00000187187,394
ENSG00000187189,2481
ENSG00000187191,0
ENSG00000187193,449
ENSG00000187210,1952
ENSG00000187223,0
ENSG00000187229,0
ENSG00000187231,903
ENSG00000187238,0
ENSG00000187239,2564
ENSG00000187240,534
ENSG00000187242,1
ENSG00000187243,0
ENSG00000187244,60029
ENSG00000187257,2451
ENSG00000187258,2
ENSG00000187260,37
ENSG00000187266,344
ENSG00000187268,1
ENSG00000187272,0
ENSG00000187288,0
ENSG00000187323,1
ENSG00000187325,3206
ENSG00000187372,160
ENSG00000187391,661
ENSG00000187398,7
ENSG00000187416,0
ENSG00000187446,6701
ENSG00000187472,0
ENSG00000187474,424
ENSG00000187475,2
ENSG00000187479,820
ENSG00000187481,1
ENSG00000187483,0
ENSG00000187486,664
ENSG00000187492,1
ENSG00000187498,34399
ENSG00000187504,0
ENSG00000187510,0
ENSG00000187513,1668
ENSG00000187514,20266
ENSG00000187516,2
ENSG00000187522,955
ENSG00000187527,1
ENSG00000187531,1433
ENSG00000187533,0
ENSG00000187534,55
ENSG00000187535,4453
ENSG00000187536,0
ENSG00000187537,0
ENSG00000187545,0
ENSG00000187546,3
ENSG00000187550,0
ENSG00000187553,2
ENSG00000187554,213
ENSG00000187555,9970
ENSG00000187556,36
ENSG00000187559,0
ENSG00000187566,319
ENSG00000187569,0
ENSG00000187581,0
ENSG00000187583,32
ENSG00000187589,0
ENSG00000187595,92
ENSG00000187600,0
ENSG00000187601,2115
ENSG00000187605,723
ENSG00000187607,278
ENSG00000187608,11258
ENSG00000187609,1081
ENSG00000187612,0
ENSG00000187616,0
ENSG00000187621,0
ENSG00000187624,1004
ENSG00000187626,478
ENSG00000187627,0
ENSG00000187630,1202
ENSG00000187634,17
ENSG00000187642,25
ENSG00000187650,735
ENSG00000187653,23
ENSG00000187657,0
ENSG00000187658,2
ENSG00000187664,0
ENSG00000187672,47
ENSG00000187676,249
ENSG00000187678,2060
ENSG00000187682,5
ENSG00000187686,3
ENSG00000187688,461
ENSG00000187689,0
ENSG00000187690,0
ENSG00000187695,251
ENSG00000187699,12
ENSG00000187701,0
ENSG00000187713,2605
ENSG00000187714,0
ENSG00000187715,6
ENSG00000187720,26546
ENSG00000187721,0
ENSG00000187726,2
ENSG00000187730,953
ENSG00000187733,0
ENSG00000187735,2352
ENSG00000187736,32
ENSG00000187741,243
ENSG00000187742,4747
ENSG00000187747,0
ENSG00000187753,1
ENSG00000187754,0
ENSG00000187758,0
ENSG00000187762,0
ENSG00000187763,0
ENSG00000187764,2921
ENSG00000187766,0
ENSG00000187772,0
ENSG00000187773,7
ENSG00000187775,105
ENSG00000187778,3664
ENSG00000187783,0
ENSG00000187790,167
ENSG00000187791,0
ENSG00000187792,247
ENSG00000187796,196
ENSG00000187800,426
ENSG00000187801,74
ENSG00000187806,0
ENSG00000187808,87
ENSG00000187812,0
ENSG00000187815,304
ENSG00000187821,0
ENSG00000187823,0
ENSG00000187824,41
ENSG00000187833,0
ENSG00000187837,4239
ENSG00000187838,12
ENSG00000187840,1991
ENSG00000187847,0
ENSG00000187848,0
ENSG00000187855,0
ENSG00000187857,0
ENSG00000187860,183
ENSG00000187862,0
ENSG00000187866,1884
ENSG00000187867,7
ENSG00000187870,9
ENSG00000187871,0
ENSG00000187889,67
ENSG00000187893,0
ENSG00000187900,0
ENSG00000187902,3
ENSG00000187904,0
ENSG00000187905,1
ENSG00000187908,12
ENSG00000187912,12
ENSG00000187918,0
ENSG00000187922,0
ENSG00000187942,92
ENSG00000187944,1
ENSG00000187950,0
ENSG00000187951,105
ENSG00000187952,44
ENSG00000187953,351
ENSG00000187954,3397
ENSG00000187955,544
ENSG00000187957,76
ENSG00000187959,14
ENSG00000187961,261
ENSG00000187969,2
ENSG00000187979,4
ENSG00000187980,11
ENSG00000187984,106
ENSG00000187987,3
ENSG00000187988,0
ENSG00000187994,1397
ENSG00000187997,8
ENSG00000187999,1
ENSG00000188000,3
ENSG00000188001,1787
ENSG00000188002,550
ENSG00000188004,151
ENSG00000188010,462
ENSG00000188011,0
ENSG00000188013,211
ENSG00000188015,15
ENSG00000188021,3709
ENSG00000188026,786
ENSG00000188029,0
ENSG00000188032,4
ENSG00000188033,65
ENSG00000188037,3
ENSG00000188038,0
ENSG00000188039,65
ENSG00000188042,505
ENSG00000188050,1
ENSG00000188051,24
ENSG00000188056,7
ENSG00000188060,142
ENSG00000188064,19
ENSG00000188069,0
ENSG00000188070,524
ENSG00000188076,0
ENSG00000188078,0
ENSG00000188086,20
ENSG00000188089,1
ENSG00000188092,336
ENSG00000188095,1
ENSG00000188100,0
ENSG00000188101,0
ENSG00000188107,30
ENSG00000188112,1553
ENSG00000188120,0
ENSG00000188124,0
ENSG00000188130,1052
ENSG00000188133,0
ENSG00000188152,14
ENSG00000188153,1158
ENSG00000188155,0
ENSG00000188157,9447
ENSG00000188158,54
ENSG00000188162,0
ENSG00000188163,11
ENSG00000188167,56
ENSG00000188171,1161
ENSG00000188175,46
ENSG00000188176,6
ENSG00000188177,852
ENSG00000188185,519
ENSG00000188186,3405
ENSG00000188191,1431
ENSG00000188199,10
ENSG00000188206,94
ENSG00000188211,143
ENSG00000188215,546
ENSG00000188219,0
ENSG00000188223,1
ENSG00000188227,349
ENSG00000188229,12275
ENSG00000188234,21
ENSG00000188242,672
ENSG00000188243,3104
ENSG00000188257,8
ENSG00000188263,1710
ENSG00000188266,371
ENSG00000188269,0
ENSG00000188277,75
ENSG00000188280,4
ENSG00000188282,9
ENSG00000188283,329
ENSG00000188290,518
ENSG00000188293,0
ENSG00000188295,266
ENSG00000188305,41
ENSG00000188306,1
ENSG00000188312,1607
ENSG00000188313,1731
ENSG00000188314,0
ENSG00000188315,786
ENSG00000188316,61
ENSG00000188321,676
ENSG00000188322,1231
ENSG00000188324,0
ENSG00000188334,0
ENSG00000188338,5
ENSG00000188340,0
ENSG00000188342,1734
ENSG00000188343,445
ENSG00000188352,1793
ENSG00000188365,3
ENSG00000188368,312
ENSG00000188372,830
ENSG00000188373,0
ENSG00000188375,3
ENSG00000188379,0
ENSG00000188383,2
ENSG00000188385,718
ENSG00000188386,1
ENSG00000188388,0
ENSG00000188389,10
ENSG00000188393,0
ENSG00000188394,1
ENSG00000188396,27
ENSG00000188399,0
ENSG00000188403,0
ENSG00000188404,121
ENSG00000188408,0
ENSG00000188419,891
ENSG00000188425,0
ENSG00000188428,645
ENSG00000188438,0
ENSG00000188439,0
ENSG00000188451,4
ENSG00000188452,349
ENSG00000188459,1
ENSG00000188460,1
ENSG00000188467,1
ENSG00000188477,18
ENSG00000188483,780
ENSG00000188486,1526
ENSG00000188487,0
ENSG00000188488,19545
ENSG00000188493,776
ENSG00000188501,23
ENSG00000188505,1
ENSG00000188508,6
ENSG00000188511,48
ENSG00000188512,1
ENSG00000188517,5
ENSG00000188522,1658
ENSG00000188523,3
ENSG00000188525,0
ENSG00000188529,3772
ENSG00000188536,1909
ENSG00000188542,403
ENSG00000188549,3607
ENSG00000188554,19671
ENSG00000188558,0
ENSG00000188559,652
ENSG00000188566,1289
ENSG00000188573,253
ENSG00000188580,1
ENSG00000188581,0
ENSG00000188582,0
ENSG00000188585,0
ENSG00000188596,230
ENSG00000188599,144
ENSG00000188603,1053
ENSG00000188610,15
ENSG00000188611,8
ENSG00000188612,6255
ENSG00000188613,58
ENSG00000188620,0
ENSG00000188624,0
ENSG00000188626,8
ENSG00000188629,2
ENSG00000188636,1470
ENSG00000188641,306
ENSG00000188643,12150
ENSG00000188646,0
ENSG00000188647,963
ENSG00000188649,3
ENSG00000188655,0
ENSG00000188656,0
ENSG00000188659,137
ENSG00000188660,0
ENSG00000188662,0
ENSG00000188668,0
ENSG00000188672,264
ENSG00000188674,0
ENSG00000188676,0
ENSG00000188677,2064
ENSG00000188681,25
ENSG00000188687,51
ENSG00000188690,812
ENSG00000188691,0
ENSG00000188693,13
ENSG00000188694,0
ENSG00000188706,4514
ENSG00000188707,539
ENSG00000188710,3
ENSG00000188712,0
ENSG00000188716,0
ENSG00000188725,1545
ENSG00000188729,0
ENSG00000188730,0
ENSG00000188732,536
ENSG00000188735,1024
ENSG00000188738,21
ENSG00000188739,89
ENSG00000188747,928
ENSG00000188755,0
ENSG00000188760,334
ENSG00000188761,16
ENSG00000188763,4
ENSG00000188765,1
ENSG00000188766,336
ENSG00000188770,9
ENSG00000188771,0
ENSG00000188778,1
ENSG00000188779,85
ENSG00000188782,0
ENSG00000188783,383
ENSG00000188784,0
ENSG00000188785,545
ENSG00000188786,998
ENSG00000188800,1
ENSG00000188801,0
ENSG00000188803,17
ENSG00000188807,646
ENSG00000188811,1363
ENSG00000188816,0
ENSG00000188817,12
ENSG00000188818,1366
ENSG00000188820,221
ENSG00000188822,3
ENSG00000188825,250
ENSG00000188827,741
ENSG00000188828,2
ENSG00000188831,0
ENSG00000188833,168
ENSG00000188846,37112
ENSG00000188848,0
ENSG00000188850,0
ENSG00000188856,14
ENSG00000188859,76
ENSG00000188868,372
ENSG00000188869,12
ENSG00000188873,4
ENSG00000188877,0
ENSG00000188878,514
ENSG00000188883,14
ENSG00000188886,4
ENSG00000188895,6027
ENSG00000188897,89
ENSG00000188906,579
ENSG00000188909,0
ENSG00000188910,2
ENSG00000188916,1978
ENSG00000188917,1075
ENSG00000188921,1451
ENSG00000188931,0
ENSG00000188933,4
ENSG00000188937,0
ENSG00000188938,4928
ENSG00000188958,4
ENSG00000188959,5194
ENSG00000188976,4786
ENSG00000188981,60
ENSG00000188984,0
ENSG00000188985,6
ENSG00000188986,5046
ENSG00000188991,0
ENSG00000188992,1
ENSG00000188993,20
ENSG00000188994,1424
ENSG00000188996,0
ENSG00000188997,597
ENSG00000189001,3
ENSG00000189002,0
ENSG00000189007,135
ENSG00000189013,3
ENSG00000189014,4
ENSG00000189023,0
ENSG00000189030,0
ENSG00000189037,0
ENSG00000189042,242
ENSG00000189043,10921
ENSG00000189045,31
ENSG00000189046,826
ENSG00000189050,717
ENSG00000189051,1
ENSG00000189052,0
ENSG00000189056,3
ENSG00000189057,199
ENSG00000189058,195
ENSG00000189060,16381
ENSG00000189064,0
ENSG00000189067,13142
ENSG00000189068,2
ENSG00000189077,1872
ENSG00000189079,1830
ENSG00000189089,0
ENSG00000189090,0
ENSG00000189091,9143
ENSG00000189099,0
ENSG00000189108,0
ENSG00000189114,1186
ENSG00000189120,317
ENSG00000189127,0
ENSG00000189129,216
ENSG00000189132,0
ENSG00000189134,6
ENSG00000189136,64
ENSG00000189139,0
ENSG00000189143,7986
ENSG00000189144,58
ENSG00000189145,0
ENSG00000189149,4
ENSG00000189152,3
ENSG00000189157,142
ENSG00000189159,5375
ENSG00000189164,418
ENSG00000189166,1
ENSG00000189167,0
ENSG00000189169,0
ENSG00000189171,6160
ENSG00000189180,1995
ENSG00000189181,0
ENSG00000189182,0
ENSG00000189184,298
ENSG00000189186,0
ENSG00000189190,319
ENSG00000189195,16
ENSG00000189196,0
ENSG00000189212,92
ENSG00000189221,754
ENSG00000189223,153
ENSG00000189227,792
ENSG00000189229,0
ENSG00000189233,3
ENSG00000189238,0
ENSG00000189241,12255
ENSG00000189252,0
ENSG00000189253,0
ENSG00000189266,3860
ENSG00000189269,13
ENSG00000189275,0
ENSG00000189280,215
ENSG00000189283,496
ENSG00000189292,1
ENSG00000189295,0
ENSG00000189298,851
ENSG00000189299,0
ENSG00000189306,1781
ENSG00000189308,540
ENSG00000189316,8
ENSG00000189319,916
ENSG00000189320,14
ENSG00000189325,0
ENSG00000189326,0
ENSG00000189332,1
ENSG00000189334,21545
ENSG00000189337,1335
ENSG00000189339,3322
ENSG00000189343,580
ENSG00000189348,0
ENSG00000189350,22
ENSG00000189357,0
ENSG00000189362,287
ENSG00000189366,127
ENSG00000189367,0
ENSG00000189369,1195
ENSG00000189372,0
ENSG00000189375,0
ENSG00000189376,300
ENSG00000189377,4
ENSG00000189393,0
ENSG00000189398,2
ENSG00000189401,0
ENSG00000189403,5067
ENSG00000189409,1
ENSG00000189410,4
ENSG00000189419,173
ENSG00000189420,36
ENSG00000189423,12
ENSG00000189430,4
ENSG00000189431,5
ENSG00000189433,2
ENSG00000194297,0
ENSG00000194717,0
ENSG00000195024,0
ENSG00000195401,0
ENSG00000196071,0
ENSG00000196072,1176
ENSG00000196074,146
ENSG00000196081,40
ENSG00000196083,115
ENSG00000196085,0
ENSG00000196090,1636
ENSG00000196091,0
ENSG00000196092,2
ENSG00000196096,6
ENSG00000196098,0
ENSG00000196099,0
ENSG00000196104,1
ENSG00000196109,0
ENSG00000196110,45
ENSG00000196114,5
ENSG00000196115,1
ENSG00000196116,1679
ENSG00000196118,219
ENSG00000196119,0
ENSG00000196123,1455
ENSG00000196126,11064
ENSG00000196131,1
ENSG00000196132,2267
ENSG00000196136,36
ENSG00000196139,1188
ENSG00000196141,2008
ENSG00000196143,0
ENSG00000196150,824
ENSG00000196151,413
ENSG00000196152,336
ENSG00000196154,2865
ENSG00000196155,234
ENSG00000196156,0
ENSG00000196159,125
ENSG00000196166,20
ENSG00000196167,7
ENSG00000196169,1
ENSG00000196171,0
ENSG00000196172,640
ENSG00000196177,2603
ENSG00000196182,3156
ENSG00000196183,5
ENSG00000196184,0
ENSG00000196187,2144
ENSG00000196188,0
ENSG00000196189,271
ENSG00000196196,23
ENSG00000196199,4221
ENSG00000196204,744
ENSG00000196205,536
ENSG00000196208,1815
ENSG00000196209,122
ENSG00000196214,1170
ENSG00000196218,150
ENSG00000196220,628
ENSG00000196224,0
ENSG00000196227,732
ENSG00000196228,0
ENSG00000196230,25056
ENSG00000196233,580
ENSG00000196235,7611
ENSG00000196236,897
ENSG00000196240,0
ENSG00000196242,0
ENSG00000196243,0
ENSG00000196247,1398
ENSG00000196248,0
ENSG00000196260,0
ENSG00000196262,23746
ENSG00000196263,185
ENSG00000196266,0
ENSG00000196267,468
ENSG00000196268,478
ENSG00000196273,0
ENSG00000196274,2
ENSG00000196275,378
ENSG00000196277,0
ENSG00000196284,319
ENSG00000196289,1
ENSG00000196290,1200
ENSG00000196295,1745
ENSG00000196296,86
ENSG00000196301,5
ENSG00000196302,0
ENSG00000196305,4220
ENSG00000196312,91
ENSG00000196313,2122
ENSG00000196323,1333
ENSG00000196329,41
ENSG00000196335,2
ENSG00000196337,7
ENSG00000196338,23
ENSG00000196341,0
ENSG00000196344,1
ENSG00000196345,293
ENSG00000196350,1
ENSG00000196352,292
ENSG00000196353,1
ENSG00000196357,116
ENSG00000196358,32
ENSG00000196361,9
ENSG00000196363,3073
ENSG00000196364,0
ENSG00000196365,3814
ENSG00000196366,95
ENSG00000196367,4114
ENSG00000196368,16
ENSG00000196369,258
ENSG00000196371,203
ENSG00000196372,5347
ENSG00000196376,32
ENSG00000196378,389
ENSG00000196381,97
ENSG00000196383,0
ENSG00000196387,1280
ENSG00000196388,522
ENSG00000196390,0
ENSG00000196391,314
ENSG00000196395,0
ENSG00000196396,4783
ENSG00000196403,0
ENSG00000196405,20837
ENSG00000196406,0
ENSG00000196407,153
ENSG00000196408,0
ENSG00000196411,2035
ENSG00000196415,2
ENSG00000196417,388
ENSG00000196418,178
ENSG00000196419,13155
ENSG00000196420,17
ENSG00000196421,159
ENSG00000196422,2408
ENSG00000196427,116
ENSG00000196428,1295
ENSG00000196431,4
ENSG00000196433,6
ENSG00000196436,465
ENSG00000196437,387
ENSG00000196440,454
ENSG00000196449,1485
ENSG00000196453,1649
ENSG00000196455,1414
ENSG00000196456,1276
ENSG00000196458,1072
ENSG00000196459,1263
ENSG00000196460,33
ENSG00000196465,1947
ENSG00000196466,158
ENSG00000196468,0
ENSG00000196470,1057
ENSG00000196472,0
ENSG00000196475,0
ENSG00000196476,1173
ENSG00000196482,125
ENSG00000196497,418
ENSG00000196498,16895
ENSG00000196502,1743
ENSG00000196503,105
ENSG00000196504,3583
ENSG00000196505,908
ENSG00000196507,6716
ENSG00000196510,2400
ENSG00000196511,184
ENSG00000196517,188
ENSG00000196526,1814
ENSG00000196531,38414
ENSG00000196534,0
ENSG00000196535,4145
ENSG00000196539,0
ENSG00000196542,124
ENSG00000196544,815
ENSG00000196547,4601
ENSG00000196549,24
ENSG00000196550,21
ENSG00000196553,1
ENSG00000196557,842
ENSG00000196562,4682
ENSG00000196564,0
ENSG00000196565,26
ENSG00000196566,0
ENSG00000196569,142
ENSG00000196570,1
ENSG00000196576,21372
ENSG00000196578,0
ENSG00000196581,58
ENSG00000196584,111
ENSG00000196586,18153
ENSG00000196588,1893
ENSG00000196589,0
ENSG00000196591,5144
ENSG00000196593,0
ENSG00000196597,338
ENSG00000196600,0
ENSG00000196604,0
ENSG00000196605,178
ENSG00000196611,8
ENSG00000196616,1
ENSG00000196620,0
ENSG00000196628,1431
ENSG00000196632,261
ENSG00000196634,0
ENSG00000196636,308
ENSG00000196639,179
ENSG00000196642,10961
ENSG00000196646,694
ENSG00000196652,930
ENSG00000196653,80
ENSG00000196655,2411
ENSG00000196656,1
ENSG00000196659,455
ENSG00000196660,0
ENSG00000196661,0
ENSG00000196663,1706
ENSG00000196664,271
ENSG00000196666,2
ENSG00000196668,382
ENSG00000196670,1148
ENSG00000196678,1370
ENSG00000196683,7429
ENSG00000196684,1910
ENSG00000196689,14
ENSG00000196693,935
ENSG00000196696,391
ENSG00000196700,4418
ENSG00000196704,4116
ENSG00000196705,865
ENSG00000196711,1
ENSG00000196712,3195
ENSG00000196715,2650
ENSG00000196724,317
ENSG00000196730,1408
ENSG00000196734,0
ENSG00000196735,1160
ENSG00000196739,2421
ENSG00000196741,78
ENSG00000196743,3971
ENSG00000196747,57
ENSG00000196748,57
ENSG00000196754,36
ENSG00000196756,2429
ENSG00000196757,356
ENSG00000196758,0
ENSG00000196767,0
ENSG00000196772,0
ENSG00000196776,1533
ENSG00000196778,0
ENSG00000196781,623
ENSG00000196782,1486
ENSG00000196787,986
ENSG00000196792,1277
ENSG00000196793,1270
ENSG00000196796,7
ENSG00000196800,0
ENSG00000196805,0
ENSG00000196810,1130
ENSG00000196811,1
ENSG00000196812,333
ENSG00000196814,1766
ENSG00000196821,6161
ENSG00000196826,0
ENSG00000196832,0
ENSG00000196834,0
ENSG00000196839,345
ENSG00000196843,1500
ENSG00000196844,3
ENSG00000196850,1103
ENSG00000196859,1
ENSG00000196860,21
ENSG00000196862,0
ENSG00000196865,751
ENSG00000196866,172
ENSG00000196867,591
ENSG00000196872,2874
ENSG00000196873,32
ENSG00000196876,14
ENSG00000196878,138
ENSG00000196890,121
ENSG00000196893,1
ENSG00000196900,0
ENSG00000196911,435
ENSG00000196912,24
ENSG00000196914,6293
ENSG00000196917,1654
ENSG00000196922,1840
ENSG00000196923,1411
ENSG00000196924,13265
ENSG00000196932,38
ENSG00000196933,4
ENSG00000196935,1545
ENSG00000196936,0
ENSG00000196937,1160
ENSG00000196943,2768
ENSG00000196944,0
ENSG00000196946,2
ENSG00000196950,781
ENSG00000196951,18
ENSG00000196954,1009
ENSG00000196961,7482
ENSG00000196967,272
ENSG00000196968,667
ENSG00000196970,0
ENSG00000196972,114
ENSG00000196975,2577
ENSG00000196976,1778
ENSG00000196979,2
ENSG00000196981,921
ENSG00000196990,0
ENSG00000196993,3
ENSG00000196998,2954
ENSG00000197006,4032
ENSG00000197008,616
ENSG00000197013,672
ENSG00000197016,387
ENSG00000197019,1569
ENSG00000197020,414
ENSG00000197021,734
ENSG00000197023,0
ENSG00000197024,1529
ENSG00000197037,887
ENSG00000197038,0
ENSG00000197043,41827
ENSG00000197044,370
ENSG00000197045,2184
ENSG00000197046,15
ENSG00000197050,506
ENSG00000197054,112
ENSG00000197056,340
ENSG00000197057,1
ENSG00000197061,4
ENSG00000197062,1473
ENSG00000197063,1520
ENSG00000197067,0
ENSG00000197070,3353
ENSG00000197077,3326
ENSG00000197079,2
ENSG00000197081,7447
ENSG00000197083,14
ENSG00000197084,0
ENSG00000197085,42
ENSG00000197092,0
ENSG00000197093,856
ENSG00000197099,6
ENSG00000197102,23354
ENSG00000197106,45
ENSG00000197110,0
ENSG00000197111,15000
ENSG00000197114,649
ENSG00000197119,1103
ENSG00000197121,197
ENSG00000197122,4432
ENSG00000197123,0
ENSG00000197124,162
ENSG00000197125,0
ENSG00000197128,850
ENSG00000197134,97
ENSG00000197136,9345
ENSG00000197140,142
ENSG00000197142,246
ENSG00000197147,435
ENSG00000197149,121
ENSG00000197150,2044
ENSG00000197153,5
ENSG00000197157,8664
ENSG00000197161,0
ENSG00000197162,1761
ENSG00000197165,198
ENSG00000197168,110
ENSG00000197170,2411
ENSG00000197171,0
ENSG00000197172,0
ENSG00000197176,0
ENSG00000197177,0
ENSG00000197180,376
ENSG00000197181,22
ENSG00000197182,271
ENSG00000197183,5458
ENSG00000197185,0
ENSG00000197191,61
ENSG00000197208,110
ENSG00000197210,0
ENSG00000197213,3
ENSG00000197214,0
ENSG00000197217,2949
ENSG00000197223,466
ENSG00000197226,12294
ENSG00000197233,0
ENSG00000197238,14
ENSG00000197241,0
ENSG00000197245,191
ENSG00000197249,28258
ENSG00000197251,3
ENSG00000197253,77
ENSG00000197254,0
ENSG00000197256,2384
ENSG00000197258,22
ENSG00000197261,939
ENSG00000197263,0
ENSG00000197265,1618
ENSG00000197272,7
ENSG00000197273,0
ENSG00000197275,76
ENSG00000197279,284
ENSG00000197283,3764
ENSG00000197291,432
ENSG00000197296,872
ENSG00000197299,169
ENSG00000197301,1
ENSG00000197302,892
ENSG00000197308,2104
ENSG00000197309,0
ENSG00000197312,1631
ENSG00000197320,0
ENSG00000197321,1117
ENSG00000197322,2
ENSG00000197323,1647
ENSG00000197324,9920
ENSG00000197329,473
ENSG00000197332,12
ENSG00000197334,0
ENSG00000197343,3295
ENSG00000197345,3325
ENSG00000197353,0
ENSG00000197355,1049
ENSG00000197358,2
ENSG00000197360,6
ENSG00000197361,63
ENSG00000197362,630
ENSG00000197363,815
ENSG00000197364,0
ENSG00000197372,433
ENSG00000197375,2024
ENSG00000197376,0
ENSG00000197380,246
ENSG00000197381,793
ENSG00000197385,668
ENSG00000197386,7992
ENSG00000197403,0
ENSG00000197405,518
ENSG00000197406,1
ENSG00000197408,0
ENSG00000197409,289
ENSG00000197410,3
ENSG00000197415,19
ENSG00000197416,0
ENSG00000197417,517
ENSG00000197421,2
ENSG00000197428,0
ENSG00000197429,825
ENSG00000197430,0
ENSG00000197437,1
ENSG00000197442,737
ENSG00000197444,6
ENSG00000197445,6
ENSG00000197446,1
ENSG00000197448,9642
ENSG00000197451,6871
ENSG00000197454,0
ENSG00000197457,5239
ENSG00000197461,1059
ENSG00000197462,0
ENSG00000197465,114
ENSG00000197467,551
ENSG00000197468,0
ENSG00000197471,153
ENSG00000197472,30
ENSG00000197475,0
ENSG00000197476,0
ENSG00000197479,26
ENSG00000197483,430
ENSG00000197487,0
ENSG00000197496,13797
ENSG00000197497,228
ENSG00000197498,1430
ENSG00000197503,0
ENSG00000197506,4
ENSG00000197520,14
ENSG00000197530,1919
ENSG00000197532,0
ENSG00000197535,3211
ENSG00000197536,241
ENSG00000197540,11
ENSG00000197548,1133
ENSG00000197549,0
ENSG00000197550,0
ENSG00000197555,839
ENSG00000197557,1083
ENSG00000197558,493
ENSG00000197561,5
ENSG00000197562,2223
ENSG00000197563,1251
ENSG00000197565,46
ENSG00000197566,253
ENSG00000197568,361
ENSG00000197575,2
ENSG00000197576,30
ENSG00000197579,1381
ENSG00000197580,162
ENSG00000197582,71
ENSG00000197584,2
ENSG00000197585,4
ENSG00000197586,5910
ENSG00000197587,14
ENSG00000197588,0
ENSG00000197591,0
ENSG00000197594,1315
ENSG00000197595,1
ENSG00000197599,306
ENSG00000197601,2073
ENSG00000197603,2463
ENSG00000197608,765
ENSG00000197614,350
ENSG00000197616,0
ENSG00000197617,0
ENSG00000197619,605
ENSG00000197620,826
ENSG00000197622,7435
ENSG00000197627,0
ENSG00000197629,1171
ENSG00000197632,1
ENSG00000197635,29
ENSG00000197641,0
ENSG00000197644,0
ENSG00000197646,47
ENSG00000197647,320
ENSG00000197651,0
ENSG00000197653,24
ENSG00000197658,5
ENSG00000197665,1
ENSG00000197670,25
ENSG00000197674,0
ENSG00000197683,0
ENSG00000197692,0
ENSG00000197694,25048
ENSG00000197696,373
ENSG00000197702,2888
ENSG00000197705,6
ENSG00000197706,0
ENSG00000197712,4592
ENSG00000197713,1000
ENSG00000197714,63
ENSG00000197721,4
ENSG00000197724,4164
ENSG00000197728,11215
ENSG00000197734,8
ENSG00000197744,8
ENSG00000197745,0
ENSG00000197746,55831
ENSG00000197747,1068
ENSG00000197748,381
ENSG00000197753,10
ENSG00000197756,27801
ENSG00000197757,608
ENSG00000197763,917
ENSG00000197766,230
ENSG00000197768,33
ENSG00000197769,6
ENSG00000197771,1633
ENSG00000197774,811
ENSG00000197776,185
ENSG00000197779,156
ENSG00000197780,653
ENSG00000197782,523
ENSG00000197785,1006
ENSG00000197786,0
ENSG00000197790,0
ENSG00000197794,0
ENSG00000197798,271
ENSG00000197808,332
ENSG00000197813,0
ENSG00000197815,22
ENSG00000197816,43
ENSG00000197818,2197
ENSG00000197822,349
ENSG00000197826,22
ENSG00000197837,101
ENSG00000197838,0
ENSG00000197841,605
ENSG00000197847,27
ENSG00000197849,0
ENSG00000197852,439
ENSG00000197857,886
ENSG00000197858,6595
ENSG00000197859,965
ENSG00000197860,204
ENSG00000197863,291
ENSG00000197866,0
ENSG00000197870,110
ENSG00000197872,236
ENSG00000197879,23502
ENSG00000197880,3
ENSG00000197882,0
ENSG00000197885,744
ENSG00000197887,0
ENSG00000197888,1
ENSG00000197889,8
ENSG00000197891,0
ENSG00000197892,5403
ENSG00000197893,1
ENSG00000197894,3898
ENSG00000197901,0
ENSG00000197903,2583
ENSG00000197905,298
ENSG00000197912,4913
ENSG00000197915,0
ENSG00000197919,0
ENSG00000197921,36
ENSG00000197927,123
ENSG00000197928,94
ENSG00000197930,2576
ENSG00000197933,153
ENSG00000197934,5
ENSG00000197935,353
ENSG00000197937,545
ENSG00000197938,0
ENSG00000197943,594
ENSG00000197948,996
ENSG00000197951,464
ENSG00000197953,0
ENSG00000197956,45083
ENSG00000197958,38555
ENSG00000197959,73
ENSG00000197961,1507
ENSG00000197965,6395
ENSG00000197969,1017
ENSG00000197971,2121
ENSG00000197976,2729
ENSG00000197977,245
ENSG00000197978,75
ENSG00000197980,79
ENSG00000197982,4029
ENSG00000197984,0
ENSG00000197989,510
ENSG00000197990,0
ENSG00000197991,0
ENSG00000197992,120
ENSG00000197993,9
ENSG00000198000,1864
ENSG00000198001,1887
ENSG00000198003,1099
ENSG00000198010,4
ENSG00000198015,1702
ENSG00000198018,264
ENSG00000198019,76
ENSG00000198021,0
ENSG00000198022,0
ENSG00000198026,1805
ENSG00000198028,0
ENSG00000198033,0
ENSG00000198034,86593
ENSG00000198039,484
ENSG00000198040,2325
ENSG00000198042,1312
ENSG00000198046,175
ENSG00000198049,0
ENSG00000198053,4829
ENSG00000198054,0
ENSG00000198055,1858
ENSG00000198056,705
ENSG00000198060,1147
ENSG00000198062,0
ENSG00000198064,6
ENSG00000198074,0
ENSG00000198075,38
ENSG00000198077,1
ENSG00000198081,854
ENSG00000198083,0
ENSG00000198087,2438
ENSG00000198088,504
ENSG00000198089,1220
ENSG00000198090,0
ENSG00000198092,0
ENSG00000198093,392
ENSG00000198099,0
ENSG00000198104,0
ENSG00000198105,631
ENSG00000198106,4
ENSG00000198108,109
ENSG00000198113,740
ENSG00000198121,61
ENSG00000198125,782
ENSG00000198128,0
ENSG00000198129,0
ENSG00000198130,831
ENSG00000198131,1418
ENSG00000198133,1757
ENSG00000198134,17
ENSG00000198142,516
ENSG00000198146,1395
ENSG00000198153,0
ENSG00000198155,69
ENSG00000198156,20
ENSG00000198157,260
ENSG00000198160,1687
ENSG00000198162,1732
ENSG00000198168,2082
ENSG00000198169,1391
ENSG00000198171,5862
ENSG00000198173,0
ENSG00000198176,4291
ENSG00000198178,1
ENSG00000198182,618
ENSG00000198183,0
ENSG00000198185,320
ENSG00000198189,454
ENSG00000198198,2368
ENSG00000198203,8
ENSG00000198205,315
ENSG00000198208,531
ENSG00000198211,0
ENSG00000198216,12
ENSG00000198217,0
ENSG00000198218,5102
ENSG00000198221,289
ENSG00000198223,339
ENSG00000198225,29
ENSG00000198231,7515
ENSG00000198237,3
ENSG00000198242,28118
ENSG00000198246,386
ENSG00000198251,0
ENSG00000198252,715
ENSG00000198258,4658
ENSG00000198261,0
ENSG00000198265,2392
ENSG00000198270,916
ENSG00000198271,0
ENSG00000198276,2628
ENSG00000198277,0
ENSG00000198283,0
ENSG00000198284,0
ENSG00000198286,283
ENSG00000198298,251
ENSG00000198300,38
ENSG00000198301,1283
ENSG00000198312,0
ENSG00000198315,2555
ENSG00000198324,920
ENSG00000198326,0
ENSG00000198331,487
ENSG00000198336,56
ENSG00000198342,158
ENSG00000198346,716
ENSG00000198353,367
ENSG00000198354,396
ENSG00000198355,11989
ENSG00000198356,3706
ENSG00000198358,2
ENSG00000198363,6717
ENSG00000198367,0
ENSG00000198369,2870
ENSG00000198373,4719
ENSG00000198380,5696
ENSG00000198382,765
ENSG00000198384,1
ENSG00000198390,0
ENSG00000198393,623
ENSG00000198398,0
ENSG00000198399,1925
ENSG00000198400,8
ENSG00000198406,8
ENSG00000198408,5585
ENSG00000198414,0
ENSG00000198416,102
ENSG00000198417,895
ENSG00000198420,1591
ENSG00000198429,164
ENSG00000198431,6536
ENSG00000198435,629
ENSG00000198440,349
ENSG00000198443,0
ENSG00000198445,0
ENSG00000198452,0
ENSG00000198453,578
ENSG00000198454,0
ENSG00000198455,998
ENSG00000198464,915
ENSG00000198466,5912
ENSG00000198467,4512
ENSG00000198468,139
ENSG00000198471,0
ENSG00000198478,171
ENSG00000198482,550
ENSG00000198483,17
ENSG00000198488,0
ENSG00000198491,0
ENSG00000198492,4547
ENSG00000198496,362
ENSG00000198498,590
ENSG00000198502,1363
ENSG00000198513,512
ENSG00000198515,14
ENSG00000198517,1338
ENSG00000198520,149
ENSG00000198521,1670
ENSG00000198522,1407
ENSG00000198523,120
ENSG00000198526,0
ENSG00000198535,3
ENSG00000198538,698
ENSG00000198542,293
ENSG00000198546,468
ENSG00000198547,17
ENSG00000198551,994
ENSG00000198553,18
ENSG00000198554,173
ENSG00000198555,0
ENSG00000198556,341
ENSG00000198561,9185
ENSG00000198563,4906
ENSG00000198569,12
ENSG00000198570,1
ENSG00000198573,0
ENSG00000198574,6
ENSG00000198576,120
ENSG00000198580,3
ENSG00000198585,2498
ENSG00000198586,1822
ENSG00000198589,5051
ENSG00000198590,18
ENSG00000198597,2
ENSG00000198598,158
ENSG00000198601,0
ENSG00000198604,1430
ENSG00000198610,1
ENSG00000198612,2379
ENSG00000198618,1228
ENSG00000198624,1545
ENSG00000198625,2208
ENSG00000198626,2645
ENSG00000198633,8
ENSG00000198642,3612
ENSG00000198643,12
ENSG00000198646,4987
ENSG00000198648,946
ENSG00000198650,18
ENSG00000198657,0
ENSG00000198658,6
ENSG00000198663,7489
ENSG00000198668,24362
ENSG00000198670,2
ENSG00000198671,0
ENSG00000198673,34
ENSG00000198674,0
ENSG00000198677,3160
ENSG00000198678,0
ENSG00000198680,1525
ENSG00000198681,0
ENSG00000198682,412
ENSG00000198685,3
ENSG00000198689,831
ENSG00000198690,2312
ENSG00000198691,21
ENSG00000198692,0
ENSG00000198695,116725
ENSG00000198700,3120
ENSG00000198703,0
ENSG00000198704,0
ENSG00000198707,1016
ENSG00000198711,19
ENSG00000198712,405350
ENSG00000198715,1432
ENSG00000198718,923
ENSG00000198719,253
ENSG00000198720,604
ENSG00000198721,3486
ENSG00000198722,4697
ENSG00000198723,6
ENSG00000198727,428359
ENSG00000198728,2123
ENSG00000198729,11
ENSG00000198730,4460
ENSG00000198732,3
ENSG00000198734,8
ENSG00000198736,1105
ENSG00000198738,0
ENSG00000198739,1
ENSG00000198740,3237
ENSG00000198742,2035
ENSG00000198743,710
ENSG00000198744,82
ENSG00000198746,805
ENSG00000198752,2362
ENSG00000198753,1091
ENSG00000198754,1
ENSG00000198755,25182
ENSG00000198756,14
ENSG00000198758,0
ENSG00000198759,29
ENSG00000198763,245730
ENSG00000198765,0
ENSG00000198768,33
ENSG00000198771,678
ENSG00000198774,19
ENSG00000198780,366
ENSG00000198783,1247
ENSG00000198785,36
ENSG00000198786,284883
ENSG00000198787,0
ENSG00000198788,5313
ENSG00000198791,4111
ENSG00000198792,7063
ENSG00000198793,2878
ENSG00000198794,7229
ENSG00000198795,541
ENSG00000198796,29
ENSG00000198797,6939
ENSG00000198798,0
ENSG00000198799,618
ENSG00000198804,692575
ENSG00000198805,2097
ENSG00000198807,7
ENSG00000198812,0
ENSG00000198814,486
ENSG00000198815,3724
ENSG00000198816,1738
ENSG00000198818,2160
ENSG00000198821,74
ENSG00000198822,6
ENSG00000198824,2312
ENSG00000198825,1016
ENSG00000198826,256
ENSG00000198829,43
ENSG00000198830,8891
ENSG00000198832,4183
ENSG00000198833,3834
ENSG00000198835,58
ENSG00000198836,3670
ENSG00000198837,2429
ENSG00000198838,39
ENSG00000198839,578
ENSG00000198840,119745
ENSG00000198841,465
ENSG00000198842,62
ENSG00000198843,5520
ENSG00000198844,869
ENSG00000198846,15
ENSG00000198848,29
ENSG00000198851,162
ENSG00000198853,1785
ENSG00000198854,1
ENSG00000198855,886
ENSG00000198856,1876
ENSG00000198857,3
ENSG00000198858,4711
ENSG00000198860,1051
ENSG00000198862,810
ENSG00000198863,3071
ENSG00000198865,26
ENSG00000198868,2
ENSG00000198870,114
ENSG00000198873,540
ENSG00000198874,1034
ENSG00000198876,3899
ENSG00000198877,0
ENSG00000198879,426
ENSG00000198881,2
ENSG00000198883,2
ENSG00000198885,42
ENSG00000198886,560883
ENSG00000198887,1795
ENSG00000198888,194198
ENSG00000198889,0
ENSG00000198890,1096
ENSG00000198892,1259
ENSG00000198894,1396
ENSG00000198898,4051
ENSG00000198899,251630
ENSG00000198900,5252
ENSG00000198901,1058
ENSG00000198908,738
ENSG00000198909,1270
ENSG00000198910,5
ENSG00000198911,6652
ENSG00000198912,953
ENSG00000198914,0
ENSG00000198915,672
ENSG00000198917,4724
ENSG00000198918,6266
ENSG00000198919,1680
ENSG00000198920,849
ENSG00000198923,0
ENSG00000198924,461
ENSG00000198925,3017
ENSG00000198929,49
ENSG00000198930,8
ENSG00000198931,5450
ENSG00000198932,1599
ENSG00000198933,522
ENSG00000198934,674
ENSG00000198937,1041
ENSG00000198938,385179
ENSG00000198939,285
ENSG00000198944,5
ENSG00000198945,593
ENSG00000198947,198
ENSG00000198948,173
ENSG00000198951,2580
ENSG00000198952,6046
ENSG00000198954,1470
ENSG00000198959,3138
ENSG00000198960,606
ENSG00000198961,5975
ENSG00000198963,2
ENSG00000198964,346
ENSG00000198965,0
ENSG00000198967,0
ENSG00000198972,0
ENSG00000198973,0
ENSG00000198974,1
ENSG00000198975,0
ENSG00000198976,6
ENSG00000198982,0
ENSG00000198983,0
ENSG00000198984,1
ENSG00000198986,0
ENSG00000198987,0
ENSG00000198995,0
ENSG00000198997,0
ENSG00000199001,0
ENSG00000199004,0
ENSG00000199005,0
ENSG00000199012,0
ENSG00000199015,0
ENSG00000199017,0
ENSG00000199020,0
ENSG00000199023,0
ENSG00000199024,4
ENSG00000199025,0
ENSG00000199030,0
ENSG00000199031,0
ENSG00000199032,0
ENSG00000199035,0
ENSG00000199036,0
ENSG00000199038,1
ENSG00000199043,0
ENSG00000199047,1
ENSG00000199051,0
ENSG00000199053,4
ENSG00000199059,0
ENSG00000199065,0
ENSG00000199066,0
ENSG00000199069,0
ENSG00000199071,0
ENSG00000199072,0
ENSG00000199075,0
ENSG00000199077,0
ENSG00000199080,0
ENSG00000199082,2
ENSG00000199085,5
ENSG00000199088,0
ENSG00000199090,0
ENSG00000199092,0
ENSG00000199094,26
ENSG00000199095,0
ENSG00000199102,0
ENSG00000199104,0
ENSG00000199107,0
ENSG00000199109,0
ENSG00000199121,2
ENSG00000199122,0
ENSG00000199127,0
ENSG00000199130,0
ENSG00000199132,0
ENSG00000199133,12
ENSG00000199135,0
ENSG00000199143,0
ENSG00000199145,0
ENSG00000199150,0
ENSG00000199151,0
ENSG00000199153,0
ENSG00000199156,0
ENSG00000199157,0
ENSG00000199158,0
ENSG00000199161,4
ENSG00000199165,0
ENSG00000199168,0
ENSG00000199169,0
ENSG00000199172,8
ENSG00000199177,0
ENSG00000199179,1
ENSG00000199187,0
ENSG00000199196,0
ENSG00000199197,0
ENSG00000199200,0
ENSG00000199201,0
ENSG00000199202,0
ENSG00000199203,0
ENSG00000199204,0
ENSG00000199212,0
ENSG00000199217,0
ENSG00000199218,1
ENSG00000199219,0
ENSG00000199220,0
ENSG00000199222,0
ENSG00000199223,0
ENSG00000199224,0
ENSG00000199226,1
ENSG00000199231,0
ENSG00000199237,0
ENSG00000199240,2
ENSG00000199241,0
ENSG00000199245,0
ENSG00000199246,0
ENSG00000199248,0
ENSG00000199251,0
ENSG00000199260,0
ENSG00000199263,0
ENSG00000199266,21
ENSG00000199270,0
ENSG00000199272,0
ENSG00000199273,0
ENSG00000199276,0
ENSG00000199279,0
ENSG00000199282,0
ENSG00000199283,0
ENSG00000199285,0
ENSG00000199286,0
ENSG00000199289,0
ENSG00000199290,0
ENSG00000199291,0
ENSG00000199293,0
ENSG00000199295,0
ENSG00000199299,0
ENSG00000199301,0
ENSG00000199303,0
ENSG00000199306,0
ENSG00000199308,0
ENSG00000199311,0
ENSG00000199313,1
ENSG00000199315,0
ENSG00000199318,0
ENSG00000199319,0
ENSG00000199321,0
ENSG00000199322,0
ENSG00000199325,2
ENSG00000199326,0
ENSG00000199327,0
ENSG00000199331,1
ENSG00000199332,2
ENSG00000199334,0
ENSG00000199335,2
ENSG00000199337,0
ENSG00000199347,0
ENSG00000199348,0
ENSG00000199349,3
ENSG00000199350,0
ENSG00000199352,0
ENSG00000199354,0
ENSG00000199357,0
ENSG00000199360,0
ENSG00000199361,0
ENSG00000199362,0
ENSG00000199363,0
ENSG00000199364,0
ENSG00000199366,1
ENSG00000199368,0
ENSG00000199370,0
ENSG00000199373,0
ENSG00000199377,1
ENSG00000199378,0
ENSG00000199381,0
ENSG00000199385,0
ENSG00000199390,0
ENSG00000199392,0
ENSG00000199394,0
ENSG00000199395,0
ENSG00000199396,0
ENSG00000199398,0
ENSG00000199400,1
ENSG00000199402,0
ENSG00000199404,0
ENSG00000199405,0
ENSG00000199407,0
ENSG00000199409,0
ENSG00000199410,0
ENSG00000199411,0
ENSG00000199415,0
ENSG00000199420,0
ENSG00000199422,0
ENSG00000199424,0
ENSG00000199426,0
ENSG00000199436,0
ENSG00000199440,0
ENSG00000199442,0
ENSG00000199444,0
ENSG00000199446,0
ENSG00000199448,0
ENSG00000199450,0
ENSG00000199453,0
ENSG00000199454,0
ENSG00000199455,0
ENSG00000199458,0
ENSG00000199459,0
ENSG00000199460,0
ENSG00000199461,0
ENSG00000199466,0
ENSG00000199468,0
ENSG00000199469,0
ENSG00000199470,0
ENSG00000199471,1
ENSG00000199472,1
ENSG00000199473,0
ENSG00000199474,0
ENSG00000199475,0
ENSG00000199476,0
ENSG00000199477,13
ENSG00000199480,0
ENSG00000199482,0
ENSG00000199483,0
ENSG00000199487,0
ENSG00000199488,0
ENSG00000199489,0
ENSG00000199490,0
ENSG00000199492,2
ENSG00000199497,0
ENSG00000199506,0
ENSG00000199508,0
ENSG00000199509,2
ENSG00000199512,0
ENSG00000199514,0
ENSG00000199515,1
ENSG00000199516,0
ENSG00000199520,0
ENSG00000199523,0
ENSG00000199525,0
ENSG00000199529,0
ENSG00000199530,0
ENSG00000199535,0
ENSG00000199536,1
ENSG00000199540,0
ENSG00000199545,1
ENSG00000199546,0
ENSG00000199550,2
ENSG00000199551,0
ENSG00000199552,0
ENSG00000199556,0
ENSG00000199562,0
ENSG00000199564,0
ENSG00000199565,0
ENSG00000199566,0
ENSG00000199567,0
ENSG00000199568,0
ENSG00000199570,0
ENSG00000199571,0
ENSG00000199572,0
ENSG00000199574,0
ENSG00000199575,0
ENSG00000199577,0
ENSG00000199580,0
ENSG00000199584,0
ENSG00000199585,0
ENSG00000199591,0
ENSG00000199592,0
ENSG00000199593,0
ENSG00000199594,1
ENSG00000199595,0
ENSG00000199598,0
ENSG00000199601,1
ENSG00000199603,0
ENSG00000199605,0
ENSG00000199609,0
ENSG00000199620,0
ENSG00000199622,0
ENSG00000199626,0
ENSG00000199627,0
ENSG00000199629,0
ENSG00000199630,0
ENSG00000199631,0
ENSG00000199633,0
ENSG00000199634,0
ENSG00000199635,0
ENSG00000199636,0
ENSG00000199638,0
ENSG00000199640,0
ENSG00000199643,0
ENSG00000199645,0
ENSG00000199646,0
ENSG00000199652,0
ENSG00000199664,3
ENSG00000199666,0
ENSG00000199667,1
ENSG00000199668,1
ENSG00000199672,1
ENSG00000199673,0
ENSG00000199674,0
ENSG00000199676,1
ENSG00000199677,0
ENSG00000199683,0
ENSG00000199687,0
ENSG00000199691,1
ENSG00000199695,0
ENSG00000199697,0
ENSG00000199698,0
ENSG00000199700,0
ENSG00000199701,0
ENSG00000199702,0
ENSG00000199704,0
ENSG00000199705,0
ENSG00000199709,4
ENSG00000199710,0
ENSG00000199711,1
ENSG00000199712,0
ENSG00000199713,0
ENSG00000199715,0
ENSG00000199716,0
ENSG00000199719,0
ENSG00000199727,0
ENSG00000199728,0
ENSG00000199730,1
ENSG00000199731,4
ENSG00000199732,0
ENSG00000199733,0
ENSG00000199735,0
ENSG00000199739,0
ENSG00000199740,0
ENSG00000199744,0
ENSG00000199751,0
ENSG00000199753,57
ENSG00000199755,0
ENSG00000199756,1
ENSG00000199762,0
ENSG00000199764,0
ENSG00000199765,0
ENSG00000199767,0
ENSG00000199771,0
ENSG00000199773,0
ENSG00000199780,0
ENSG00000199781,0
ENSG00000199782,0
ENSG00000199783,0
ENSG00000199784,0
ENSG00000199785,0
ENSG00000199786,0
ENSG00000199787,0
ENSG00000199788,0
ENSG00000199790,0
ENSG00000199791,0
ENSG00000199792,0
ENSG00000199796,0
ENSG00000199797,0
ENSG00000199798,0
ENSG00000199801,0
ENSG00000199803,0
ENSG00000199804,3
ENSG00000199805,0
ENSG00000199806,0
ENSG00000199809,0
ENSG00000199812,0
ENSG00000199814,0
ENSG00000199815,0
ENSG00000199824,1
ENSG00000199827,0
ENSG00000199831,0
ENSG00000199832,0
ENSG00000199833,0
ENSG00000199836,2
ENSG00000199837,0
ENSG00000199839,0
ENSG00000199840,0
ENSG00000199843,0
ENSG00000199845,0
ENSG00000199846,1
ENSG00000199849,0
ENSG00000199851,2
ENSG00000199855,0
ENSG00000199856,0
ENSG00000199857,0
ENSG00000199858,0
ENSG00000199859,0
ENSG00000199862,0
ENSG00000199865,0
ENSG00000199866,0
ENSG00000199867,0
ENSG00000199870,0
ENSG00000199872,1
ENSG00000199874,0
ENSG00000199875,0
ENSG00000199878,0
ENSG00000199879,0
ENSG00000199880,0
ENSG00000199881,0
ENSG00000199883,0
ENSG00000199884,0
ENSG00000199885,0
ENSG00000199886,0
ENSG00000199890,0
ENSG00000199892,0
ENSG00000199894,0
ENSG00000199895,0
ENSG00000199899,0
ENSG00000199900,0
ENSG00000199901,0
ENSG00000199903,0
ENSG00000199905,0
ENSG00000199906,21
ENSG00000199910,0
ENSG00000199911,0
ENSG00000199912,0
ENSG00000199913,0
ENSG00000199914,0
ENSG00000199920,0
ENSG00000199921,0
ENSG00000199924,0
ENSG00000199927,0
ENSG00000199929,0
ENSG00000199932,0
ENSG00000199933,1
ENSG00000199934,0
ENSG00000199936,1
ENSG00000199938,0
ENSG00000199940,0
ENSG00000199942,0
ENSG00000199944,0
ENSG00000199949,0
ENSG00000199953,0
ENSG00000199959,0
ENSG00000199960,0
ENSG00000199961,3
ENSG00000199962,0
ENSG00000199963,0
ENSG00000199964,0
ENSG00000199968,0
ENSG00000199970,0
ENSG00000199971,0
ENSG00000199975,0
ENSG00000199977,0
ENSG00000199979,0
ENSG00000199985,0
ENSG00000199986,0
ENSG00000199990,1
ENSG00000199994,0
ENSG00000200003,0
ENSG00000200008,0
ENSG00000200011,0
ENSG00000200013,0
ENSG00000200021,0
ENSG00000200024,0
ENSG00000200026,0
ENSG00000200028,0
ENSG00000200029,0
ENSG00000200033,0
ENSG00000200034,0
ENSG00000200036,0
ENSG00000200037,0
ENSG00000200040,0
ENSG00000200041,0
ENSG00000200047,0
ENSG00000200048,0
ENSG00000200049,0
ENSG00000200051,0
ENSG00000200052,0
ENSG00000200057,0
ENSG00000200058,0
ENSG00000200059,0
ENSG00000200060,0
ENSG00000200062,0
ENSG00000200063,0
ENSG00000200064,0
ENSG00000200065,0
ENSG00000200070,0
ENSG00000200072,0
ENSG00000200075,0
ENSG00000200079,0
ENSG00000200084,0
ENSG00000200085,0
ENSG00000200086,0
ENSG00000200087,5
ENSG00000200089,0
ENSG00000200090,9
ENSG00000200091,1
ENSG00000200095,0
ENSG00000200097,0
ENSG00000200101,0
ENSG00000200102,0
ENSG00000200105,0
ENSG00000200106,0
ENSG00000200107,0
ENSG00000200108,0
ENSG00000200112,0
ENSG00000200113,0
ENSG00000200114,1
ENSG00000200118,0
ENSG00000200120,0
ENSG00000200121,0
ENSG00000200130,0
ENSG00000200131,0
ENSG00000200132,0
ENSG00000200135,0
ENSG00000200138,0
ENSG00000200139,0
ENSG00000200142,0
ENSG00000200146,0
ENSG00000200150,0
ENSG00000200151,0
ENSG00000200152,2
ENSG00000200153,0
ENSG00000200156,1
ENSG00000200161,0
ENSG00000200162,0
ENSG00000200163,0
ENSG00000200164,1
ENSG00000200168,0
ENSG00000200169,0
ENSG00000200170,8
ENSG00000200171,0
ENSG00000200174,0
ENSG00000200175,0
ENSG00000200176,0
ENSG00000200179,0
ENSG00000200183,0
ENSG00000200184,0
ENSG00000200189,0
ENSG00000200191,0
ENSG00000200197,0
ENSG00000200198,0
ENSG00000200201,0
ENSG00000200204,0
ENSG00000200206,0
ENSG00000200208,0
ENSG00000200209,0
ENSG00000200211,0
ENSG00000200213,0
ENSG00000200215,0
ENSG00000200216,0
ENSG00000200217,0
ENSG00000200218,0
ENSG00000200220,0
ENSG00000200222,0
ENSG00000200224,0
ENSG00000200225,0
ENSG00000200227,0
ENSG00000200231,0
ENSG00000200235,0
ENSG00000200237,0
ENSG00000200238,0
ENSG00000200241,1
ENSG00000200243,0
ENSG00000200246,0
ENSG00000200247,0
ENSG00000200248,0
ENSG00000200250,0
ENSG00000200252,0
ENSG00000200253,5
ENSG00000200254,0
ENSG00000200256,0
ENSG00000200257,0
ENSG00000200259,0
ENSG00000200261,0
ENSG00000200262,0
ENSG00000200267,0
ENSG00000200269,0
ENSG00000200274,0
ENSG00000200275,0
ENSG00000200278,0
ENSG00000200279,0
ENSG00000200281,0
ENSG00000200283,0
ENSG00000200287,0
ENSG00000200288,0
ENSG00000200291,0
ENSG00000200293,0
ENSG00000200294,0
ENSG00000200295,0
ENSG00000200296,0
ENSG00000200298,0
ENSG00000200301,0
ENSG00000200303,0
ENSG00000200304,0
ENSG00000200305,0
ENSG00000200309,0
ENSG00000200310,0
ENSG00000200312,0
ENSG00000200313,0
ENSG00000200314,0
ENSG00000200318,0
ENSG00000200320,0
ENSG00000200325,0
ENSG00000200326,0
ENSG00000200327,0
ENSG00000200331,0
ENSG00000200332,0
ENSG00000200334,0
ENSG00000200336,0
ENSG00000200338,0
ENSG00000200340,0
ENSG00000200343,0
ENSG00000200344,2
ENSG00000200345,2
ENSG00000200350,0
ENSG00000200351,0
ENSG00000200354,0
ENSG00000200355,0
ENSG00000200356,4
ENSG00000200360,1
ENSG00000200361,1
ENSG00000200366,0
ENSG00000200367,0
ENSG00000200369,0
ENSG00000200370,0
ENSG00000200372,0
ENSG00000200376,0
ENSG00000200377,0
ENSG00000200378,12
ENSG00000200379,0
ENSG00000200381,0
ENSG00000200385,15
ENSG00000200388,0
ENSG00000200389,0
ENSG00000200390,0
ENSG00000200391,0
ENSG00000200393,0
ENSG00000200394,0
ENSG00000200397,0
ENSG00000200398,0
ENSG00000200403,1
ENSG00000200406,0
ENSG00000200407,0
ENSG00000200408,1
ENSG00000200411,0
ENSG00000200413,0
ENSG00000200418,0
ENSG00000200419,0
ENSG00000200421,0
ENSG00000200422,0
ENSG00000200424,0
ENSG00000200427,0
ENSG00000200428,0
ENSG00000200431,0
ENSG00000200432,0
ENSG00000200434,0
ENSG00000200436,0
ENSG00000200437,0
ENSG00000200443,0
ENSG00000200444,0
ENSG00000200446,0
ENSG00000200448,0
ENSG00000200455,0
ENSG00000200456,0
ENSG00000200462,0
ENSG00000200463,0
ENSG00000200468,0
ENSG00000200469,0
ENSG00000200471,0
ENSG00000200472,0
ENSG00000200473,0
ENSG00000200475,0
ENSG00000200478,0
ENSG00000200480,0
ENSG00000200483,0
ENSG00000200484,0
ENSG00000200485,0
ENSG00000200486,0
ENSG00000200487,0
ENSG00000200488,0
ENSG00000200492,0
ENSG00000200494,0
ENSG00000200495,0
ENSG00000200496,0
ENSG00000200502,4
ENSG00000200503,1
ENSG00000200506,0
ENSG00000200508,0
ENSG00000200516,1
ENSG00000200520,0
ENSG00000200521,0
ENSG00000200522,0
ENSG00000200525,2
ENSG00000200526,0
ENSG00000200527,0
ENSG00000200528,0
ENSG00000200530,0
ENSG00000200534,32
ENSG00000200536,0
ENSG00000200537,0
ENSG00000200538,0
ENSG00000200544,0
ENSG00000200545,0
ENSG00000200547,0
ENSG00000200550,15
ENSG00000200552,0
ENSG00000200553,0
ENSG00000200554,0
ENSG00000200555,0
ENSG00000200556,0
ENSG00000200558,0
ENSG00000200560,1
ENSG00000200563,0
ENSG00000200564,0
ENSG00000200566,0
ENSG00000200570,0
ENSG00000200571,0
ENSG00000200572,0
ENSG00000200575,0
ENSG00000200579,0
ENSG00000200587,0
ENSG00000200591,2
ENSG00000200593,0
ENSG00000200594,0
ENSG00000200597,0
ENSG00000200600,0
ENSG00000200601,0
ENSG00000200605,0
ENSG00000200608,0
ENSG00000200610,0
ENSG00000200612,0
ENSG00000200613,0
ENSG00000200615,0
ENSG00000200616,0
ENSG00000200619,0
ENSG00000200620,0
ENSG00000200622,0
ENSG00000200623,0
ENSG00000200624,0
ENSG00000200626,0
ENSG00000200629,1
ENSG00000200630,0
ENSG00000200632,0
ENSG00000200635,0
ENSG00000200636,0
ENSG00000200637,0
ENSG00000200638,0
ENSG00000200645,0
ENSG00000200646,0
ENSG00000200648,0
ENSG00000200649,0
ENSG00000200650,0
ENSG00000200651,0
ENSG00000200652,0
ENSG00000200653,0
ENSG00000200656,0
ENSG00000200661,0
ENSG00000200664,0
ENSG00000200665,0
ENSG00000200670,0
ENSG00000200673,0
ENSG00000200674,1
ENSG00000200677,1
ENSG00000200680,0
ENSG00000200681,1
ENSG00000200683,1
ENSG00000200685,0
ENSG00000200686,0
ENSG00000200687,0
ENSG00000200688,1
ENSG00000200693,6
ENSG00000200701,0
ENSG00000200702,0
ENSG00000200703,0
ENSG00000200706,0
ENSG00000200708,0
ENSG00000200709,0
ENSG00000200711,0
ENSG00000200713,0
ENSG00000200714,8
ENSG00000200718,0
ENSG00000200719,0
ENSG00000200720,0
ENSG00000200726,0
ENSG00000200728,0
ENSG00000200731,0
ENSG00000200732,0
ENSG00000200733,0
ENSG00000200737,1
ENSG00000200738,0
ENSG00000200741,0
ENSG00000200742,0
ENSG00000200745,0
ENSG00000200750,0
ENSG00000200752,0
ENSG00000200753,0
ENSG00000200754,0
ENSG00000200755,0
ENSG00000200756,0
ENSG00000200757,0
ENSG00000200759,0
ENSG00000200761,0
ENSG00000200763,0
ENSG00000200764,0
ENSG00000200769,2
ENSG00000200774,0
ENSG00000200779,0
ENSG00000200783,0
ENSG00000200785,0
ENSG00000200786,0
ENSG00000200788,3
ENSG00000200789,0
ENSG00000200790,0
ENSG00000200792,0
ENSG00000200794,0
ENSG00000200795,1
ENSG00000200796,0
ENSG00000200799,0
ENSG00000200800,0
ENSG00000200801,0
ENSG00000200806,0
ENSG00000200807,0
ENSG00000200812,0
ENSG00000200814,0
ENSG00000200815,0
ENSG00000200816,4
ENSG00000200817,0
ENSG00000200818,0
ENSG00000200822,0
ENSG00000200823,0
ENSG00000200827,0
ENSG00000200829,0
ENSG00000200830,0
ENSG00000200831,0
ENSG00000200832,0
ENSG00000200833,0
ENSG00000200834,0
ENSG00000200839,0
ENSG00000200840,0
ENSG00000200842,0
ENSG00000200847,0
ENSG00000200849,0
ENSG00000200852,0
ENSG00000200855,0
ENSG00000200857,0
ENSG00000200860,0
ENSG00000200867,0
ENSG00000200869,0
ENSG00000200871,0
ENSG00000200872,0
ENSG00000200873,3
ENSG00000200874,0
ENSG00000200875,0
ENSG00000200877,0
ENSG00000200879,16
ENSG00000200882,0
ENSG00000200883,0
ENSG00000200884,0
ENSG00000200885,0
ENSG00000200887,0
ENSG00000200888,0
ENSG00000200889,1
ENSG00000200890,0
ENSG00000200891,0
ENSG00000200893,0
ENSG00000200895,0
ENSG00000200897,0
ENSG00000200898,0
ENSG00000200902,0
ENSG00000200903,0
ENSG00000200906,0
ENSG00000200913,2
ENSG00000200914,0
ENSG00000200917,0
ENSG00000200922,0
ENSG00000200924,2
ENSG00000200926,0
ENSG00000200935,0
ENSG00000200941,0
ENSG00000200942,0
ENSG00000200949,0
ENSG00000200953,2
ENSG00000200957,0
ENSG00000200959,0
ENSG00000200963,0
ENSG00000200966,0
ENSG00000200969,0
ENSG00000200972,0
ENSG00000200974,0
ENSG00000200975,1
ENSG00000200976,0
ENSG00000200982,0
ENSG00000200983,0
ENSG00000200985,0
ENSG00000200986,0
ENSG00000200987,0
ENSG00000200991,4
ENSG00000200997,0
ENSG00000200998,0
ENSG00000200999,0
ENSG00000201000,0
ENSG00000201001,0
ENSG00000201003,1
ENSG00000201006,0
ENSG00000201009,0
ENSG00000201010,0
ENSG00000201012,0
ENSG00000201013,0
ENSG00000201014,0
ENSG00000201015,0
ENSG00000201016,0
ENSG00000201021,0
ENSG00000201023,0
ENSG00000201025,0
ENSG00000201026,0
ENSG00000201027,0
ENSG00000201028,0
ENSG00000201031,0
ENSG00000201032,0
ENSG00000201033,0
ENSG00000201034,1
ENSG00000201035,0
ENSG00000201036,0
ENSG00000201041,0
ENSG00000201042,0
ENSG00000201044,0
ENSG00000201047,0
ENSG00000201048,0
ENSG00000201050,0
ENSG00000201059,0
ENSG00000201065,0
ENSG00000201066,0
ENSG00000201070,0
ENSG00000201071,0
ENSG00000201074,0
ENSG00000201075,0
ENSG00000201076,0
ENSG00000201077,0
ENSG00000201078,0
ENSG00000201084,0
ENSG00000201085,0
ENSG00000201086,0
ENSG00000201088,0
ENSG00000201095,0
ENSG00000201096,0
ENSG00000201097,0
ENSG00000201098,1
ENSG00000201102,0
ENSG00000201104,0
ENSG00000201109,1
ENSG00000201113,0
ENSG00000201114,0
ENSG00000201118,1
ENSG00000201119,0
ENSG00000201121,0
ENSG00000201126,0
ENSG00000201129,2
ENSG00000201133,0
ENSG00000201134,5
ENSG00000201135,0
ENSG00000201136,3
ENSG00000201140,0
ENSG00000201142,0
ENSG00000201143,0
ENSG00000201145,0
ENSG00000201148,0
ENSG00000201151,3
ENSG00000201153,0
ENSG00000201155,0
ENSG00000201157,0
ENSG00000201160,0
ENSG00000201161,0
ENSG00000201162,0
ENSG00000201164,1
ENSG00000201165,0
ENSG00000201168,0
ENSG00000201170,0
ENSG00000201176,1
ENSG00000201178,0
ENSG00000201179,0
ENSG00000201180,0
ENSG00000201182,0
ENSG00000201183,4
ENSG00000201184,0
ENSG00000201185,0
ENSG00000201186,0
ENSG00000201196,0
ENSG00000201198,0
ENSG00000201201,0
ENSG00000201204,0
ENSG00000201207,5
ENSG00000201208,1
ENSG00000201209,0
ENSG00000201210,0
ENSG00000201216,0
ENSG00000201217,0
ENSG00000201218,0
ENSG00000201221,0
ENSG00000201223,0
ENSG00000201227,0
ENSG00000201228,0
ENSG00000201229,0
ENSG00000201231,0
ENSG00000201239,0
ENSG00000201240,0
ENSG00000201241,0
ENSG00000201242,0
ENSG00000201243,0
ENSG00000201245,0
ENSG00000201247,0
ENSG00000201253,0
ENSG00000201255,0
ENSG00000201260,0
ENSG00000201263,0
ENSG00000201264,0
ENSG00000201270,0
ENSG00000201271,0
ENSG00000201273,0
ENSG00000201274,0
ENSG00000201277,0
ENSG00000201279,0
ENSG00000201282,0
ENSG00000201285,0
ENSG00000201287,0
ENSG00000201288,0
ENSG00000201289,0
ENSG00000201291,0
ENSG00000201292,0
ENSG00000201294,0
ENSG00000201296,0
ENSG00000201297,0
ENSG00000201298,0
ENSG00000201300,0
ENSG00000201301,0
ENSG00000201302,17
ENSG00000201308,0
ENSG00000201309,0
ENSG00000201311,0
ENSG00000201312,0
ENSG00000201314,0
ENSG00000201315,0
ENSG00000201316,0
ENSG00000201317,0
ENSG00000201318,0
ENSG00000201321,0
ENSG00000201324,0
ENSG00000201325,0
ENSG00000201326,0
ENSG00000201329,0
ENSG00000201330,0
ENSG00000201331,0
ENSG00000201339,0
ENSG00000201340,0
ENSG00000201341,0
ENSG00000201342,0
ENSG00000201343,0
ENSG00000201346,0
ENSG00000201347,0
ENSG00000201348,0
ENSG00000201351,0
ENSG00000201354,1
ENSG00000201355,0
ENSG00000201356,0
ENSG00000201358,0
ENSG00000201361,0
ENSG00000201363,0
ENSG00000201364,0
ENSG00000201365,0
ENSG00000201367,0
ENSG00000201368,0
ENSG00000201370,1
ENSG00000201371,0
ENSG00000201372,1
ENSG00000201376,0
ENSG00000201377,0
ENSG00000201379,0
ENSG00000201382,0
ENSG00000201384,0
ENSG00000201386,0
ENSG00000201388,1
ENSG00000201390,0
ENSG00000201392,0
ENSG00000201393,0
ENSG00000201394,0
ENSG00000201395,0
ENSG00000201398,0
ENSG00000201403,0
ENSG00000201405,0
ENSG00000201407,0
ENSG00000201410,0
ENSG00000201412,0
ENSG00000201413,0
ENSG00000201415,0
ENSG00000201420,1
ENSG00000201421,0
ENSG00000201423,0
ENSG00000201426,0
ENSG00000201428,0
ENSG00000201431,0
ENSG00000201432,0
ENSG00000201433,0
ENSG00000201435,1
ENSG00000201436,0
ENSG00000201439,0
ENSG00000201440,2
ENSG00000201441,2
ENSG00000201442,0
ENSG00000201443,0
ENSG00000201444,0
ENSG00000201447,0
ENSG00000201448,2
ENSG00000201451,2
ENSG00000201452,0
ENSG00000201457,5
ENSG00000201458,0
ENSG00000201464,0
ENSG00000201465,0
ENSG00000201466,0
ENSG00000201467,0
ENSG00000201469,1
ENSG00000201470,0
ENSG00000201474,0
ENSG00000201476,0
ENSG00000201482,0
ENSG00000201483,0
ENSG00000201487,0
ENSG00000201489,0
ENSG00000201491,0
ENSG00000201492,1
ENSG00000201493,0
ENSG00000201496,0
ENSG00000201498,1
ENSG00000201499,0
ENSG00000201500,0
ENSG00000201501,0
ENSG00000201502,0
ENSG00000201510,2
ENSG00000201511,0
ENSG00000201512,5
ENSG00000201516,0
ENSG00000201517,0
ENSG00000201518,0
ENSG00000201519,1
ENSG00000201523,0
ENSG00000201524,0
ENSG00000201527,0
ENSG00000201529,0
ENSG00000201532,0
ENSG00000201533,0
ENSG00000201535,0
ENSG00000201541,0
ENSG00000201542,0
ENSG00000201544,5
ENSG00000201545,0
ENSG00000201547,0
ENSG00000201548,0
ENSG00000201549,0
ENSG00000201550,1
ENSG00000201554,0
ENSG00000201555,6
ENSG00000201557,0
ENSG00000201558,0
ENSG00000201560,0
ENSG00000201563,0
ENSG00000201564,0
ENSG00000201565,0
ENSG00000201566,0
ENSG00000201567,0
ENSG00000201569,0
ENSG00000201570,0
ENSG00000201573,1
ENSG00000201574,0
ENSG00000201579,0
ENSG00000201581,0
ENSG00000201583,0
ENSG00000201584,0
ENSG00000201586,0
ENSG00000201588,0
ENSG00000201591,0
ENSG00000201592,1
ENSG00000201594,0
ENSG00000201595,1
ENSG00000201596,0
ENSG00000201598,0
ENSG00000201600,2
ENSG00000201602,0
ENSG00000201604,0
ENSG00000201607,0
ENSG00000201608,0
ENSG00000201609,0
ENSG00000201610,0
ENSG00000201612,0
ENSG00000201613,0
ENSG00000201616,0
ENSG00000201618,0
ENSG00000201619,0
ENSG00000201620,0
ENSG00000201622,0
ENSG00000201623,0
ENSG00000201624,0
ENSG00000201627,0
ENSG00000201628,0
ENSG00000201633,0
ENSG00000201634,0
ENSG00000201635,0
ENSG00000201638,0
ENSG00000201640,0
ENSG00000201641,0
ENSG00000201642,0
ENSG00000201643,0
ENSG00000201644,0
ENSG00000201648,0
ENSG00000201649,0
ENSG00000201654,0
ENSG00000201658,0
ENSG00000201659,1
ENSG00000201660,0
ENSG00000201662,0
ENSG00000201663,0
ENSG00000201665,0
ENSG00000201666,0
ENSG00000201668,0
ENSG00000201671,0
ENSG00000201672,0
ENSG00000201674,0
ENSG00000201675,0
ENSG00000201676,0
ENSG00000201679,0
ENSG00000201680,1
ENSG00000201683,0
ENSG00000201684,3
ENSG00000201687,0
ENSG00000201689,0
ENSG00000201690,0
ENSG00000201695,0
ENSG00000201699,0
ENSG00000201700,0
ENSG00000201701,0
ENSG00000201704,0
ENSG00000201707,0
ENSG00000201708,0
ENSG00000201709,0
ENSG00000201710,0
ENSG00000201711,0
ENSG00000201713,0
ENSG00000201715,0
ENSG00000201723,0
ENSG00000201724,0
ENSG00000201725,0
ENSG00000201727,0
ENSG00000201728,0
ENSG00000201733,1
ENSG00000201736,0
ENSG00000201737,0
ENSG00000201741,0
ENSG00000201742,0
ENSG00000201744,0
ENSG00000201746,1
ENSG00000201747,0
ENSG00000201749,0
ENSG00000201752,0
ENSG00000201754,0
ENSG00000201756,0
ENSG00000201758,0
ENSG00000201761,0
ENSG00000201763,0
ENSG00000201766,0
ENSG00000201770,0
ENSG00000201772,7
ENSG00000201774,0
ENSG00000201775,0
ENSG00000201778,0
ENSG00000201780,0
ENSG00000201782,0
ENSG00000201785,1
ENSG00000201786,0
ENSG00000201788,0
ENSG00000201789,0
ENSG00000201790,0
ENSG00000201791,0
ENSG00000201793,0
ENSG00000201794,0
ENSG00000201796,0
ENSG00000201800,1
ENSG00000201801,0
ENSG00000201805,0
ENSG00000201806,2
ENSG00000201807,0
ENSG00000201809,0
ENSG00000201810,0
ENSG00000201811,0
ENSG00000201812,0
ENSG00000201813,1
ENSG00000201815,0
ENSG00000201816,0
ENSG00000201818,0
ENSG00000201820,0
ENSG00000201821,0
ENSG00000201822,0
ENSG00000201823,1
ENSG00000201825,0
ENSG00000201826,0
ENSG00000201827,0
ENSG00000201830,0
ENSG00000201831,0
ENSG00000201839,0
ENSG00000201843,1
ENSG00000201846,0
ENSG00000201847,0
ENSG00000201850,0
ENSG00000201852,0
ENSG00000201856,0
ENSG00000201860,0
ENSG00000201861,0
ENSG00000201863,0
ENSG00000201867,0
ENSG00000201868,0
ENSG00000201869,0
ENSG00000201875,0
ENSG00000201876,0
ENSG00000201881,0
ENSG00000201882,0
ENSG00000201884,0
ENSG00000201885,0
ENSG00000201892,0
ENSG00000201894,0
ENSG00000201896,0
ENSG00000201898,0
ENSG00000201899,0
ENSG00000201900,1
ENSG00000201901,0
ENSG00000201907,0
ENSG00000201909,0
ENSG00000201910,0
ENSG00000201912,0
ENSG00000201913,0
ENSG00000201916,0
ENSG00000201919,0
ENSG00000201920,0
ENSG00000201922,0
ENSG00000201923,0
ENSG00000201925,0
ENSG00000201931,0
ENSG00000201933,0
ENSG00000201938,1
ENSG00000201939,0
ENSG00000201942,1
ENSG00000201943,0
ENSG00000201944,0
ENSG00000201945,0
ENSG00000201950,0
ENSG00000201954,0
ENSG00000201955,0
ENSG00000201957,0
ENSG00000201959,0
ENSG00000201962,0
ENSG00000201965,0
ENSG00000201966,0
ENSG00000201967,1
ENSG00000201968,0
ENSG00000201969,0
ENSG00000201980,0
ENSG00000201984,0
ENSG00000201987,0
ENSG00000201988,1
ENSG00000201990,0
ENSG00000201992,0
ENSG00000201998,2
ENSG00000201999,0
ENSG00000202000,1
ENSG00000202001,0
ENSG00000202008,0
ENSG00000202014,0
ENSG00000202016,0
ENSG00000202017,0
ENSG00000202019,0
ENSG00000202021,0
ENSG00000202023,0
ENSG00000202024,0
ENSG00000202025,0
ENSG00000202026,0
ENSG00000202027,0
ENSG00000202029,0
ENSG00000202031,0
ENSG00000202034,0
ENSG00000202035,0
ENSG00000202039,0
ENSG00000202041,0
ENSG00000202044,0
ENSG00000202046,0
ENSG00000202047,0
ENSG00000202048,0
ENSG00000202050,0
ENSG00000202051,0
ENSG00000202054,0
ENSG00000202056,0
ENSG00000202058,5
ENSG00000202059,0
ENSG00000202060,0
ENSG00000202063,0
ENSG00000202069,0
ENSG00000202070,0
ENSG00000202071,0
ENSG00000202074,0
ENSG00000202078,4
ENSG00000202079,2
ENSG00000202081,0
ENSG00000202082,0
ENSG00000202089,0
ENSG00000202092,0
ENSG00000202093,0
ENSG00000202095,0
ENSG00000202099,0
ENSG00000202100,0
ENSG00000202103,0
ENSG00000202111,0
ENSG00000202112,0
ENSG00000202119,0
ENSG00000202124,0
ENSG00000202125,0
ENSG00000202137,0
ENSG00000202141,0
ENSG00000202142,0
ENSG00000202144,0
ENSG00000202146,0
ENSG00000202147,0
ENSG00000202150,1
ENSG00000202151,0
ENSG00000202157,0
ENSG00000202159,0
ENSG00000202160,0
ENSG00000202164,0
ENSG00000202167,0
ENSG00000202169,0
ENSG00000202172,0
ENSG00000202174,0
ENSG00000202175,0
ENSG00000202177,0
ENSG00000202182,0
ENSG00000202183,0
ENSG00000202184,0
ENSG00000202186,0
ENSG00000202187,0
ENSG00000202188,0
ENSG00000202189,0
ENSG00000202190,0
ENSG00000202191,0
ENSG00000202193,0
ENSG00000202195,0
ENSG00000202198,93
ENSG00000202199,0
ENSG00000202200,0
ENSG00000202205,0
ENSG00000202206,0
ENSG00000202211,0
ENSG00000202215,0
ENSG00000202216,0
ENSG00000202217,0
ENSG00000202222,0
ENSG00000202224,0
ENSG00000202225,0
ENSG00000202227,1
ENSG00000202229,0
ENSG00000202231,1
ENSG00000202233,0
ENSG00000202237,0
ENSG00000202239,0
ENSG00000202240,0
ENSG00000202241,0
ENSG00000202242,0
ENSG00000202245,0
ENSG00000202248,0
ENSG00000202249,0
ENSG00000202250,0
ENSG00000202251,1
ENSG00000202252,0
ENSG00000202254,0
ENSG00000202255,0
ENSG00000202257,0
ENSG00000202259,1
ENSG00000202260,0
ENSG00000202261,0
ENSG00000202263,0
ENSG00000202264,0
ENSG00000202265,0
ENSG00000202268,0
ENSG00000202269,0
ENSG00000202270,0
ENSG00000202272,0
ENSG00000202273,0
ENSG00000202275,0
ENSG00000202276,0
ENSG00000202279,1
ENSG00000202281,0
ENSG00000202283,0
ENSG00000202285,0
ENSG00000202290,3
ENSG00000202293,0
ENSG00000202296,0
ENSG00000202297,0
ENSG00000202300,0
ENSG00000202304,0
ENSG00000202306,0
ENSG00000202308,0
ENSG00000202309,0
ENSG00000202310,0
ENSG00000202313,0
ENSG00000202314,6
ENSG00000202317,0
ENSG00000202318,6
ENSG00000202322,0
ENSG00000202324,0
ENSG00000202329,0
ENSG00000202331,0
ENSG00000202332,0
ENSG00000202334,0
ENSG00000202335,0
ENSG00000202336,0
ENSG00000202337,21
ENSG00000202339,0
ENSG00000202341,0
ENSG00000202343,17
ENSG00000202344,0
ENSG00000202345,0
ENSG00000202347,0
ENSG00000202350,0
ENSG00000202351,0
ENSG00000202354,0
ENSG00000202356,0
ENSG00000202357,0
ENSG00000202358,0
ENSG00000202360,0
ENSG00000202361,0
ENSG00000202363,0
ENSG00000202368,0
ENSG00000202373,0
ENSG00000202374,2
ENSG00000202377,0
ENSG00000202379,1
ENSG00000202380,0
ENSG00000202382,0
ENSG00000202383,0
ENSG00000202385,0
ENSG00000202386,0
ENSG00000202388,0
ENSG00000202389,0
ENSG00000202392,0
ENSG00000202395,0
ENSG00000202398,0
ENSG00000202399,0
ENSG00000202400,1
ENSG00000202402,0
ENSG00000202406,0
ENSG00000202407,0
ENSG00000202408,2
ENSG00000202410,0
ENSG00000202411,0
ENSG00000202412,0
ENSG00000202414,0
ENSG00000202415,0
ENSG00000202417,0
ENSG00000202422,0
ENSG00000202423,0
ENSG00000202427,1
ENSG00000202428,0
ENSG00000202429,1
ENSG00000202430,0
ENSG00000202431,0
ENSG00000202433,0
ENSG00000202434,1
ENSG00000202438,0
ENSG00000202440,0
ENSG00000202441,4
ENSG00000202444,0
ENSG00000202445,0
ENSG00000202449,0
ENSG00000202459,0
ENSG00000202461,2
ENSG00000202468,0
ENSG00000202469,0
ENSG00000202470,0
ENSG00000202471,0
ENSG00000202472,0
ENSG00000202473,0
ENSG00000202474,6
ENSG00000202476,0
ENSG00000202478,0
ENSG00000202479,0
ENSG00000202485,0
ENSG00000202490,0
ENSG00000202491,0
ENSG00000202495,0
ENSG00000202497,0
ENSG00000202498,0
ENSG00000202499,0
ENSG00000202502,0
ENSG00000202503,0
ENSG00000202508,0
ENSG00000202512,0
ENSG00000202513,0
ENSG00000202514,0
ENSG00000202515,10
ENSG00000202517,0
ENSG00000202521,0
ENSG00000202522,2
ENSG00000202523,1
ENSG00000202526,0
ENSG00000202528,0
ENSG00000202529,0
ENSG00000202532,0
ENSG00000202533,2
ENSG00000202534,0
ENSG00000202536,0
ENSG00000202537,0
ENSG00000202538,2
ENSG00000202542,0
ENSG00000202560,0
ENSG00000202566,2
ENSG00000202569,0
ENSG00000202601,0
ENSG00000202609,0
ENSG00000203258,0
ENSG00000203262,0
ENSG00000203266,0
ENSG00000203279,14
ENSG00000203280,71
ENSG00000203286,4
ENSG00000203288,27
ENSG00000203307,0
ENSG00000203321,3
ENSG00000203325,0
ENSG00000203326,520
ENSG00000203327,6
ENSG00000203334,0
ENSG00000203335,0
ENSG00000203356,0
ENSG00000203362,25
ENSG00000203363,0
ENSG00000203364,2
ENSG00000203386,0
ENSG00000203387,0
ENSG00000203392,54
ENSG00000203395,1
ENSG00000203396,3
ENSG00000203397,1
ENSG00000203402,0
ENSG00000203408,0
ENSG00000203411,0
ENSG00000203413,0
ENSG00000203414,0
ENSG00000203416,0
ENSG00000203434,0
ENSG00000203435,1
ENSG00000203436,0
ENSG00000203437,0
ENSG00000203441,8
ENSG00000203446,8
ENSG00000203462,0
ENSG00000203469,0
ENSG00000203472,0
ENSG00000203485,7847
ENSG00000203489,0
ENSG00000203492,0
ENSG00000203496,0
ENSG00000203497,69
ENSG00000203498,0
ENSG00000203499,1094
ENSG00000203506,0
ENSG00000203520,0
ENSG00000203523,0
ENSG00000203527,2
ENSG00000203531,0
ENSG00000203546,56
ENSG00000203560,0
ENSG00000203565,0
ENSG00000203573,0
ENSG00000203581,0
ENSG00000203585,2
ENSG00000203588,6
ENSG00000203589,0
ENSG00000203593,1
ENSG00000203601,0
ENSG00000203605,0
ENSG00000203616,1
ENSG00000203618,0
ENSG00000203620,3
ENSG00000203635,9
ENSG00000203643,0
ENSG00000203644,393
ENSG00000203645,3
ENSG00000203647,3
ENSG00000203648,0
ENSG00000203650,5
ENSG00000203661,0
ENSG00000203663,0
ENSG00000203664,0
ENSG00000203666,656
ENSG00000203667,442
ENSG00000203668,118
ENSG00000203684,6
ENSG00000203685,22
ENSG00000203688,9
ENSG00000203690,0
ENSG00000203697,65
ENSG00000203705,649
ENSG00000203706,39
ENSG00000203709,1416
ENSG00000203710,26
ENSG00000203711,135
ENSG00000203721,5
ENSG00000203722,5
ENSG00000203724,46
ENSG00000203727,33
ENSG00000203729,0
ENSG00000203730,2
ENSG00000203733,0
ENSG00000203734,45
ENSG00000203737,0
ENSG00000203739,38
ENSG00000203740,0
ENSG00000203747,2763
ENSG00000203756,1
ENSG00000203757,1
ENSG00000203758,0
ENSG00000203760,111
ENSG00000203761,116
ENSG00000203772,92
ENSG00000203778,765
ENSG00000203780,118
ENSG00000203781,0
ENSG00000203782,2
ENSG00000203783,0
ENSG00000203784,0
ENSG00000203785,0
ENSG00000203786,0
ENSG00000203791,318
ENSG00000203795,0
ENSG00000203797,1031
ENSG00000203799,57
ENSG00000203801,7
ENSG00000203804,11
ENSG00000203805,40
ENSG00000203808,3
ENSG00000203809,0
ENSG00000203811,0
ENSG00000203812,0
ENSG00000203814,143
ENSG00000203818,0
ENSG00000203819,6
ENSG00000203825,0
ENSG00000203837,0
ENSG00000203852,0
ENSG00000203855,0
ENSG00000203857,0
ENSG00000203858,0
ENSG00000203859,13
ENSG00000203864,0
ENSG00000203865,187
ENSG00000203867,23
ENSG00000203870,1
ENSG00000203872,24
ENSG00000203875,1044
ENSG00000203876,4
ENSG00000203877,0
ENSG00000203878,0
ENSG00000203879,21296
ENSG00000203880,4549
ENSG00000203883,1313
ENSG00000203886,5
ENSG00000203896,54
ENSG00000203897,0
ENSG00000203900,0
ENSG00000203907,0
ENSG00000203908,0
ENSG00000203909,0
ENSG00000203910,5
ENSG00000203914,2
ENSG00000203923,0
ENSG00000203926,0
ENSG00000203930,44
ENSG00000203933,1
ENSG00000203942,0
ENSG00000203943,27
ENSG00000203950,2315
ENSG00000203952,186
ENSG00000203963,0
ENSG00000203965,410
ENSG00000203970,0
ENSG00000203971,1
ENSG00000203972,0
ENSG00000203985,72
ENSG00000203987,0
ENSG00000203989,0
ENSG00000203993,513
ENSG00000203995,6
ENSG00000203999,347
ENSG00000204001,0
ENSG00000204003,0
ENSG00000204006,0
ENSG00000204007,0
ENSG00000204010,6
ENSG00000204011,0
ENSG00000204019,0
ENSG00000204020,0
ENSG00000204021,0
ENSG00000204022,5
ENSG00000204025,2
ENSG00000204031,0
ENSG00000204033,0
ENSG00000204044,4
ENSG00000204049,83
ENSG00000204052,842
ENSG00000204053,0
ENSG00000204054,5727
ENSG00000204055,90
ENSG00000204060,260
ENSG00000204065,0
ENSG00000204070,3355
ENSG00000204071,0
ENSG00000204072,0
ENSG00000204084,654
ENSG00000204086,3
ENSG00000204091,0
ENSG00000204092,2
ENSG00000204099,2
ENSG00000204103,1419
ENSG00000204104,1441
ENSG00000204110,14
ENSG00000204113,0
ENSG00000204116,568
ENSG00000204117,0
ENSG00000204118,1
ENSG00000204120,4692
ENSG00000204121,0
ENSG00000204128,0
ENSG00000204130,444
ENSG00000204131,89
ENSG00000204136,370
ENSG00000204138,2225
ENSG00000204140,38
ENSG00000204147,147
ENSG00000204148,0
ENSG00000204149,240
ENSG00000204152,153
ENSG00000204160,2542
ENSG00000204161,88
ENSG00000204165,2
ENSG00000204172,119
ENSG00000204173,35
ENSG00000204174,0
ENSG00000204175,0
ENSG00000204176,2
ENSG00000204177,37
ENSG00000204178,4612
ENSG00000204179,287
ENSG00000204183,1
ENSG00000204186,1010
ENSG00000204187,3
ENSG00000204188,11
ENSG00000204193,0
ENSG00000204194,0
ENSG00000204195,1
ENSG00000204196,0
ENSG00000204209,9018
ENSG00000204217,2962
ENSG00000204219,13539
ENSG00000204220,2105
ENSG00000204227,2723
ENSG00000204228,894
ENSG00000204231,3755
ENSG00000204237,1437
ENSG00000204241,95
ENSG00000204246,0
ENSG00000204248,93
ENSG00000204250,0
ENSG00000204252,1037
ENSG00000204253,448
ENSG00000204256,21230
ENSG00000204257,2192
ENSG00000204261,775
ENSG00000204262,4033
ENSG00000204264,9235
ENSG00000204267,1408
ENSG00000204271,171
ENSG00000204272,2939
ENSG00000204277,2
ENSG00000204278,2
ENSG00000204279,0
ENSG00000204282,362
ENSG00000204283,0
ENSG00000204287,15692
ENSG00000204290,8
ENSG00000204291,2930
ENSG00000204293,0
ENSG00000204296,2
ENSG00000204300,0
ENSG00000204301,2098
ENSG00000204304,3387
ENSG00000204305,159
ENSG00000204308,4388
ENSG00000204310,5050
ENSG00000204311,77
ENSG00000204314,686
ENSG00000204315,628
ENSG00000204316,507
ENSG00000204323,12
ENSG00000204334,77
ENSG00000204335,0
ENSG00000204338,82
ENSG00000204344,1040
ENSG00000204345,0
ENSG00000204347,0
ENSG00000204348,1465
ENSG00000204351,5032
ENSG00000204352,0
ENSG00000204356,4494
ENSG00000204361,1
ENSG00000204362,1
ENSG00000204363,0
ENSG00000204365,0
ENSG00000204366,424
ENSG00000204368,0
ENSG00000204370,989
ENSG00000204371,6624
ENSG00000204379,0
ENSG00000204380,19
ENSG00000204381,207
ENSG00000204382,0
ENSG00000204385,8629
ENSG00000204386,7683
ENSG00000204387,2679
ENSG00000204388,8779
ENSG00000204389,11599
ENSG00000204390,267
ENSG00000204392,1560
ENSG00000204393,2
ENSG00000204394,8992
ENSG00000204396,915
ENSG00000204397,208
ENSG00000204398,0
ENSG00000204399,0
ENSG00000204403,3
ENSG00000204406,999
ENSG00000204410,112
ENSG00000204414,0
ENSG00000204420,78
ENSG00000204421,5
ENSG00000204422,0
ENSG00000204424,0
ENSG00000204427,312
ENSG00000204428,285
ENSG00000204429,4
ENSG00000204434,0
ENSG00000204435,3514
ENSG00000204437,0
ENSG00000204438,1577
ENSG00000204439,2081
ENSG00000204442,72
ENSG00000204444,104
ENSG00000204446,3
ENSG00000204449,0
ENSG00000204450,0
ENSG00000204455,0
ENSG00000204456,0
ENSG00000204460,0
ENSG00000204463,16844
ENSG00000204464,0
ENSG00000204469,20938
ENSG00000204471,0
ENSG00000204472,1607
ENSG00000204475,8
ENSG00000204478,0
ENSG00000204479,0
ENSG00000204480,0
ENSG00000204481,0
ENSG00000204482,366
ENSG00000204498,1803
ENSG00000204501,0
ENSG00000204505,0
ENSG00000204510,0
ENSG00000204511,0
ENSG00000204514,2459
ENSG00000204516,1477
ENSG00000204518,0
ENSG00000204519,418
ENSG00000204520,438
ENSG00000204524,108
ENSG00000204525,110234
ENSG00000204528,0
ENSG00000204529,1
ENSG00000204531,15
ENSG00000204532,3
ENSG00000204536,1052
ENSG00000204538,4
ENSG00000204539,0
ENSG00000204540,109
ENSG00000204542,0
ENSG00000204544,1
ENSG00000204547,0
ENSG00000204548,0
ENSG00000204555,0
ENSG00000204556,1
ENSG00000204560,2923
ENSG00000204564,776
ENSG00000204566,0
ENSG00000204568,6639
ENSG00000204569,4399
ENSG00000204571,0
ENSG00000204572,30
ENSG00000204574,5299
ENSG00000204576,877
ENSG00000204577,43
ENSG00000204580,32110
ENSG00000204581,14
ENSG00000204583,1
ENSG00000204584,36
ENSG00000204588,20
ENSG00000204590,3348
ENSG00000204592,26491
ENSG00000204595,0
ENSG00000204599,910
ENSG00000204603,0
ENSG00000204604,690
ENSG00000204610,1
ENSG00000204611,479
ENSG00000204612,0
ENSG00000204613,7
ENSG00000204614,1
ENSG00000204616,136
ENSG00000204618,1565
ENSG00000204619,6010
ENSG00000204620,27
ENSG00000204622,1271
ENSG00000204623,275
ENSG00000204624,77
ENSG00000204625,29
ENSG00000204628,46854
ENSG00000204632,245
ENSG00000204634,959
ENSG00000204637,0
ENSG00000204640,0
ENSG00000204642,5212
ENSG00000204644,29
ENSG00000204648,0
ENSG00000204650,1042
ENSG00000204652,1
ENSG00000204653,6
ENSG00000204655,0
ENSG00000204657,4
ENSG00000204658,0
ENSG00000204659,12
ENSG00000204661,3
ENSG00000204662,0
ENSG00000204663,1
ENSG00000204666,107
ENSG00000204669,0
ENSG00000204670,0
ENSG00000204671,0
ENSG00000204673,3562
ENSG00000204677,15
ENSG00000204681,2310
ENSG00000204682,177
ENSG00000204683,0
ENSG00000204684,0
ENSG00000204685,192
ENSG00000204687,0
ENSG00000204688,0
ENSG00000204694,1
ENSG00000204695,0
ENSG00000204697,0
ENSG00000204699,0
ENSG00000204700,0
ENSG00000204701,0
ENSG00000204702,0
ENSG00000204703,0
ENSG00000204704,0
ENSG00000204705,0
ENSG00000204706,67
ENSG00000204709,24
ENSG00000204710,1
ENSG00000204711,0
ENSG00000204713,5181
ENSG00000204717,8
ENSG00000204718,0
ENSG00000204740,3
ENSG00000204745,58
ENSG00000204754,0
ENSG00000204758,13
ENSG00000204764,26
ENSG00000204767,0
ENSG00000204776,0
ENSG00000204778,6
ENSG00000204779,0
ENSG00000204780,0
ENSG00000204787,0
ENSG00000204789,1040
ENSG00000204790,0
ENSG00000204791,19
ENSG00000204792,0
ENSG00000204801,0
ENSG00000204802,0
ENSG00000204805,0
ENSG00000204814,0
ENSG00000204815,190
ENSG00000204816,0
ENSG00000204818,1
ENSG00000204822,192
ENSG00000204832,0
ENSG00000204837,66
ENSG00000204839,134
ENSG00000204842,2994
ENSG00000204843,17047
ENSG00000204849,0
ENSG00000204850,0
ENSG00000204851,92
ENSG00000204852,3977
ENSG00000204856,240
ENSG00000204859,821
ENSG00000204860,721
ENSG00000204866,3
ENSG00000204869,2
ENSG00000204872,3
ENSG00000204873,0
ENSG00000204876,0
ENSG00000204880,0
ENSG00000204882,12
ENSG00000204887,0
ENSG00000204889,0
ENSG00000204894,15
ENSG00000204897,1
ENSG00000204899,1031
ENSG00000204904,1
ENSG00000204909,5
ENSG00000204913,1
ENSG00000204915,0
ENSG00000204918,0
ENSG00000204919,0
ENSG00000204920,163
ENSG00000204922,845
ENSG00000204923,133
ENSG00000204928,0
ENSG00000204929,9
ENSG00000204930,12
ENSG00000204933,0
ENSG00000204934,138
ENSG00000204936,10
ENSG00000204941,3
ENSG00000204946,1012
ENSG00000204947,345
ENSG00000204949,2
ENSG00000204950,26
ENSG00000204952,1
ENSG00000204954,590
ENSG00000204956,56
ENSG00000204959,107
ENSG00000204960,0
ENSG00000204961,0
ENSG00000204962,0
ENSG00000204963,2
ENSG00000204965,0
ENSG00000204967,6
ENSG00000204969,1
ENSG00000204970,1
ENSG00000204971,2
ENSG00000204977,1582
ENSG00000204978,3
ENSG00000204979,0
ENSG00000204982,9
ENSG00000204983,148
ENSG00000204989,0
ENSG00000204990,0
ENSG00000204991,1207
ENSG00000204993,0
ENSG00000205002,10107
ENSG00000205015,0
ENSG00000205018,14
ENSG00000205022,8
ENSG00000205025,0
ENSG00000205029,0
ENSG00000205030,0
ENSG00000205035,0
ENSG00000205037,2
ENSG00000205038,29
ENSG00000205041,16
ENSG00000205044,0
ENSG00000205045,20
ENSG00000205054,28
ENSG00000205056,2
ENSG00000205057,0
ENSG00000205060,716
ENSG00000205076,0
ENSG00000205078,52
ENSG00000205084,597
ENSG00000205085,37
ENSG00000205086,21
ENSG00000205089,16
ENSG00000205090,46
ENSG00000205097,0
ENSG00000205100,2
ENSG00000205105,9
ENSG00000205106,82
ENSG00000205108,1
ENSG00000205111,0
ENSG00000205116,1
ENSG00000205126,2
ENSG00000205129,43
ENSG00000205133,1899
ENSG00000205138,533
ENSG00000205143,4
ENSG00000205155,1976
ENSG00000205174,0
ENSG00000205176,0
ENSG00000205177,0
ENSG00000205181,259
ENSG00000205184,0
ENSG00000205186,0
ENSG00000205189,2203
ENSG00000205208,150
ENSG00000205209,19
ENSG00000205212,0
ENSG00000205213,2677
ENSG00000205215,0
ENSG00000205220,1390
ENSG00000205221,8
ENSG00000205231,5
ENSG00000205236,0
ENSG00000205238,4
ENSG00000205240,0
ENSG00000205246,718
ENSG00000205250,3410
ENSG00000205266,1
ENSG00000205267,0
ENSG00000205268,728
ENSG00000205269,346
ENSG00000205274,1
ENSG00000205277,3
ENSG00000205279,0
ENSG00000205293,11
ENSG00000205300,2
ENSG00000205301,0
ENSG00000205302,3393
ENSG00000205307,4
ENSG00000205309,870
ENSG00000205312,1
ENSG00000205318,1
ENSG00000205323,130
ENSG00000205325,0
ENSG00000205327,0
ENSG00000205328,0
ENSG00000205329,0
ENSG00000205330,0
ENSG00000205331,0
ENSG00000205333,0
ENSG00000205334,8
ENSG00000205336,6683
ENSG00000205339,5928
ENSG00000205352,4113
ENSG00000205356,3232
ENSG00000205358,9
ENSG00000205359,0
ENSG00000205360,0
ENSG00000205361,111
ENSG00000205362,155
ENSG00000205363,70
ENSG00000205364,24
ENSG00000205396,0
ENSG00000205403,245
ENSG00000205409,0
ENSG00000205412,0
ENSG00000205413,2335
ENSG00000205414,0
ENSG00000205420,0
ENSG00000205423,365
ENSG00000205424,0
ENSG00000205426,4
ENSG00000205433,0
ENSG00000205436,116
ENSG00000205439,0
ENSG00000205442,0
ENSG00000205444,1
ENSG00000205445,1
ENSG00000205449,3
ENSG00000205452,0
ENSG00000205456,0
ENSG00000205457,0
ENSG00000205464,374
ENSG00000205476,1374
ENSG00000205482,10
ENSG00000205485,156
ENSG00000205488,9
ENSG00000205494,0
ENSG00000205495,0
ENSG00000205496,0
ENSG00000205497,0
ENSG00000205500,0
ENSG00000205502,40
ENSG00000205517,826
ENSG00000205531,8665
ENSG00000205534,56
ENSG00000205537,9
ENSG00000205542,31511
ENSG00000205544,1835
ENSG00000205549,0
ENSG00000205559,95
ENSG00000205560,262
ENSG00000205562,0
ENSG00000205571,136
ENSG00000205572,71
ENSG00000205578,0
ENSG00000205579,2
ENSG00000205581,8055
ENSG00000205583,11
ENSG00000205584,0
ENSG00000205592,0
ENSG00000205593,1368
ENSG00000205596,0
ENSG00000205609,11
ENSG00000205611,0
ENSG00000205622,6
ENSG00000205625,1
ENSG00000205628,0
ENSG00000205629,2392
ENSG00000205632,32
ENSG00000205634,0
ENSG00000205636,0
ENSG00000205639,11
ENSG00000205642,0
ENSG00000205643,375
ENSG00000205644,0
ENSG00000205649,0
ENSG00000205653,0
ENSG00000205659,272
ENSG00000205662,21
ENSG00000205663,35
ENSG00000205664,273
ENSG00000205667,2
ENSG00000205669,5
ENSG00000205670,1
ENSG00000205678,0
ENSG00000205682,0
ENSG00000205683,11
ENSG00000205693,1
ENSG00000205695,1
ENSG00000205696,0
ENSG00000205702,12
ENSG00000205704,5
ENSG00000205707,795
ENSG00000205710,598
ENSG00000205716,0
ENSG00000205718,0
ENSG00000205726,761
ENSG00000205730,1630
ENSG00000205740,14
ENSG00000205744,471
ENSG00000205745,0
ENSG00000205746,81
ENSG00000205754,0
ENSG00000205755,1
ENSG00000205758,873
ENSG00000205763,224
ENSG00000205765,2189
ENSG00000205767,0
ENSG00000205771,223
ENSG00000205777,0
ENSG00000205784,3
ENSG00000205786,2
ENSG00000205790,12
ENSG00000205791,46
ENSG00000205794,19
ENSG00000205795,28
ENSG00000205808,1391
ENSG00000205809,83
ENSG00000205810,22
ENSG00000205822,6
ENSG00000205830,0
ENSG00000205832,16
ENSG00000205835,0
ENSG00000205837,11
ENSG00000205838,71
ENSG00000205846,0
ENSG00000205847,6
ENSG00000205853,8
ENSG00000205856,0
ENSG00000205857,0
ENSG00000205858,1
ENSG00000205861,22
ENSG00000205863,6
ENSG00000205864,0
ENSG00000205865,0
ENSG00000205866,0
ENSG00000205867,0
ENSG00000205869,20
ENSG00000205871,11
ENSG00000205879,4
ENSG00000205882,0
ENSG00000205883,2
ENSG00000205884,0
ENSG00000205885,192
ENSG00000205890,230
ENSG00000205897,0
ENSG00000205898,0
ENSG00000205899,0
ENSG00000205903,2393
ENSG00000205913,190
ENSG00000205916,0
ENSG00000205918,5
ENSG00000205922,31
ENSG00000205923,0
ENSG00000205927,0
ENSG00000205929,6
ENSG00000205930,42
ENSG00000205936,0
ENSG00000205937,6967
ENSG00000205940,122
ENSG00000205944,0
ENSG00000205946,0
ENSG00000205955,9
ENSG00000205959,12
ENSG00000205971,0
ENSG00000205976,0
ENSG00000205978,3273
ENSG00000205981,2007
ENSG00000205989,0
ENSG00000206013,1
ENSG00000206014,1
ENSG00000206026,4
ENSG00000206028,0
ENSG00000206034,0
ENSG00000206042,0
ENSG00000206043,0
ENSG00000206047,0
ENSG00000206052,75
ENSG00000206053,13231
ENSG00000206062,0
ENSG00000206066,1
ENSG00000206069,0
ENSG00000206072,0
ENSG00000206073,0
ENSG00000206075,218
ENSG00000206077,1889
ENSG00000206090,0
ENSG00000206102,0
ENSG00000206104,0
ENSG00000206105,0
ENSG00000206106,0
ENSG00000206107,0
ENSG00000206113,125
ENSG00000206120,0
ENSG00000206127,4
ENSG00000206129,0
ENSG00000206140,15
ENSG00000206142,0
ENSG00000206144,0
ENSG00000206145,0
ENSG00000206147,4
ENSG00000206149,370
ENSG00000206150,1
ENSG00000206159,0
ENSG00000206168,9
ENSG00000206172,122
ENSG00000206177,32
ENSG00000206178,0
ENSG00000206181,1
ENSG00000206187,4
ENSG00000206190,247
ENSG00000206192,0
ENSG00000206195,73
ENSG00000206199,0
ENSG00000206203,0
ENSG00000206228,3
ENSG00000206249,0
ENSG00000206260,0
ENSG00000206262,0
ENSG00000206337,4745
ENSG00000206341,2209
ENSG00000206344,85
ENSG00000206356,0
ENSG00000206384,21
ENSG00000206417,192
ENSG00000206418,987
ENSG00000206422,0
ENSG00000206432,27
ENSG00000206448,0
ENSG00000206474,0
ENSG00000206483,0
ENSG00000206503,87007
ENSG00000206527,2673
ENSG00000206530,331
ENSG00000206531,0
ENSG00000206532,0
ENSG00000206535,204
ENSG00000206536,0
ENSG00000206538,124
ENSG00000206549,59
ENSG00000206552,0
ENSG00000206557,1
ENSG00000206559,39
ENSG00000206560,1478
ENSG00000206561,165
ENSG00000206562,727
ENSG00000206567,65
ENSG00000206573,531
ENSG00000206579,1
ENSG00000206582,0
ENSG00000206583,0
ENSG00000206585,3
ENSG00000206587,0
ENSG00000206588,0
ENSG00000206589,0
ENSG00000206590,0
ENSG00000206592,0
ENSG00000206593,0
ENSG00000206595,0
ENSG00000206596,0
ENSG00000206597,0
ENSG00000206598,0
ENSG00000206599,0
ENSG00000206600,0
ENSG00000206601,5
ENSG00000206602,0
ENSG00000206603,6
ENSG00000206604,0
ENSG00000206605,0
ENSG00000206606,0
ENSG00000206609,0
ENSG00000206611,0
ENSG00000206612,5
ENSG00000206613,0
ENSG00000206614,0
ENSG00000206615,0
ENSG00000206616,0
ENSG00000206617,0
ENSG00000206618,0
ENSG00000206620,0
ENSG00000206621,2
ENSG00000206622,0
ENSG00000206623,0
ENSG00000206624,0
ENSG00000206625,0
ENSG00000206627,0
ENSG00000206629,0
ENSG00000206630,13
ENSG00000206631,0
ENSG00000206633,0
ENSG00000206634,0
ENSG00000206635,0
ENSG00000206636,0
ENSG00000206637,0
ENSG00000206638,0
ENSG00000206639,0
ENSG00000206640,0
ENSG00000206641,0
ENSG00000206644,0
ENSG00000206645,0
ENSG00000206646,2
ENSG00000206647,2
ENSG00000206649,0
ENSG00000206650,0
ENSG00000206651,2
ENSG00000206652,0
ENSG00000206654,0
ENSG00000206656,0
ENSG00000206658,0
ENSG00000206659,0
ENSG00000206660,1
ENSG00000206661,0
ENSG00000206662,0
ENSG00000206663,0
ENSG00000206665,0
ENSG00000206669,0
ENSG00000206671,0
ENSG00000206672,0
ENSG00000206674,1
ENSG00000206675,0
ENSG00000206676,0
ENSG00000206677,0
ENSG00000206678,0
ENSG00000206679,0
ENSG00000206680,0
ENSG00000206681,0
ENSG00000206682,0
ENSG00000206684,0
ENSG00000206685,5
ENSG00000206686,0
ENSG00000206687,0
ENSG00000206688,1
ENSG00000206690,0
ENSG00000206692,0
ENSG00000206693,0
ENSG00000206695,0
ENSG00000206697,0
ENSG00000206698,0
ENSG00000206699,0
ENSG00000206700,0
ENSG00000206701,0
ENSG00000206702,1
ENSG00000206703,0
ENSG00000206704,0
ENSG00000206705,0
ENSG00000206706,0
ENSG00000206708,0
ENSG00000206709,0
ENSG00000206710,0
ENSG00000206711,0
ENSG00000206712,2
ENSG00000206713,0
ENSG00000206714,0
ENSG00000206715,1
ENSG00000206716,0
ENSG00000206717,0
ENSG00000206718,0
ENSG00000206719,0
ENSG00000206721,0
ENSG00000206722,0
ENSG00000206723,0
ENSG00000206724,1
ENSG00000206725,0
ENSG00000206726,0
ENSG00000206727,0
ENSG00000206728,1
ENSG00000206729,0
ENSG00000206730,0
ENSG00000206731,0
ENSG00000206732,0
ENSG00000206733,0
ENSG00000206734,0
ENSG00000206737,0
ENSG00000206738,0
ENSG00000206739,0
ENSG00000206741,0
ENSG00000206743,0
ENSG00000206744,0
ENSG00000206745,0
ENSG00000206746,0
ENSG00000206747,0
ENSG00000206749,0
ENSG00000206751,0
ENSG00000206752,0
ENSG00000206754,4
ENSG00000206755,0
ENSG00000206756,0
ENSG00000206758,0
ENSG00000206759,0
ENSG00000206760,0
ENSG00000206762,2
ENSG00000206763,0
ENSG00000206764,0
ENSG00000206765,0
ENSG00000206766,0
ENSG00000206767,0
ENSG00000206768,0
ENSG00000206769,0
ENSG00000206770,0
ENSG00000206772,0
ENSG00000206774,0
ENSG00000206775,0
ENSG00000206776,0
ENSG00000206777,0
ENSG00000206778,0
ENSG00000206779,0
ENSG00000206780,0
ENSG00000206781,1
ENSG00000206782,0
ENSG00000206784,0
ENSG00000206785,1
ENSG00000206786,0
ENSG00000206787,0
ENSG00000206788,0
ENSG00000206790,0
ENSG00000206791,0
ENSG00000206792,0
ENSG00000206795,0
ENSG00000206796,0
ENSG00000206797,0
ENSG00000206799,0
ENSG00000206800,0
ENSG00000206801,0
ENSG00000206802,0
ENSG00000206803,0
ENSG00000206804,0
ENSG00000206805,0
ENSG00000206806,0
ENSG00000206807,0
ENSG00000206808,0
ENSG00000206811,0
ENSG00000206812,0
ENSG00000206813,0
ENSG00000206814,0
ENSG00000206815,2
ENSG00000206816,0
ENSG00000206817,0
ENSG00000206818,0
ENSG00000206819,0
ENSG00000206820,0
ENSG00000206822,0
ENSG00000206824,1
ENSG00000206826,0
ENSG00000206827,0
ENSG00000206828,1
ENSG00000206832,0
ENSG00000206833,0
ENSG00000206834,0
ENSG00000206835,0
ENSG00000206836,1
ENSG00000206838,0
ENSG00000206839,0
ENSG00000206840,0
ENSG00000206841,0
ENSG00000206842,0
ENSG00000206843,0
ENSG00000206844,0
ENSG00000206845,0
ENSG00000206846,0
ENSG00000206847,0
ENSG00000206848,1
ENSG00000206849,0
ENSG00000206850,0
ENSG00000206852,0
ENSG00000206853,0
ENSG00000206854,0
ENSG00000206855,0
ENSG00000206856,0
ENSG00000206857,0
ENSG00000206858,0
ENSG00000206859,1
ENSG00000206862,0
ENSG00000206863,0
ENSG00000206864,0
ENSG00000206865,0
ENSG00000206866,2
ENSG00000206867,0
ENSG00000206869,0
ENSG00000206870,0
ENSG00000206871,0
ENSG00000206875,0
ENSG00000206877,0
ENSG00000206878,0
ENSG00000206880,1
ENSG00000206881,1
ENSG00000206882,0
ENSG00000206885,2
ENSG00000206886,0
ENSG00000206887,0
ENSG00000206888,0
ENSG00000206889,0
ENSG00000206891,0
ENSG00000206892,0
ENSG00000206895,1
ENSG00000206896,0
ENSG00000206897,1
ENSG00000206898,0
ENSG00000206899,0
ENSG00000206900,0
ENSG00000206901,0
ENSG00000206903,0
ENSG00000206905,0
ENSG00000206906,0
ENSG00000206907,0
ENSG00000206908,0
ENSG00000206909,0
ENSG00000206910,0
ENSG00000206911,0
ENSG00000206912,0
ENSG00000206913,1
ENSG00000206914,1
ENSG00000206915,0
ENSG00000206917,0
ENSG00000206918,1
ENSG00000206920,0
ENSG00000206921,4
ENSG00000206922,0
ENSG00000206923,0
ENSG00000206924,1
ENSG00000206925,0
ENSG00000206926,0
ENSG00000206927,0
ENSG00000206929,0
ENSG00000206931,0
ENSG00000206932,0
ENSG00000206935,0
ENSG00000206936,0
ENSG00000206937,0
ENSG00000206938,0
ENSG00000206939,0
ENSG00000206941,0
ENSG00000206944,0
ENSG00000206947,0
ENSG00000206948,0
ENSG00000206949,0
ENSG00000206950,0
ENSG00000206951,0
ENSG00000206952,0
ENSG00000206954,0
ENSG00000206957,0
ENSG00000206958,0
ENSG00000206959,0
ENSG00000206960,0
ENSG00000206961,0
ENSG00000206962,0
ENSG00000206963,0
ENSG00000206964,4
ENSG00000206965,1
ENSG00000206967,0
ENSG00000206969,0
ENSG00000206970,0
ENSG00000206972,0
ENSG00000206973,1
ENSG00000206974,0
ENSG00000206975,0
ENSG00000206976,0
ENSG00000206977,0
ENSG00000206978,0
ENSG00000206979,0
ENSG00000206980,0
ENSG00000206981,0
ENSG00000206982,0
ENSG00000206983,0
ENSG00000206985,0
ENSG00000206987,1
ENSG00000206989,4
ENSG00000206990,0
ENSG00000206991,1
ENSG00000206992,2
ENSG00000206995,0
ENSG00000206996,0
ENSG00000206997,0
ENSG00000206998,0
ENSG00000206999,0
ENSG00000207000,0
ENSG00000207001,0
ENSG00000207002,0
ENSG00000207003,0
ENSG00000207004,0
ENSG00000207005,0
ENSG00000207007,0
ENSG00000207008,0
ENSG00000207009,0
ENSG00000207010,0
ENSG00000207011,0
ENSG00000207012,0
ENSG00000207013,0
ENSG00000207014,1
ENSG00000207016,0
ENSG00000207019,0
ENSG00000207020,0
ENSG00000207021,1
ENSG00000207022,0
ENSG00000207023,0
ENSG00000207024,0
ENSG00000207025,0
ENSG00000207026,0
ENSG00000207027,0
ENSG00000207029,0
ENSG00000207031,1
ENSG00000207032,1
ENSG00000207033,0
ENSG00000207034,1
ENSG00000207036,0
ENSG00000207037,0
ENSG00000207039,0
ENSG00000207041,0
ENSG00000207042,0
ENSG00000207044,0
ENSG00000207045,0
ENSG00000207046,0
ENSG00000207047,1
ENSG00000207049,0
ENSG00000207051,0
ENSG00000207052,0
ENSG00000207053,0
ENSG00000207056,0
ENSG00000207058,0
ENSG00000207060,0
ENSG00000207061,0
ENSG00000207062,1
ENSG00000207063,0
ENSG00000207065,0
ENSG00000207067,0
ENSG00000207068,0
ENSG00000207069,0
ENSG00000207071,0
ENSG00000207072,0
ENSG00000207073,0
ENSG00000207075,1
ENSG00000207076,0
ENSG00000207077,0
ENSG00000207080,0
ENSG00000207081,0
ENSG00000207082,0
ENSG00000207083,0
ENSG00000207084,0
ENSG00000207086,0
ENSG00000207087,0
ENSG00000207088,0
ENSG00000207089,0
ENSG00000207090,0
ENSG00000207091,0
ENSG00000207092,0
ENSG00000207093,0
ENSG00000207094,0
ENSG00000207095,0
ENSG00000207097,0
ENSG00000207098,0
ENSG00000207099,0
ENSG00000207100,0
ENSG00000207101,0
ENSG00000207104,0
ENSG00000207105,1
ENSG00000207108,0
ENSG00000207109,0
ENSG00000207110,37
ENSG00000207112,0
ENSG00000207113,1
ENSG00000207114,0
ENSG00000207115,0
ENSG00000207116,0
ENSG00000207117,0
ENSG00000207118,0
ENSG00000207119,7
ENSG00000207121,0
ENSG00000207122,0
ENSG00000207123,0
ENSG00000207124,0
ENSG00000207127,0
ENSG00000207128,0
ENSG00000207129,1
ENSG00000207130,0
ENSG00000207131,0
ENSG00000207132,0
ENSG00000207133,0
ENSG00000207134,0
ENSG00000207135,0
ENSG00000207136,0
ENSG00000207137,0
ENSG00000207138,0
ENSG00000207139,0
ENSG00000207142,0
ENSG00000207144,0
ENSG00000207145,0
ENSG00000207146,1
ENSG00000207147,0
ENSG00000207148,1
ENSG00000207149,0
ENSG00000207150,0
ENSG00000207151,2
ENSG00000207153,1
ENSG00000207154,0
ENSG00000207155,0
ENSG00000207156,0
ENSG00000207157,0
ENSG00000207158,0
ENSG00000207160,0
ENSG00000207161,0
ENSG00000207162,0
ENSG00000207163,0
ENSG00000207164,0
ENSG00000207165,0
ENSG00000207166,0
ENSG00000207167,0
ENSG00000207168,1
ENSG00000207169,0
ENSG00000207170,0
ENSG00000207171,0
ENSG00000207172,0
ENSG00000207173,0
ENSG00000207174,0
ENSG00000207175,0
ENSG00000207176,0
ENSG00000207177,0
ENSG00000207178,0
ENSG00000207180,1
ENSG00000207181,1
ENSG00000207182,0
ENSG00000207183,0
ENSG00000207185,0
ENSG00000207186,1
ENSG00000207187,0
ENSG00000207189,0
ENSG00000207190,0
ENSG00000207191,0
ENSG00000207192,0
ENSG00000207193,0
ENSG00000207194,0
ENSG00000207195,0
ENSG00000207196,0
ENSG00000207197,1
ENSG00000207198,0
ENSG00000207199,0
ENSG00000207200,2
ENSG00000207201,0
ENSG00000207202,0
ENSG00000207203,0
ENSG00000207204,0
ENSG00000207205,1
ENSG00000207206,9
ENSG00000207207,1
ENSG00000207208,1
ENSG00000207209,0
ENSG00000207210,0
ENSG00000207214,0
ENSG00000207215,0
ENSG00000207217,3
ENSG00000207218,0
ENSG00000207220,0
ENSG00000207221,0
ENSG00000207222,0
ENSG00000207223,0
ENSG00000207225,0
ENSG00000207227,0
ENSG00000207229,0
ENSG00000207231,0
ENSG00000207233,0
ENSG00000207234,0
ENSG00000207235,0
ENSG00000207237,0
ENSG00000207240,0
ENSG00000207241,0
ENSG00000207242,0
ENSG00000207243,0
ENSG00000207244,0
ENSG00000207245,0
ENSG00000207247,0
ENSG00000207248,0
ENSG00000207249,0
ENSG00000207251,0
ENSG00000207252,0
ENSG00000207255,0
ENSG00000207256,0
ENSG00000207257,0
ENSG00000207258,0
ENSG00000207260,0
ENSG00000207261,0
ENSG00000207263,1
ENSG00000207264,0
ENSG00000207265,0
ENSG00000207266,0
ENSG00000207267,0
ENSG00000207268,0
ENSG00000207269,0
ENSG00000207270,0
ENSG00000207271,0
ENSG00000207274,0
ENSG00000207275,0
ENSG00000207276,0
ENSG00000207277,0
ENSG00000207278,0
ENSG00000207279,3
ENSG00000207280,0
ENSG00000207281,0
ENSG00000207282,0
ENSG00000207283,0
ENSG00000207286,0
ENSG00000207287,0
ENSG00000207289,0
ENSG00000207290,0
ENSG00000207291,4
ENSG00000207292,0
ENSG00000207293,0
ENSG00000207294,0
ENSG00000207295,0
ENSG00000207296,0
ENSG00000207297,1
ENSG00000207298,0
ENSG00000207299,0
ENSG00000207300,0
ENSG00000207302,0
ENSG00000207303,0
ENSG00000207304,0
ENSG00000207305,0
ENSG00000207306,0
ENSG00000207307,0
ENSG00000207308,0
ENSG00000207309,0
ENSG00000207310,0
ENSG00000207312,0
ENSG00000207313,1
ENSG00000207316,0
ENSG00000207317,0
ENSG00000207318,0
ENSG00000207319,0
ENSG00000207320,0
ENSG00000207321,0
ENSG00000207322,0
ENSG00000207323,0
ENSG00000207325,0
ENSG00000207326,0
ENSG00000207327,0
ENSG00000207328,0
ENSG00000207329,0
ENSG00000207330,0
ENSG00000207331,0
ENSG00000207332,0
ENSG00000207333,0
ENSG00000207334,0
ENSG00000207336,1
ENSG00000207338,0
ENSG00000207339,0
ENSG00000207340,1
ENSG00000207341,0
ENSG00000207342,0
ENSG00000207343,0
ENSG00000207344,0
ENSG00000207345,0
ENSG00000207347,0
ENSG00000207349,0
ENSG00000207351,0
ENSG00000207352,0
ENSG00000207355,0
ENSG00000207356,0
ENSG00000207357,2
ENSG00000207359,0
ENSG00000207360,0
ENSG00000207361,1
ENSG00000207362,1
ENSG00000207363,0
ENSG00000207364,0
ENSG00000207365,0
ENSG00000207366,0
ENSG00000207367,0
ENSG00000207368,0
ENSG00000207369,0
ENSG00000207370,0
ENSG00000207371,0
ENSG00000207375,0
ENSG00000207378,0
ENSG00000207379,0
ENSG00000207380,0
ENSG00000207381,0
ENSG00000207382,0
ENSG00000207383,43
ENSG00000207384,0
ENSG00000207385,0
ENSG00000207386,0
ENSG00000207387,0
ENSG00000207389,1
ENSG00000207391,0
ENSG00000207392,1
ENSG00000207393,0
ENSG00000207394,0
ENSG00000207395,0
ENSG00000207397,0
ENSG00000207399,0
ENSG00000207401,0
ENSG00000207402,0
ENSG00000207403,0
ENSG00000207404,0
ENSG00000207405,0
ENSG00000207406,0
ENSG00000207407,0
ENSG00000207408,0
ENSG00000207410,0
ENSG00000207411,0
ENSG00000207412,0
ENSG00000207414,0
ENSG00000207415,0
ENSG00000207416,0
ENSG00000207417,0
ENSG00000207419,0
ENSG00000207420,0
ENSG00000207421,0
ENSG00000207422,0
ENSG00000207425,65
ENSG00000207426,0
ENSG00000207428,0
ENSG00000207430,1
ENSG00000207431,0
ENSG00000207432,0
ENSG00000207433,0
ENSG00000207434,0
ENSG00000207435,0
ENSG00000207438,0
ENSG00000207439,0
ENSG00000207440,0
ENSG00000207441,0
ENSG00000207442,0
ENSG00000207443,0
ENSG00000207444,0
ENSG00000207445,0
ENSG00000207448,0
ENSG00000207449,0
ENSG00000207450,0
ENSG00000207451,0
ENSG00000207452,0
ENSG00000207453,0
ENSG00000207454,0
ENSG00000207455,0
ENSG00000207456,1
ENSG00000207457,0
ENSG00000207458,0
ENSG00000207459,0
ENSG00000207460,0
ENSG00000207461,0
ENSG00000207462,0
ENSG00000207466,0
ENSG00000207467,0
ENSG00000207468,0
ENSG00000207472,0
ENSG00000207473,0
ENSG00000207474,0
ENSG00000207475,0
ENSG00000207476,0
ENSG00000207480,1
ENSG00000207481,0
ENSG00000207483,0
ENSG00000207484,0
ENSG00000207486,0
ENSG00000207488,0
ENSG00000207490,0
ENSG00000207491,0
ENSG00000207492,0
ENSG00000207493,1
ENSG00000207494,0
ENSG00000207495,0
ENSG00000207496,0
ENSG00000207497,0
ENSG00000207499,0
ENSG00000207500,0
ENSG00000207501,0
ENSG00000207502,0
ENSG00000207503,0
ENSG00000207504,0
ENSG00000207505,0
ENSG00000207507,0
ENSG00000207508,0
ENSG00000207511,0
ENSG00000207512,0
ENSG00000207513,0
ENSG00000207515,0
ENSG00000207516,0
ENSG00000207518,0
ENSG00000207523,2
ENSG00000207524,0
ENSG00000207525,0
ENSG00000207546,0
ENSG00000207547,34
ENSG00000207548,0
ENSG00000207549,0
ENSG00000207550,0
ENSG00000207551,0
ENSG00000207552,0
ENSG00000207554,18
ENSG00000207556,0
ENSG00000207558,0
ENSG00000207559,1
ENSG00000207561,39
ENSG00000207562,0
ENSG00000207563,0
ENSG00000207568,0
ENSG00000207569,0
ENSG00000207571,1
ENSG00000207572,0
ENSG00000207573,0
ENSG00000207574,0
ENSG00000207575,0
ENSG00000207577,0
ENSG00000207578,0
ENSG00000207579,0
ENSG00000207580,0
ENSG00000207581,0
ENSG00000207582,0
ENSG00000207583,0
ENSG00000207584,0
ENSG00000207585,1
ENSG00000207586,0
ENSG00000207587,0
ENSG00000207588,1
ENSG00000207589,0
ENSG00000207590,1
ENSG00000207594,0
ENSG00000207595,0
ENSG00000207597,0
ENSG00000207598,0
ENSG00000207599,0
ENSG00000207600,4
ENSG00000207601,0
ENSG00000207602,0
ENSG00000207603,0
ENSG00000207604,0
ENSG00000207605,0
ENSG00000207606,0
ENSG00000207607,1
ENSG00000207608,0
ENSG00000207609,1
ENSG00000207611,2
ENSG00000207612,0
ENSG00000207613,0
ENSG00000207614,2
ENSG00000207615,0
ENSG00000207616,0
ENSG00000207617,0
ENSG00000207619,0
ENSG00000207620,0
ENSG00000207621,0
ENSG00000207622,0
ENSG00000207624,0
ENSG00000207625,0
ENSG00000207626,0
ENSG00000207627,0
ENSG00000207628,0
ENSG00000207629,0
ENSG00000207630,0
ENSG00000207631,3
ENSG00000207632,0
ENSG00000207633,0
ENSG00000207634,0
ENSG00000207635,5
ENSG00000207636,0
ENSG00000207637,0
ENSG00000207638,0
ENSG00000207639,0
ENSG00000207641,0
ENSG00000207642,1
ENSG00000207643,0
ENSG00000207644,0
ENSG00000207645,0
ENSG00000207646,0
ENSG00000207647,0
ENSG00000207648,0
ENSG00000207649,0
ENSG00000207650,8
ENSG00000207651,0
ENSG00000207652,205
ENSG00000207653,0
ENSG00000207654,0
ENSG00000207656,0
ENSG00000207688,0
ENSG00000207689,0
ENSG00000207690,0
ENSG00000207691,0
ENSG00000207692,0
ENSG00000207693,1
ENSG00000207695,0
ENSG00000207696,0
ENSG00000207697,2
ENSG00000207698,0
ENSG00000207699,0
ENSG00000207701,0
ENSG00000207702,0
ENSG00000207703,0
ENSG00000207704,0
ENSG00000207705,0
ENSG00000207706,0
ENSG00000207707,0
ENSG00000207708,0
ENSG00000207709,0
ENSG00000207710,0
ENSG00000207711,0
ENSG00000207712,0
ENSG00000207713,0
ENSG00000207714,0
ENSG00000207715,0
ENSG00000207716,0
ENSG00000207717,0
ENSG00000207719,0
ENSG00000207720,1
ENSG00000207721,19
ENSG00000207722,0
ENSG00000207725,0
ENSG00000207726,0
ENSG00000207728,0
ENSG00000207729,0
ENSG00000207730,4
ENSG00000207731,0
ENSG00000207732,0
ENSG00000207733,0
ENSG00000207734,0
ENSG00000207735,0
ENSG00000207736,1
ENSG00000207737,0
ENSG00000207738,0
ENSG00000207739,0
ENSG00000207741,4
ENSG00000207742,0
ENSG00000207743,0
ENSG00000207744,17
ENSG00000207746,0
ENSG00000207749,0
ENSG00000207750,0
ENSG00000207751,0
ENSG00000207752,0
ENSG00000207753,0
ENSG00000207754,0
ENSG00000207755,0
ENSG00000207756,0
ENSG00000207757,10
ENSG00000207758,0
ENSG00000207759,0
ENSG00000207761,0
ENSG00000207762,0
ENSG00000207763,0
ENSG00000207764,0
ENSG00000207765,0
ENSG00000207766,0
ENSG00000207767,0
ENSG00000207768,0
ENSG00000207769,0
ENSG00000207770,23
ENSG00000207771,0
ENSG00000207773,4
ENSG00000207775,0
ENSG00000207776,0
ENSG00000207778,0
ENSG00000207779,0
ENSG00000207780,0
ENSG00000207781,0
ENSG00000207782,0
ENSG00000207783,0
ENSG00000207784,0
ENSG00000207785,0
ENSG00000207788,0
ENSG00000207789,1
ENSG00000207797,0
ENSG00000207798,0
ENSG00000207799,0
ENSG00000207800,0
ENSG00000207802,1
ENSG00000207803,0
ENSG00000207804,0
ENSG00000207805,0
ENSG00000207807,0
ENSG00000207808,0
ENSG00000207810,0
ENSG00000207811,0
ENSG00000207812,0
ENSG00000207813,1
ENSG00000207814,0
ENSG00000207815,0
ENSG00000207816,0
ENSG00000207817,0
ENSG00000207818,0
ENSG00000207819,0
ENSG00000207820,0
ENSG00000207821,0
ENSG00000207825,0
ENSG00000207826,0
ENSG00000207827,0
ENSG00000207830,0
ENSG00000207832,0
ENSG00000207833,0
ENSG00000207834,0
ENSG00000207835,0
ENSG00000207836,0
ENSG00000207837,0
ENSG00000207838,0
ENSG00000207839,3
ENSG00000207844,0
ENSG00000207846,0
ENSG00000207849,0
ENSG00000207857,0
ENSG00000207858,0
ENSG00000207861,0
ENSG00000207862,0
ENSG00000207863,0
ENSG00000207864,3
ENSG00000207865,1
ENSG00000207866,0
ENSG00000207867,0
ENSG00000207868,0
ENSG00000207869,0
ENSG00000207870,0
ENSG00000207871,0
ENSG00000207873,0
ENSG00000207874,0
ENSG00000207875,0
ENSG00000207895,0
ENSG00000207922,0
ENSG00000207923,4
ENSG00000207924,0
ENSG00000207925,0
ENSG00000207926,0
ENSG00000207927,0
ENSG00000207928,0
ENSG00000207930,0
ENSG00000207931,0
ENSG00000207932,0
ENSG00000207933,0
ENSG00000207934,0
ENSG00000207935,0
ENSG00000207938,0
ENSG00000207939,0
ENSG00000207940,0
ENSG00000207941,0
ENSG00000207942,0
ENSG00000207943,0
ENSG00000207944,0
ENSG00000207945,0
ENSG00000207946,0
ENSG00000207947,0
ENSG00000207948,0
ENSG00000207949,0
ENSG00000207951,0
ENSG00000207952,0
ENSG00000207954,0
ENSG00000207955,0
ENSG00000207956,2
ENSG00000207957,0
ENSG00000207959,0
ENSG00000207960,0
ENSG00000207961,0
ENSG00000207962,0
ENSG00000207963,0
ENSG00000207964,0
ENSG00000207965,1
ENSG00000207967,0
ENSG00000207969,0
ENSG00000207970,0
ENSG00000207971,0
ENSG00000207972,0
ENSG00000207973,0
ENSG00000207974,0
ENSG00000207975,0
ENSG00000207976,0
ENSG00000207978,0
ENSG00000207979,0
ENSG00000207980,0
ENSG00000207981,1
ENSG00000207982,0
ENSG00000207983,0
ENSG00000207984,0
ENSG00000207986,0
ENSG00000207987,0
ENSG00000207988,0
ENSG00000207989,0
ENSG00000207990,0
ENSG00000207991,0
ENSG00000207992,1
ENSG00000207993,0
ENSG00000207994,0
ENSG00000207995,0
ENSG00000207996,1
ENSG00000207997,0
ENSG00000208000,0
ENSG00000208001,0
ENSG00000208002,0
ENSG00000208003,0
ENSG00000208004,0
ENSG00000208005,2
ENSG00000208006,0
ENSG00000208008,0
ENSG00000208009,0
ENSG00000208012,0
ENSG00000208013,0
ENSG00000208014,0
ENSG00000208015,0
ENSG00000208017,0
ENSG00000208018,0
ENSG00000208022,0
ENSG00000208023,0
ENSG00000208024,1
ENSG00000208025,0
ENSG00000208027,0
ENSG00000208028,3
ENSG00000208032,0
ENSG00000208033,0
ENSG00000208034,0
ENSG00000208035,0
ENSG00000208036,0
ENSG00000208037,0
ENSG00000208038,0
ENSG00000208308,0
ENSG00000208772,9
ENSG00000208797,0
ENSG00000208839,0
ENSG00000208883,0
ENSG00000208892,0
ENSG00000209042,0
ENSG00000209082,8
ENSG00000209480,0
ENSG00000209482,3
ENSG00000209582,0
ENSG00000209645,0
ENSG00000209702,0
ENSG00000210049,1
ENSG00000210077,0
ENSG00000210082,418780
ENSG00000210100,0
ENSG00000210107,0
ENSG00000210112,2
ENSG00000210117,0
ENSG00000210127,0
ENSG00000210135,0
ENSG00000210140,34
ENSG00000210144,10
ENSG00000210151,0
ENSG00000210154,0
ENSG00000210156,0
ENSG00000210164,0
ENSG00000210174,0
ENSG00000210176,0
ENSG00000210181,0
ENSG00000210184,1
ENSG00000210191,0
ENSG00000210194,1
ENSG00000210195,2
ENSG00000210196,1603
ENSG00000210678,0
ENSG00000210709,1
ENSG00000210741,0
ENSG00000210825,0
ENSG00000210839,0
ENSG00000210841,0
ENSG00000211137,0
ENSG00000211445,858
ENSG00000211448,134
ENSG00000211450,2390
ENSG00000211451,63
ENSG00000211452,1202
ENSG00000211454,93
ENSG00000211455,1739
ENSG00000211456,2557
ENSG00000211459,54974
ENSG00000211460,3230
ENSG00000211482,3
ENSG00000211483,0
ENSG00000211491,2
ENSG00000211495,0
ENSG00000211499,0
ENSG00000211508,0
ENSG00000211510,0
ENSG00000211513,1
ENSG00000211514,0
ENSG00000211515,0
ENSG00000211517,0
ENSG00000211518,0
ENSG00000211519,0
ENSG00000211520,0
ENSG00000211524,0
ENSG00000211525,0
ENSG00000211526,0
ENSG00000211528,0
ENSG00000211530,0
ENSG00000211532,0
ENSG00000211534,0
ENSG00000211535,0
ENSG00000211538,0
ENSG00000211542,0
ENSG00000211543,0
ENSG00000211544,0
ENSG00000211553,11
ENSG00000211556,0
ENSG00000211562,0
ENSG00000211563,1
ENSG00000211566,0
ENSG00000211568,0
ENSG00000211571,0
ENSG00000211573,0
ENSG00000211574,0
ENSG00000211575,1
ENSG00000211577,0
ENSG00000211578,0
ENSG00000211579,0
ENSG00000211580,0
ENSG00000211581,1
ENSG00000211582,0
ENSG00000211583,0
ENSG00000211584,3193
ENSG00000211590,0
ENSG00000211591,0
ENSG00000211592,1552
ENSG00000211593,0
ENSG00000211594,0
ENSG00000211595,0
ENSG00000211596,0
ENSG00000211597,0
ENSG00000211598,22
ENSG00000211599,1
ENSG00000211611,1
ENSG00000211623,0
ENSG00000211625,1
ENSG00000211626,0
ENSG00000211632,2
ENSG00000211633,0
ENSG00000211637,3
ENSG00000211638,2
ENSG00000211639,0
ENSG00000211640,3
ENSG00000211641,0
ENSG00000211642,0
ENSG00000211643,0
ENSG00000211644,9
ENSG00000211645,1
ENSG00000211647,0
ENSG00000211648,2
ENSG00000211649,1
ENSG00000211650,0
ENSG00000211651,1
ENSG00000211652,0
ENSG00000211653,10
ENSG00000211654,0
ENSG00000211655,0
ENSG00000211656,0
ENSG00000211657,0
ENSG00000211658,4
ENSG00000211659,31
ENSG00000211660,4
ENSG00000211661,0
ENSG00000211662,30
ENSG00000211663,5
ENSG00000211664,2
ENSG00000211665,0
ENSG00000211666,18
ENSG00000211667,0
ENSG00000211668,4
ENSG00000211669,5
ENSG00000211670,0
ENSG00000211672,0
ENSG00000211673,8
ENSG00000211674,0
ENSG00000211675,0
ENSG00000211676,0
ENSG00000211677,90
ENSG00000211678,0
ENSG00000211679,65
ENSG00000211680,0
ENSG00000211681,0
ENSG00000211682,0
ENSG00000211683,3
ENSG00000211684,0
ENSG00000211685,0
ENSG00000211687,0
ENSG00000211688,0
ENSG00000211689,8
ENSG00000211690,0
ENSG00000211691,0
ENSG00000211692,0
ENSG00000211693,0
ENSG00000211694,2
ENSG00000211695,1
ENSG00000211696,0
ENSG00000211697,3
ENSG00000211698,2
ENSG00000211699,5
ENSG00000211701,0
ENSG00000211706,0
ENSG00000211707,0
ENSG00000211710,4
ENSG00000211713,0
ENSG00000211714,23
ENSG00000211715,1
ENSG00000211716,0
ENSG00000211717,1
ENSG00000211720,0
ENSG00000211721,3
ENSG00000211724,0
ENSG00000211725,0
ENSG00000211727,1
ENSG00000211728,0
ENSG00000211731,0
ENSG00000211734,0
ENSG00000211739,0
ENSG00000211745,0
ENSG00000211746,4
ENSG00000211747,2
ENSG00000211749,1
ENSG00000211750,0
ENSG00000211751,1
ENSG00000211752,0
ENSG00000211753,38
ENSG00000211764,1
ENSG00000211765,0
ENSG00000211766,1
ENSG00000211767,0
ENSG00000211768,0
ENSG00000211769,0
ENSG00000211770,0
ENSG00000211771,0
ENSG00000211772,147
ENSG00000211776,4
ENSG00000211777,1
ENSG00000211778,0
ENSG00000211779,1
ENSG00000211780,1
ENSG00000211781,0
ENSG00000211782,1
ENSG00000211783,0
ENSG00000211784,0
ENSG00000211785,3
ENSG00000211786,2
ENSG00000211787,0
ENSG00000211788,0
ENSG00000211789,1
ENSG00000211790,3
ENSG00000211791,1
ENSG00000211792,0
ENSG00000211793,1
ENSG00000211794,2
ENSG00000211795,0
ENSG00000211796,1
ENSG00000211797,2
ENSG00000211798,6
ENSG00000211799,3
ENSG00000211800,0
ENSG00000211801,2
ENSG00000211802,0
ENSG00000211803,0
ENSG00000211804,7
ENSG00000211805,1
ENSG00000211806,0
ENSG00000211807,1
ENSG00000211808,0
ENSG00000211809,0
ENSG00000211810,0
ENSG00000211812,0
ENSG00000211813,0
ENSG00000211814,0
ENSG00000211815,0
ENSG00000211816,1
ENSG00000211817,0
ENSG00000211818,3
ENSG00000211819,0
ENSG00000211820,0
ENSG00000211821,0
ENSG00000211825,0
ENSG00000211826,0
ENSG00000211827,0
ENSG00000211828,0
ENSG00000211829,35
ENSG00000211831,0
ENSG00000211832,0
ENSG00000211833,0
ENSG00000211834,0
ENSG00000211835,0
ENSG00000211836,0
ENSG00000211837,0
ENSG00000211838,0
ENSG00000211839,0
ENSG00000211840,0
ENSG00000211841,0
ENSG00000211842,0
ENSG00000211843,0
ENSG00000211844,0
ENSG00000211845,0
ENSG00000211846,0
ENSG00000211847,0
ENSG00000211848,0
ENSG00000211849,0
ENSG00000211850,0
ENSG00000211851,0
ENSG00000211854,0
ENSG00000211855,0
ENSG00000211856,0
ENSG00000211857,0
ENSG00000211858,0
ENSG00000211859,0
ENSG00000211860,0
ENSG00000211861,0
ENSG00000211862,0
ENSG00000211863,0
ENSG00000211864,0
ENSG00000211865,0
ENSG00000211866,0
ENSG00000211867,0
ENSG00000211868,0
ENSG00000211869,0
ENSG00000211870,0
ENSG00000211871,0
ENSG00000211872,0
ENSG00000211873,0
ENSG00000211875,0
ENSG00000211876,0
ENSG00000211877,0
ENSG00000211878,0
ENSG00000211879,0
ENSG00000211880,0
ENSG00000211881,0
ENSG00000211882,0
ENSG00000211883,0
ENSG00000211884,0
ENSG00000211885,0
ENSG00000211886,0
ENSG00000211887,0
ENSG00000211888,0
ENSG00000211890,68
ENSG00000211891,0
ENSG00000211892,157
ENSG00000211893,57
ENSG00000211895,251
ENSG00000211896,3312
ENSG00000211897,268
ENSG00000211898,15
ENSG00000211899,344
ENSG00000211900,0
ENSG00000211904,0
ENSG00000211905,0
ENSG00000211907,0
ENSG00000211909,0
ENSG00000211911,0
ENSG00000211912,0
ENSG00000211914,0
ENSG00000211915,0
ENSG00000211917,0
ENSG00000211918,0
ENSG00000211920,0
ENSG00000211921,0
ENSG00000211923,0
ENSG00000211924,0
ENSG00000211925,0
ENSG00000211928,0
ENSG00000211930,0
ENSG00000211931,0
ENSG00000211933,0
ENSG00000211934,4
ENSG00000211935,0
ENSG00000211937,0
ENSG00000211938,0
ENSG00000211941,9
ENSG00000211942,5
ENSG00000211943,4
ENSG00000211944,0
ENSG00000211945,24
ENSG00000211946,1
ENSG00000211947,2
ENSG00000211949,8
ENSG00000211950,3
ENSG00000211951,0
ENSG00000211952,1
ENSG00000211955,4
ENSG00000211956,1
ENSG00000211957,0
ENSG00000211958,0
ENSG00000211959,14
ENSG00000211961,0
ENSG00000211962,1
ENSG00000211964,3
ENSG00000211965,1
ENSG00000211966,18
ENSG00000211967,1
ENSG00000211968,0
ENSG00000211970,0
ENSG00000211972,0
ENSG00000211973,2
ENSG00000211974,1
ENSG00000211976,0
ENSG00000211978,1
ENSG00000211979,0
ENSG00000211983,0
ENSG00000211984,0
ENSG00000211987,0
ENSG00000211990,0
ENSG00000211991,0
ENSG00000211995,0
ENSG00000211997,0
ENSG00000212001,0
ENSG00000212007,0
ENSG00000212013,0
ENSG00000212014,0
ENSG00000212017,0
ENSG00000212022,0
ENSG00000212024,0
ENSG00000212025,0
ENSG00000212027,0
ENSG00000212030,0
ENSG00000212031,0
ENSG00000212032,0
ENSG00000212034,0
ENSG00000212036,0
ENSG00000212037,0
ENSG00000212039,0
ENSG00000212040,0
ENSG00000212044,0
ENSG00000212045,0
ENSG00000212049,0
ENSG00000212051,0
ENSG00000212054,0
ENSG00000212055,0
ENSG00000212057,0
ENSG00000212061,0
ENSG00000212063,0
ENSG00000212065,0
ENSG00000212066,0
ENSG00000212067,0
ENSG00000212070,0
ENSG00000212071,0
ENSG00000212072,0
ENSG00000212073,0
ENSG00000212075,0
ENSG00000212076,0
ENSG00000212084,0
ENSG00000212085,0
ENSG00000212086,0
ENSG00000212089,0
ENSG00000212091,0
ENSG00000212093,0
ENSG00000212094,0
ENSG00000212095,0
ENSG00000212098,0
ENSG00000212099,0
ENSG00000212100,0
ENSG00000212101,0
ENSG00000212102,0
ENSG00000212104,0
ENSG00000212111,0
ENSG00000212114,0
ENSG00000212122,0
ENSG00000212123,79
ENSG00000212124,5
ENSG00000212125,16
ENSG00000212126,0
ENSG00000212127,28
ENSG00000212128,0
ENSG00000212133,0
ENSG00000212134,0
ENSG00000212135,1
ENSG00000212136,0
ENSG00000212138,1
ENSG00000212140,0
ENSG00000212144,0
ENSG00000212145,0
ENSG00000212146,0
ENSG00000212147,0
ENSG00000212149,0
ENSG00000212153,0
ENSG00000212154,0
ENSG00000212156,0
ENSG00000212157,0
ENSG00000212158,0
ENSG00000212160,0
ENSG00000212161,0
ENSG00000212163,3
ENSG00000212165,0
ENSG00000212167,0
ENSG00000212168,0
ENSG00000212170,0
ENSG00000212171,0
ENSG00000212172,0
ENSG00000212175,1
ENSG00000212176,0
ENSG00000212181,0
ENSG00000212182,1
ENSG00000212184,0
ENSG00000212186,0
ENSG00000212187,0
ENSG00000212189,0
ENSG00000212190,0
ENSG00000212191,0
ENSG00000212195,1
ENSG00000212199,0
ENSG00000212204,0
ENSG00000212205,0
ENSG00000212206,1
ENSG00000212207,0
ENSG00000212211,0
ENSG00000212214,0
ENSG00000212215,0
ENSG00000212216,0
ENSG00000212219,0
ENSG00000212221,0
ENSG00000212224,0
ENSG00000212226,0
ENSG00000212228,0
ENSG00000212229,0
ENSG00000212230,0
ENSG00000212232,6
ENSG00000212237,1
ENSG00000212238,0
ENSG00000212240,1
ENSG00000212241,0
ENSG00000212242,4
ENSG00000212246,0
ENSG00000212247,0
ENSG00000212248,0
ENSG00000212249,0
ENSG00000212251,0
ENSG00000212254,0
ENSG00000212257,0
ENSG00000212258,0
ENSG00000212259,0
ENSG00000212260,0
ENSG00000212264,0
ENSG00000212265,0
ENSG00000212266,0
ENSG00000212269,0
ENSG00000212270,0
ENSG00000212273,0
ENSG00000212276,0
ENSG00000212278,0
ENSG00000212279,0
ENSG00000212280,0
ENSG00000212282,0
ENSG00000212283,5
ENSG00000212289,0
ENSG00000212290,0
ENSG00000212292,0
ENSG00000212293,6
ENSG00000212295,0
ENSG00000212296,4
ENSG00000212297,0
ENSG00000212298,0
ENSG00000212302,0
ENSG00000212303,0
ENSG00000212304,0
ENSG00000212305,0
ENSG00000212306,2
ENSG00000212308,0
ENSG00000212309,0
ENSG00000212312,0
ENSG00000212314,0
ENSG00000212316,0
ENSG00000212319,0
ENSG00000212321,0
ENSG00000212324,0
ENSG00000212325,0
ENSG00000212327,3
ENSG00000212329,0
ENSG00000212330,0
ENSG00000212331,0
ENSG00000212332,0
ENSG00000212333,0
ENSG00000212335,0
ENSG00000212336,0
ENSG00000212338,0
ENSG00000212340,0
ENSG00000212342,0
ENSG00000212344,0
ENSG00000212345,0
ENSG00000212347,0
ENSG00000212348,0
ENSG00000212354,0
ENSG00000212358,0
ENSG00000212359,0
ENSG00000212360,1
ENSG00000212363,0
ENSG00000212365,0
ENSG00000212366,0
ENSG00000212368,0
ENSG00000212370,0
ENSG00000212371,2
ENSG00000212373,0
ENSG00000212374,0
ENSG00000212377,0
ENSG00000212378,0
ENSG00000212379,0
ENSG00000212380,0
ENSG00000212382,0
ENSG00000212383,0
ENSG00000212384,0
ENSG00000212385,0
ENSG00000212387,0
ENSG00000212388,0
ENSG00000212389,0
ENSG00000212391,0
ENSG00000212392,0
ENSG00000212395,0
ENSG00000212396,0
ENSG00000212397,0
ENSG00000212398,0
ENSG00000212402,1
ENSG00000212404,0
ENSG00000212407,0
ENSG00000212409,0
ENSG00000212410,0
ENSG00000212411,0
ENSG00000212413,0
ENSG00000212414,0
ENSG00000212415,1
ENSG00000212418,0
ENSG00000212420,0
ENSG00000212421,0
ENSG00000212422,0
ENSG00000212424,0
ENSG00000212425,0
ENSG00000212428,0
ENSG00000212429,0
ENSG00000212432,0
ENSG00000212433,0
ENSG00000212434,0
ENSG00000212440,0
ENSG00000212441,0
ENSG00000212442,0
ENSG00000212443,5
ENSG00000212445,0
ENSG00000212446,0
ENSG00000212447,0
ENSG00000212448,0
ENSG00000212450,0
ENSG00000212451,0
ENSG00000212452,4
ENSG00000212454,0
ENSG00000212455,0
ENSG00000212457,0
ENSG00000212458,0
ENSG00000212459,0
ENSG00000212460,0
ENSG00000212461,0
ENSG00000212464,1
ENSG00000212466,0
ENSG00000212468,0
ENSG00000212469,0
ENSG00000212473,0
ENSG00000212475,0
ENSG00000212479,0
ENSG00000212482,0
ENSG00000212485,0
ENSG00000212489,0
ENSG00000212490,0
ENSG00000212493,6
ENSG00000212495,0
ENSG00000212496,0
ENSG00000212497,0
ENSG00000212498,0
ENSG00000212499,0
ENSG00000212505,1
ENSG00000212510,0
ENSG00000212511,0
ENSG00000212512,0
ENSG00000212516,0
ENSG00000212517,0
ENSG00000212518,0
ENSG00000212520,3
ENSG00000212521,0
ENSG00000212525,0
ENSG00000212526,0
ENSG00000212527,0
ENSG00000212528,0
ENSG00000212529,0
ENSG00000212532,0
ENSG00000212533,0
ENSG00000212534,0
ENSG00000212535,0
ENSG00000212536,1
ENSG00000212538,0
ENSG00000212539,0
ENSG00000212541,4
ENSG00000212542,0
ENSG00000212545,0
ENSG00000212546,0
ENSG00000212549,0
ENSG00000212550,0
ENSG00000212551,0
ENSG00000212552,0
ENSG00000212553,0
ENSG00000212555,0
ENSG00000212556,0
ENSG00000212558,0
ENSG00000212559,0
ENSG00000212560,0
ENSG00000212561,0
ENSG00000212564,0
ENSG00000212565,0
ENSG00000212567,0
ENSG00000212568,0
ENSG00000212569,0
ENSG00000212571,0
ENSG00000212572,0
ENSG00000212576,0
ENSG00000212579,0
ENSG00000212580,0
ENSG00000212581,0
ENSG00000212584,0
ENSG00000212586,0
ENSG00000212587,0
ENSG00000212588,5
ENSG00000212589,0
ENSG00000212590,0
ENSG00000212593,0
ENSG00000212594,0
ENSG00000212595,0
ENSG00000212597,0
ENSG00000212598,0
ENSG00000212599,0
ENSG00000212601,0
ENSG00000212604,0
ENSG00000212605,0
ENSG00000212607,3
ENSG00000212608,0
ENSG00000212609,0
ENSG00000212610,0
ENSG00000212611,0
ENSG00000212612,0
ENSG00000212615,0
ENSG00000212618,0
ENSG00000212620,0
ENSG00000212623,0
ENSG00000212624,0
ENSG00000212625,0
ENSG00000212626,0
ENSG00000212628,0
ENSG00000212643,2
ENSG00000212657,2
ENSG00000212658,1
ENSG00000212659,0
ENSG00000212663,4
ENSG00000212664,10
ENSG00000212694,253
ENSG00000212695,1
ENSG00000212710,0
ENSG00000212712,0
ENSG00000212717,0
ENSG00000212719,317
ENSG00000212721,0
ENSG00000212722,0
ENSG00000212724,0
ENSG00000212725,0
ENSG00000212743,6
ENSG00000212747,1696
ENSG00000212766,367
ENSG00000212769,0
ENSG00000212789,13
ENSG00000212802,136
ENSG00000212807,0
ENSG00000212829,6
ENSG00000212855,0
ENSG00000212856,0
ENSG00000212864,1327
ENSG00000212899,0
ENSG00000212900,0
ENSG00000212901,0
ENSG00000212907,44863
ENSG00000212916,302
ENSG00000212930,0
ENSG00000212932,0
ENSG00000212933,0
ENSG00000212935,0
ENSG00000212938,0
ENSG00000212939,0
ENSG00000212951,0
ENSG00000212952,0
ENSG00000212961,0
ENSG00000212978,721
ENSG00000212989,0
ENSG00000212993,43
ENSG00000212994,9
ENSG00000213003,1
ENSG00000213005,0
ENSG00000213013,19
ENSG00000213014,1
ENSG00000213015,1262
ENSG00000213016,0
ENSG00000213018,1
ENSG00000213020,489
ENSG00000213022,0
ENSG00000213023,2
ENSG00000213024,3715
ENSG00000213025,1
ENSG00000213026,1
ENSG00000213028,6
ENSG00000213029,0
ENSG00000213030,0
ENSG00000213032,0
ENSG00000213033,1
ENSG00000213035,1
ENSG00000213036,3
ENSG00000213041,1
ENSG00000213045,0
ENSG00000213046,0
ENSG00000213047,1483
ENSG00000213048,3
ENSG00000213049,0
ENSG00000213050,0
ENSG00000213051,0
ENSG00000213055,0
ENSG00000213057,69
ENSG00000213058,88
ENSG00000213060,1
ENSG00000213061,2
ENSG00000213062,29
ENSG00000213063,0
ENSG00000213064,1888
ENSG00000213065,3
ENSG00000213066,802
ENSG00000213067,0
ENSG00000213068,0
ENSG00000213069,0
ENSG00000213070,3
ENSG00000213071,7
ENSG00000213073,18
ENSG00000213075,0
ENSG00000213076,0
ENSG00000213077,0
ENSG00000213078,1
ENSG00000213079,2080
ENSG00000213080,55
ENSG00000213081,0
ENSG00000213082,0
ENSG00000213083,0
ENSG00000213085,38
ENSG00000213087,8
ENSG00000213088,13
ENSG00000213089,2
ENSG00000213090,0
ENSG00000213091,0
ENSG00000213096,641
ENSG00000213100,1
ENSG00000213104,2
ENSG00000213107,0
ENSG00000213108,1
ENSG00000213109,2
ENSG00000213110,0
ENSG00000213111,0
ENSG00000213113,2
ENSG00000213115,0
ENSG00000213117,0
ENSG00000213118,0
ENSG00000213120,0
ENSG00000213121,0
ENSG00000213122,0
ENSG00000213123,593
ENSG00000213126,0
ENSG00000213128,0
ENSG00000213130,0
ENSG00000213131,28
ENSG00000213133,0
ENSG00000213137,0
ENSG00000213139,39
ENSG00000213140,0
ENSG00000213144,38
ENSG00000213145,404
ENSG00000213147,0
ENSG00000213148,0
ENSG00000213149,3
ENSG00000213150,0
ENSG00000213152,9
ENSG00000213153,0
ENSG00000213155,0
ENSG00000213157,1
ENSG00000213158,0
ENSG00000213159,0
ENSG00000213160,943
ENSG00000213167,0
ENSG00000213169,5
ENSG00000213170,0
ENSG00000213171,34
ENSG00000213172,0
ENSG00000213174,0
ENSG00000213176,0
ENSG00000213177,0
ENSG00000213178,27
ENSG00000213179,0
ENSG00000213180,0
ENSG00000213181,0
ENSG00000213182,0
ENSG00000213183,0
ENSG00000213184,0
ENSG00000213185,26
ENSG00000213186,334
ENSG00000213187,0
ENSG00000213188,1
ENSG00000213189,28
ENSG00000213190,468
ENSG00000213194,0
ENSG00000213197,5
ENSG00000213199,84
ENSG00000213201,0
ENSG00000213203,472
ENSG00000213204,13
ENSG00000213205,0
ENSG00000213209,0
ENSG00000213210,0
ENSG00000213211,1
ENSG00000213212,16
ENSG00000213213,230
ENSG00000213214,400
ENSG00000213215,0
ENSG00000213216,0
ENSG00000213218,0
ENSG00000213221,3
ENSG00000213222,29
ENSG00000213225,3
ENSG00000213226,0
ENSG00000213228,2
ENSG00000213231,0
ENSG00000213232,0
ENSG00000213233,0
ENSG00000213234,0
ENSG00000213235,13
ENSG00000213236,10
ENSG00000213237,0
ENSG00000213238,0
ENSG00000213239,0
ENSG00000213240,0
ENSG00000213244,1
ENSG00000213246,3839
ENSG00000213247,0
ENSG00000213250,8
ENSG00000213252,0
ENSG00000213253,6
ENSG00000213260,33
ENSG00000213261,36
ENSG00000213262,0
ENSG00000213264,0
ENSG00000213265,1
ENSG00000213269,1
ENSG00000213270,0
ENSG00000213272,1
ENSG00000213275,0
ENSG00000213277,3
ENSG00000213279,7
ENSG00000213280,10
ENSG00000213281,2113
ENSG00000213285,0
ENSG00000213287,0
ENSG00000213290,4
ENSG00000213291,0
ENSG00000213293,9
ENSG00000213295,0
ENSG00000213296,0
ENSG00000213297,6
ENSG00000213300,36
ENSG00000213301,0
ENSG00000213302,0
ENSG00000213303,1
ENSG00000213304,18
ENSG00000213305,1
ENSG00000213307,1
ENSG00000213309,3
ENSG00000213310,0
ENSG00000213312,2
ENSG00000213315,4
ENSG00000213316,6
ENSG00000213318,0
ENSG00000213326,25
ENSG00000213328,1
ENSG00000213331,3
ENSG00000213332,0
ENSG00000213333,0
ENSG00000213335,0
ENSG00000213337,885
ENSG00000213338,0
ENSG00000213339,2678
ENSG00000213341,609
ENSG00000213343,0
ENSG00000213344,0
ENSG00000213347,427
ENSG00000213352,1
ENSG00000213355,0
ENSG00000213358,0
ENSG00000213361,1
ENSG00000213362,4
ENSG00000213363,0
ENSG00000213365,0
ENSG00000213366,1859
ENSG00000213368,0
ENSG00000213370,14
ENSG00000213371,2
ENSG00000213373,6
ENSG00000213376,13
ENSG00000213380,1736
ENSG00000213383,1
ENSG00000213384,0
ENSG00000213385,7
ENSG00000213386,0
ENSG00000213390,530
ENSG00000213391,1
ENSG00000213393,1
ENSG00000213394,1
ENSG00000213397,101
ENSG00000213398,88
ENSG00000213399,12
ENSG00000213400,0
ENSG00000213401,1
ENSG00000213402,0
ENSG00000213403,0
ENSG00000213406,12
ENSG00000213409,0
ENSG00000213411,8
ENSG00000213412,0
ENSG00000213413,4
ENSG00000213414,0
ENSG00000213416,0
ENSG00000213417,0
ENSG00000213420,21
ENSG00000213421,0
ENSG00000213423,0
ENSG00000213424,479
ENSG00000213430,8
ENSG00000213431,0
ENSG00000213432,1
ENSG00000213433,27
ENSG00000213434,3
ENSG00000213435,7
ENSG00000213438,0
ENSG00000213439,0
ENSG00000213440,2
ENSG00000213442,188
ENSG00000213443,0
ENSG00000213445,6958
ENSG00000213448,0
ENSG00000213449,0
ENSG00000213450,0
ENSG00000213451,0
ENSG00000213452,0
ENSG00000213453,11
ENSG00000213455,2
ENSG00000213461,2
ENSG00000213462,1135
ENSG00000213463,1425
ENSG00000213465,1854
ENSG00000213467,1
ENSG00000213468,73
ENSG00000213470,0
ENSG00000213471,16
ENSG00000213478,3
ENSG00000213480,0
ENSG00000213483,0
ENSG00000213484,2
ENSG00000213486,0
ENSG00000213487,0
ENSG00000213488,0
ENSG00000213489,0
ENSG00000213492,3
ENSG00000213493,1
ENSG00000213495,0
ENSG00000213498,0
ENSG00000213500,0
ENSG00000213509,2
ENSG00000213512,1
ENSG00000213513,22
ENSG00000213514,18
ENSG00000213516,875
ENSG00000213519,2
ENSG00000213522,0
ENSG00000213523,1833
ENSG00000213525,0
ENSG00000213526,0
ENSG00000213527,0
ENSG00000213529,1
ENSG00000213530,0
ENSG00000213533,409
ENSG00000213536,0
ENSG00000213538,0
ENSG00000213539,2
ENSG00000213540,0
ENSG00000213542,11
ENSG00000213543,0
ENSG00000213547,0
ENSG00000213548,0
ENSG00000213549,0
ENSG00000213551,436
ENSG00000213553,95
ENSG00000213556,0
ENSG00000213557,0
ENSG00000213558,0
ENSG00000213559,1
ENSG00000213560,0
ENSG00000213561,0
ENSG00000213563,1048
ENSG00000213568,1
ENSG00000213569,2
ENSG00000213574,4
ENSG00000213578,0
ENSG00000213579,3
ENSG00000213585,7520
ENSG00000213587,0
ENSG00000213588,0
ENSG00000213590,15
ENSG00000213592,1
ENSG00000213593,3196
ENSG00000213594,0
ENSG00000213598,7
ENSG00000213599,8
ENSG00000213600,2
ENSG00000213601,3
ENSG00000213604,0
ENSG00000213605,0
ENSG00000213606,0
ENSG00000213607,0
ENSG00000213608,1
ENSG00000213609,75
ENSG00000213612,26
ENSG00000213613,3
ENSG00000213614,4833
ENSG00000213619,4557
ENSG00000213620,0
ENSG00000213621,10
ENSG00000213625,3066
ENSG00000213626,4587
ENSG00000213630,0
ENSG00000213638,104
ENSG00000213639,4801
ENSG00000213640,10
ENSG00000213641,1
ENSG00000213642,27
ENSG00000213643,0
ENSG00000213644,0
ENSG00000213645,2
ENSG00000213648,0
ENSG00000213650,0
ENSG00000213652,0
ENSG00000213653,1
ENSG00000213654,1016
ENSG00000213655,0
ENSG00000213657,1
ENSG00000213658,15
ENSG00000213659,0
ENSG00000213661,0
ENSG00000213663,1
ENSG00000213664,0
ENSG00000213667,1
ENSG00000213669,0
ENSG00000213671,0
ENSG00000213672,1575
ENSG00000213673,1
ENSG00000213676,6844
ENSG00000213683,3
ENSG00000213684,1
ENSG00000213689,0
ENSG00000213690,0
ENSG00000213693,18
ENSG00000213694,1472
ENSG00000213695,7
ENSG00000213697,0
ENSG00000213698,0
ENSG00000213699,3449
ENSG00000213700,22
ENSG00000213701,3
ENSG00000213703,0
ENSG00000213704,0
ENSG00000213706,0
ENSG00000213707,21
ENSG00000213708,0
ENSG00000213711,1
ENSG00000213713,79
ENSG00000213714,15
ENSG00000213716,0
ENSG00000213717,0
ENSG00000213719,14936
ENSG00000213721,1
ENSG00000213722,6577
ENSG00000213724,0
ENSG00000213726,1
ENSG00000213727,0
ENSG00000213729,0
ENSG00000213730,0
ENSG00000213731,2
ENSG00000213735,0
ENSG00000213736,0
ENSG00000213739,0
ENSG00000213740,3
ENSG00000213741,11354
ENSG00000213742,177
ENSG00000213744,1
ENSG00000213747,0
ENSG00000213750,0
ENSG00000213752,0
ENSG00000213753,1919
ENSG00000213754,19
ENSG00000213755,0
ENSG00000213757,83
ENSG00000213759,1
ENSG00000213760,70
ENSG00000213761,1
ENSG00000213762,1240
ENSG00000213763,4
ENSG00000213770,2
ENSG00000213771,1
ENSG00000213772,0
ENSG00000213774,0
ENSG00000213777,2
ENSG00000213778,0
ENSG00000213779,0
ENSG00000213780,135
ENSG00000213781,0
ENSG00000213782,65
ENSG00000213783,0
ENSG00000213785,0
ENSG00000213786,0
ENSG00000213787,0
ENSG00000213790,40
ENSG00000213791,0
ENSG00000213793,17
ENSG00000213798,0
ENSG00000213799,283
ENSG00000213801,20
ENSG00000213809,6
ENSG00000213816,0
ENSG00000213820,2
ENSG00000213822,0
ENSG00000213830,26
ENSG00000213839,291
ENSG00000213842,2
ENSG00000213846,116
ENSG00000213849,0
ENSG00000213851,3
ENSG00000213853,4627
ENSG00000213854,0
ENSG00000213856,2
ENSG00000213857,2
ENSG00000213859,1444
ENSG00000213860,13
ENSG00000213862,220
ENSG00000213863,0
ENSG00000213864,5
ENSG00000213865,88
ENSG00000213866,173
ENSG00000213867,0
ENSG00000213871,0
ENSG00000213872,2
ENSG00000213873,0
ENSG00000213875,0
ENSG00000213876,6
ENSG00000213877,0
ENSG00000213880,3
ENSG00000213881,8
ENSG00000213882,0
ENSG00000213885,16
ENSG00000213886,7
ENSG00000213888,66
ENSG00000213889,78
ENSG00000213891,3
ENSG00000213892,164
ENSG00000213896,0
ENSG00000213900,0
ENSG00000213901,44
ENSG00000213903,340
ENSG00000213904,180
ENSG00000213906,49
ENSG00000213908,0
ENSG00000213911,0
ENSG00000213916,0
ENSG00000213917,0
ENSG00000213918,837
ENSG00000213920,118
ENSG00000213921,0
ENSG00000213923,4361
ENSG00000213924,0
ENSG00000213925,2
ENSG00000213926,0
ENSG00000213927,0
ENSG00000213928,477
ENSG00000213930,1131
ENSG00000213931,2
ENSG00000213934,1
ENSG00000213935,1
ENSG00000213937,34
ENSG00000213938,10
ENSG00000213939,8
ENSG00000213940,0
ENSG00000213942,3
ENSG00000213943,16
ENSG00000213946,0
ENSG00000213949,2393
ENSG00000213950,10
ENSG00000213954,0
ENSG00000213956,0
ENSG00000213958,0
ENSG00000213959,0
ENSG00000213962,0
ENSG00000213963,130
ENSG00000213964,0
ENSG00000213965,1124
ENSG00000213967,180
ENSG00000213970,0
ENSG00000213971,84
ENSG00000213972,3
ENSG00000213973,2
ENSG00000213976,37
ENSG00000213977,832
ENSG00000213979,3
ENSG00000213981,1
ENSG00000213983,3083
ENSG00000213985,3
ENSG00000213987,0
ENSG00000213988,110
ENSG00000213994,0
ENSG00000213995,7491
ENSG00000213996,11
ENSG00000213997,8
ENSG00000213999,24
ENSG00000214003,1
ENSG00000214009,0
ENSG00000214012,5
ENSG00000214013,899
ENSG00000214015,0
ENSG00000214016,4
ENSG00000214018,6
ENSG00000214019,1
ENSG00000214020,0
ENSG00000214021,681
ENSG00000214022,7850
ENSG00000214024,0
ENSG00000214025,0
ENSG00000214026,937
ENSG00000214027,0
ENSG00000214029,319
ENSG00000214031,0
ENSG00000214035,0
ENSG00000214039,0
ENSG00000214041,0
ENSG00000214042,0
ENSG00000214043,0
ENSG00000214045,1
ENSG00000214046,2920
ENSG00000214047,0
ENSG00000214049,6
ENSG00000214050,428
ENSG00000214051,0
ENSG00000214062,0
ENSG00000214063,5488
ENSG00000214064,0
ENSG00000214067,0
ENSG00000214070,0
ENSG00000214071,0
ENSG00000214073,0
ENSG00000214074,0
ENSG00000214076,76
ENSG00000214077,28
ENSG00000214078,6089
ENSG00000214081,0
ENSG00000214087,1406
ENSG00000214089,0
ENSG00000214093,1
ENSG00000214097,1
ENSG00000214100,0
ENSG00000214102,5
ENSG00000214106,141
ENSG00000214107,0
ENSG00000214108,3
ENSG00000214110,81
ENSG00000214111,0
ENSG00000214113,980
ENSG00000214114,1396
ENSG00000214121,4
ENSG00000214124,0
ENSG00000214125,0
ENSG00000214128,6
ENSG00000214132,0
ENSG00000214135,424
ENSG00000214140,14
ENSG00000214141,0
ENSG00000214142,1
ENSG00000214144,4
ENSG00000214145,48
ENSG00000214146,26
ENSG00000214147,0
ENSG00000214160,2383
ENSG00000214161,0
ENSG00000214174,503
ENSG00000214176,294
ENSG00000214178,2
ENSG00000214182,36
ENSG00000214184,4
ENSG00000214185,3
ENSG00000214188,3
ENSG00000214189,162
ENSG00000214190,0
ENSG00000214192,0
ENSG00000214193,1537
ENSG00000214194,1455
ENSG00000214195,1
ENSG00000214198,39
ENSG00000214199,40
ENSG00000214200,0
ENSG00000214203,5
ENSG00000214204,0
ENSG00000214207,18
ENSG00000214210,0
ENSG00000214211,0
ENSG00000214212,80
ENSG00000214215,0
ENSG00000214216,7
ENSG00000214222,2
ENSG00000214223,8
ENSG00000214226,421
ENSG00000214237,59
ENSG00000214243,0
ENSG00000214244,0
ENSG00000214245,0
ENSG00000214248,3
ENSG00000214249,2
ENSG00000214252,39
ENSG00000214253,7017
ENSG00000214254,0
ENSG00000214255,2
ENSG00000214259,0
ENSG00000214262,0
ENSG00000214263,62
ENSG00000214264,0
ENSG00000214265,0
ENSG00000214266,0
ENSG00000214268,0
ENSG00000214269,8
ENSG00000214273,2
ENSG00000214274,535
ENSG00000214278,0
ENSG00000214279,150
ENSG00000214280,13
ENSG00000214281,0
ENSG00000214282,1
ENSG00000214283,0
ENSG00000214285,0
ENSG00000214286,1
ENSG00000214288,0
ENSG00000214289,0
ENSG00000214290,10
ENSG00000214293,657
ENSG00000214295,0
ENSG00000214297,1
ENSG00000214298,2
ENSG00000214300,374
ENSG00000214301,0
ENSG00000214305,0
ENSG00000214309,92
ENSG00000214313,1328
ENSG00000214318,0
ENSG00000214319,1
ENSG00000214321,1
ENSG00000214322,0
ENSG00000214324,0
ENSG00000214326,0
ENSG00000214329,0
ENSG00000214330,0
ENSG00000214331,103
ENSG00000214335,0
ENSG00000214336,2
ENSG00000214338,4
ENSG00000214342,0
ENSG00000214344,0
ENSG00000214347,1
ENSG00000214351,0
ENSG00000214353,1
ENSG00000214354,0
ENSG00000214357,2775
ENSG00000214359,2
ENSG00000214360,2
ENSG00000214362,0
ENSG00000214366,0
ENSG00000214367,811
ENSG00000214369,2
ENSG00000214374,0
ENSG00000214376,256
ENSG00000214380,0
ENSG00000214381,0
ENSG00000214389,20
ENSG00000214391,9
ENSG00000214401,35
ENSG00000214402,2
ENSG00000214405,0
ENSG00000214407,0
ENSG00000214413,394
ENSG00000214414,0
ENSG00000214415,0
ENSG00000214417,6
ENSG00000214424,0
ENSG00000214425,24
ENSG00000214428,0
ENSG00000214429,0
ENSG00000214432,60
ENSG00000214433,6
ENSG00000214434,0
ENSG00000214435,37
ENSG00000214439,18
ENSG00000214447,0
ENSG00000214455,28
ENSG00000214456,363
ENSG00000214457,0
ENSG00000214460,2
ENSG00000214465,2
ENSG00000214484,0
ENSG00000214485,33
ENSG00000214487,0
ENSG00000214491,20
ENSG00000214510,1
ENSG00000214511,0
ENSG00000214513,0
ENSG00000214514,1
ENSG00000214517,2124
ENSG00000214518,0
ENSG00000214525,0
ENSG00000214526,0
ENSG00000214530,16485
ENSG00000214533,0
ENSG00000214534,0
ENSG00000214535,66
ENSG00000214541,0
ENSG00000214544,32
ENSG00000214546,1
ENSG00000214548,221
ENSG00000214549,0
ENSG00000214552,0
ENSG00000214553,3
ENSG00000214558,0
ENSG00000214559,7
ENSG00000214560,0
ENSG00000214561,0
ENSG00000214562,65
ENSG00000214563,0
ENSG00000214575,13
ENSG00000214578,93
ENSG00000214581,0
ENSG00000214584,0
ENSG00000214593,0
ENSG00000214595,15
ENSG00000214602,0
ENSG00000214604,0
ENSG00000214607,0
ENSG00000214612,5
ENSG00000214614,0
ENSG00000214617,0
ENSG00000214626,0
ENSG00000214628,0
ENSG00000214629,0
ENSG00000214641,0
ENSG00000214642,0
ENSG00000214643,0
ENSG00000214646,0
ENSG00000214650,1
ENSG00000214651,0
ENSG00000214652,75
ENSG00000214653,0
ENSG00000214654,105
ENSG00000214655,1851
ENSG00000214657,0
ENSG00000214659,28
ENSG00000214660,0
ENSG00000214668,0
ENSG00000214669,0
ENSG00000214671,0
ENSG00000214676,0
ENSG00000214681,0
ENSG00000214684,0
ENSG00000214686,0
ENSG00000214688,0
ENSG00000214691,0
ENSG00000214694,6
ENSG00000214695,0
ENSG00000214700,3
ENSG00000214702,0
ENSG00000214706,2188
ENSG00000214708,42
ENSG00000214711,47
ENSG00000214717,4979
ENSG00000214719,95
ENSG00000214720,0
ENSG00000214725,7
ENSG00000214727,0
ENSG00000214732,0
ENSG00000214733,20
ENSG00000214736,0
ENSG00000214743,1
ENSG00000214745,0
ENSG00000214748,2
ENSG00000214753,2499
ENSG00000214754,0
ENSG00000214756,99
ENSG00000214759,0
ENSG00000214760,1
ENSG00000214761,0
ENSG00000214765,559
ENSG00000214770,5
ENSG00000214772,24
ENSG00000214773,0
ENSG00000214776,18
ENSG00000214782,0
ENSG00000214783,119
ENSG00000214784,7
ENSG00000214787,15
ENSG00000214788,0
ENSG00000214794,2
ENSG00000214796,7
ENSG00000214797,3
ENSG00000214803,0
ENSG00000214807,0
ENSG00000214810,1
ENSG00000214812,0
ENSG00000214814,7
ENSG00000214815,0
ENSG00000214819,0
ENSG00000214820,28
ENSG00000214821,0
ENSG00000214822,0
ENSG00000214823,1
ENSG00000214825,0
ENSG00000214826,135
ENSG00000214827,60
ENSG00000214832,54
ENSG00000214835,0
ENSG00000214837,24
ENSG00000214842,1
ENSG00000214843,0
ENSG00000214846,0
ENSG00000214851,6
ENSG00000214853,0
ENSG00000214855,16
ENSG00000214856,0
ENSG00000214857,1
ENSG00000214860,0
ENSG00000214866,0
ENSG00000214867,14
ENSG00000214869,1
ENSG00000214870,263
ENSG00000214872,8
ENSG00000214875,0
ENSG00000214878,0
ENSG00000214880,0
ENSG00000214881,2
ENSG00000214883,0
ENSG00000214886,0
ENSG00000214888,0
ENSG00000214889,0
ENSG00000214890,0
ENSG00000214891,0
ENSG00000214892,6
ENSG00000214894,8
ENSG00000214896,0
ENSG00000214897,0
ENSG00000214900,48
ENSG00000214903,0
ENSG00000214904,0
ENSG00000214908,0
ENSG00000214914,2
ENSG00000214915,0
ENSG00000214917,0
ENSG00000214919,0
ENSG00000214922,153
ENSG00000214925,1
ENSG00000214929,0
ENSG00000214930,0
ENSG00000214940,0
ENSG00000214941,1734
ENSG00000214942,0
ENSG00000214943,1
ENSG00000214944,297
ENSG00000214946,6
ENSG00000214954,31
ENSG00000214955,20
ENSG00000214960,149
ENSG00000214961,2
ENSG00000214967,0
ENSG00000214970,0
ENSG00000214973,10
ENSG00000214975,1136
ENSG00000214976,0
ENSG00000214978,0
ENSG00000214980,0
ENSG00000214988,3
ENSG00000214992,1
ENSG00000214998,0
ENSG00000214999,1
ENSG00000215000,0
ENSG00000215002,0
ENSG00000215003,1
ENSG00000215004,0
ENSG00000215005,1
ENSG00000215006,47
ENSG00000215007,3
ENSG00000215009,31
ENSG00000215012,1122
ENSG00000215014,17
ENSG00000215016,0
ENSG00000215018,11
ENSG00000215021,8482
ENSG00000215022,26
ENSG00000215023,8
ENSG00000215029,0
ENSG00000215030,370
ENSG00000215032,6
ENSG00000215034,0
ENSG00000215035,0
ENSG00000215037,0
ENSG00000215039,2394
ENSG00000215041,1824
ENSG00000215043,0
ENSG00000215045,167
ENSG00000215049,1
ENSG00000215054,0
ENSG00000215057,1
ENSG00000215063,0
ENSG00000215065,0
ENSG00000215067,311
ENSG00000215068,153
ENSG00000215070,1
ENSG00000215085,0
ENSG00000215086,1
ENSG00000215088,0
ENSG00000215089,16
ENSG00000215093,3
ENSG00000215094,0
ENSG00000215096,0
ENSG00000215097,2
ENSG00000215102,1
ENSG00000215105,21
ENSG00000215110,0
ENSG00000215112,0
ENSG00000215113,1
ENSG00000215114,1703
ENSG00000215115,0
ENSG00000215117,0
ENSG00000215120,1
ENSG00000215124,1
ENSG00000215126,91
ENSG00000215127,0
ENSG00000215131,1
ENSG00000215146,90
ENSG00000215148,0
ENSG00000215149,0
ENSG00000215151,0
ENSG00000215154,46
ENSG00000215156,2
ENSG00000215158,61
ENSG00000215159,1
ENSG00000215160,2
ENSG00000215162,0
ENSG00000215165,5
ENSG00000215168,0
ENSG00000215174,8
ENSG00000215177,0
ENSG00000215179,2
ENSG00000215182,3
ENSG00000215183,0
ENSG00000215184,0
ENSG00000215186,6
ENSG00000215187,45
ENSG00000215190,160
ENSG00000215193,2678
ENSG00000215196,1
ENSG00000215197,0
ENSG00000215198,0
ENSG00000215199,14
ENSG00000215203,0
ENSG00000215206,0
ENSG00000215208,0
ENSG00000215210,24
ENSG00000215217,235
ENSG00000215218,516
ENSG00000215221,13
ENSG00000215223,0
ENSG00000215227,0
ENSG00000215231,0
ENSG00000215236,1
ENSG00000215237,0
ENSG00000215241,15
ENSG00000215244,22
ENSG00000215246,6
ENSG00000215251,1813
ENSG00000215252,1218
ENSG00000215256,1280
ENSG00000215262,0
ENSG00000215263,0
ENSG00000215264,0
ENSG00000215267,1
ENSG00000215268,0
ENSG00000215269,0
ENSG00000215270,4
ENSG00000215271,1616
ENSG00000215274,1
ENSG00000215277,12
ENSG00000215278,3
ENSG00000215283,11
ENSG00000215284,0
ENSG00000215286,0
ENSG00000215288,0
ENSG00000215296,0
ENSG00000215297,0
ENSG00000215301,12576
ENSG00000215302,30
ENSG00000215304,4
ENSG00000215305,1463
ENSG00000215310,0
ENSG00000215311,0
ENSG00000215313,1
ENSG00000215317,0
ENSG00000215319,0
ENSG00000215325,3
ENSG00000215326,9
ENSG00000215333,1
ENSG00000215339,0
ENSG00000215343,0
ENSG00000215347,7
ENSG00000215349,1
ENSG00000215351,0
ENSG00000215353,0
ENSG00000215354,1
ENSG00000215356,0
ENSG00000215357,0
ENSG00000215365,0
ENSG00000215367,0
ENSG00000215368,0
ENSG00000215369,0
ENSG00000215371,0
ENSG00000215372,0
ENSG00000215373,0
ENSG00000215374,31
ENSG00000215375,783
ENSG00000215378,0
ENSG00000215380,0
ENSG00000215381,1
ENSG00000215386,10
ENSG00000215388,10
ENSG00000215397,0
ENSG00000215398,0
ENSG00000215399,0
ENSG00000215403,0
ENSG00000215409,0
ENSG00000215414,5
ENSG00000215417,44
ENSG00000215418,0
ENSG00000215421,6662
ENSG00000215424,231
ENSG00000215440,1655
ENSG00000215441,1
ENSG00000215444,0
ENSG00000215447,32
ENSG00000215448,0
ENSG00000215450,0
ENSG00000215452,23
ENSG00000215454,0
ENSG00000215455,0
ENSG00000215456,0
ENSG00000215457,0
ENSG00000215458,57
ENSG00000215464,0
ENSG00000215467,0
ENSG00000215472,0
ENSG00000215474,0
ENSG00000215475,0
ENSG00000215477,0
ENSG00000215478,2
ENSG00000215480,0
ENSG00000215481,5
ENSG00000215482,0
ENSG00000215483,2
ENSG00000215486,0
ENSG00000215492,1
ENSG00000215493,21
ENSG00000215498,0
ENSG00000215506,0
ENSG00000215507,0
ENSG00000215512,0
ENSG00000215515,1
ENSG00000215520,0
ENSG00000215529,44
ENSG00000215533,1
ENSG00000215537,0
ENSG00000215540,0
ENSG00000215544,1
ENSG00000215545,0
ENSG00000215546,0
ENSG00000215547,0
ENSG00000215548,3
ENSG00000215553,2
ENSG00000215559,19
ENSG00000215560,0
ENSG00000215562,0
ENSG00000215567,1
ENSG00000215568,0
ENSG00000215571,2
ENSG00000215572,1
ENSG00000215580,0
ENSG00000215583,0
ENSG00000215586,0
ENSG00000215589,0
ENSG00000215595,30
ENSG00000215601,0
ENSG00000215603,0
ENSG00000215604,0
ENSG00000215606,2
ENSG00000215612,0
ENSG00000215630,8
ENSG00000215644,0
ENSG00000215692,1
ENSG00000215695,0
ENSG00000215704,2
ENSG00000215712,1137
ENSG00000215717,2389
ENSG00000215720,0
ENSG00000215734,0
ENSG00000215760,0
ENSG00000215765,0
ENSG00000215769,99
ENSG00000215771,1
ENSG00000215784,6
ENSG00000215785,6
ENSG00000215788,117
ENSG00000215790,67
ENSG00000215795,28
ENSG00000215796,0
ENSG00000215800,0
ENSG00000215802,0
ENSG00000215805,0
ENSG00000215807,0
ENSG00000215808,13
ENSG00000215811,36
ENSG00000215812,0
ENSG00000215817,2
ENSG00000215819,0
ENSG00000215833,0
ENSG00000215834,0
ENSG00000215835,6
ENSG00000215837,0
ENSG00000215838,2
ENSG00000215840,4
ENSG00000215841,0
ENSG00000215845,3512
ENSG00000215846,0
ENSG00000215853,0
ENSG00000215859,41
ENSG00000215861,515
ENSG00000215864,0
ENSG00000215866,17
ENSG00000215867,1
ENSG00000215869,1
ENSG00000215871,0
ENSG00000215873,0
ENSG00000215874,0
ENSG00000215875,0
ENSG00000215878,0
ENSG00000215881,0
ENSG00000215883,140
ENSG00000215887,0
ENSG00000215893,0
ENSG00000215895,5
ENSG00000215899,0
ENSG00000215900,1
ENSG00000215905,0
ENSG00000215906,0
ENSG00000215908,897
ENSG00000215909,0
ENSG00000215910,61
ENSG00000215912,49
ENSG00000215914,24
ENSG00000215915,38
ENSG00000215922,0
ENSG00000215923,0
ENSG00000215925,0
ENSG00000215930,0
ENSG00000215934,0
ENSG00000215938,0
ENSG00000215939,0
ENSG00000215943,0
ENSG00000215945,0
ENSG00000215946,0
ENSG00000215948,0
ENSG00000215952,0
ENSG00000215953,0
ENSG00000215954,0
ENSG00000215957,0
ENSG00000215960,0
ENSG00000215961,0
ENSG00000215966,0
ENSG00000215968,0
ENSG00000215972,0
ENSG00000215973,0
ENSG00000215976,1
ENSG00000215983,0
ENSG00000215984,1
ENSG00000215991,0
ENSG00000215993,0
ENSG00000215996,0
ENSG00000215998,0
ENSG00000215999,0
ENSG00000216001,0
ENSG00000216005,0
ENSG00000216009,0
ENSG00000216011,0
ENSG00000216014,0
ENSG00000216015,0
ENSG00000216017,0
ENSG00000216020,0
ENSG00000216022,0
ENSG00000216027,0
ENSG00000216031,0
ENSG00000216035,0
ENSG00000216037,0
ENSG00000216042,0
ENSG00000216045,0
ENSG00000216047,0
ENSG00000216054,0
ENSG00000216055,0
ENSG00000216056,0
ENSG00000216058,0
ENSG00000216060,0
ENSG00000216064,0
ENSG00000216067,0
ENSG00000216069,0
ENSG00000216070,0
ENSG00000216072,0
ENSG00000216073,0
ENSG00000216075,0
ENSG00000216077,1
ENSG00000216081,0
ENSG00000216083,0
ENSG00000216084,0
ENSG00000216085,0
ENSG00000216088,0
ENSG00000216090,0
ENSG00000216097,0
ENSG00000216098,0
ENSG00000216099,0
ENSG00000216100,0
ENSG00000216101,0
ENSG00000216102,0
ENSG00000216105,0
ENSG00000216109,0
ENSG00000216114,0
ENSG00000216116,2
ENSG00000216123,0
ENSG00000216125,0
ENSG00000216131,0
ENSG00000216133,0
ENSG00000216135,0
ENSG00000216136,0
ENSG00000216141,0
ENSG00000216154,0
ENSG00000216157,0
ENSG00000216162,0
ENSG00000216166,0
ENSG00000216168,0
ENSG00000216169,0
ENSG00000216171,0
ENSG00000216179,0
ENSG00000216181,0
ENSG00000216182,1
ENSG00000216184,0
ENSG00000216191,0
ENSG00000216192,0
ENSG00000216195,0
ENSG00000216205,0
ENSG00000216206,0
ENSG00000216265,0
ENSG00000216285,3
ENSG00000216306,0
ENSG00000216307,0
ENSG00000216316,2
ENSG00000216324,0
ENSG00000216331,152
ENSG00000216347,0
ENSG00000216352,0
ENSG00000216359,0
ENSG00000216360,1
ENSG00000216364,1
ENSG00000216365,0
ENSG00000216368,0
ENSG00000216378,0
ENSG00000216412,1
ENSG00000216425,0
ENSG00000216436,0
ENSG00000216439,0
ENSG00000216444,0
ENSG00000216471,0
ENSG00000216475,0
ENSG00000216480,1
ENSG00000216490,15
ENSG00000216516,0
ENSG00000216518,0
ENSG00000216519,0
ENSG00000216523,0
ENSG00000216548,0
ENSG00000216560,0
ENSG00000216588,1
ENSG00000216613,0
ENSG00000216616,1
ENSG00000216621,0
ENSG00000216624,2
ENSG00000216629,0
ENSG00000216636,0
ENSG00000216639,0
ENSG00000216642,0
ENSG00000216649,0
ENSG00000216657,1
ENSG00000216663,0
ENSG00000216671,0
ENSG00000216676,0
ENSG00000216687,1
ENSG00000216708,0
ENSG00000216710,0
ENSG00000216713,0
ENSG00000216718,0
ENSG00000216721,0
ENSG00000216723,0
ENSG00000216740,2
ENSG00000216753,0
ENSG00000216754,0
ENSG00000216762,0
ENSG00000216775,1821
ENSG00000216777,0
ENSG00000216781,1
ENSG00000216802,1
ENSG00000216809,7
ENSG00000216811,0
ENSG00000216813,1
ENSG00000216817,0
ENSG00000216819,0
ENSG00000216824,0
ENSG00000216829,0
ENSG00000216835,2
ENSG00000216844,0
ENSG00000216853,0
ENSG00000216854,0
ENSG00000216859,0
ENSG00000216863,0
ENSG00000216866,20
ENSG00000216867,1
ENSG00000216895,106
ENSG00000216901,16
ENSG00000216902,0
ENSG00000216904,0
ENSG00000216906,5
ENSG00000216913,0
ENSG00000216915,0
ENSG00000216917,0
ENSG00000216921,0
ENSG00000216937,97
ENSG00000216938,0
ENSG00000216966,0
ENSG00000216977,0
ENSG00000216990,2
ENSG00000216998,0
ENSG00000217004,1
ENSG00000217026,0
ENSG00000217027,7
ENSG00000217030,0
ENSG00000217041,0
ENSG00000217044,0
ENSG00000217060,0
ENSG00000217067,0
ENSG00000217078,4
ENSG00000217083,0
ENSG00000217085,0
ENSG00000217089,0
ENSG00000217094,8
ENSG00000217120,0
ENSG00000217128,1529
ENSG00000217130,7
ENSG00000217135,0
ENSG00000217139,0
ENSG00000217159,1
ENSG00000217160,0
ENSG00000217165,169
ENSG00000217169,0
ENSG00000217178,1
ENSG00000217179,0
ENSG00000217181,0
ENSG00000217195,0
ENSG00000217227,0
ENSG00000217228,0
ENSG00000217231,0
ENSG00000217236,0
ENSG00000217239,1
ENSG00000217241,4
ENSG00000217258,1
ENSG00000217261,1
ENSG00000217268,1
ENSG00000217272,0
ENSG00000217275,121
ENSG00000217289,2
ENSG00000217314,0
ENSG00000217315,0
ENSG00000217325,12
ENSG00000217327,0
ENSG00000217330,0
ENSG00000217331,0
ENSG00000217334,0
ENSG00000217372,0
ENSG00000217377,0
ENSG00000217379,0
ENSG00000217385,0
ENSG00000217404,0
ENSG00000217408,0
ENSG00000217414,0
ENSG00000217416,1
ENSG00000217442,56
ENSG00000217447,4
ENSG00000217455,0
ENSG00000217477,0
ENSG00000217482,0
ENSG00000217483,0
ENSG00000217488,0
ENSG00000217495,0
ENSG00000217512,0
ENSG00000217514,0
ENSG00000217527,1
ENSG00000217539,0
ENSG00000217555,368
ENSG00000217557,0
ENSG00000217566,1
ENSG00000217576,0
ENSG00000217585,0
ENSG00000217612,2
ENSG00000217624,9
ENSG00000217631,0
ENSG00000217643,0
ENSG00000217644,0
ENSG00000217646,2
ENSG00000217648,168
ENSG00000217653,0
ENSG00000217680,0
ENSG00000217684,0
ENSG00000217686,0
ENSG00000217702,26
ENSG00000217707,0
ENSG00000217716,8
ENSG00000217718,0
ENSG00000217733,0
ENSG00000217746,0
ENSG00000217767,1
ENSG00000217769,3
ENSG00000217770,0
ENSG00000217776,0
ENSG00000217783,2
ENSG00000217786,0
ENSG00000217791,0
ENSG00000217801,75
ENSG00000217805,0
ENSG00000217809,0
ENSG00000217811,0
ENSG00000217824,3
ENSG00000217825,0
ENSG00000217835,5
ENSG00000217862,8
ENSG00000217874,0
ENSG00000217878,0
ENSG00000217889,1
ENSG00000217896,0
ENSG00000217897,1
ENSG00000217929,0
ENSG00000217930,505
ENSG00000217950,6
ENSG00000218014,14
ENSG00000218016,5
ENSG00000218018,1
ENSG00000218020,0
ENSG00000218027,12
ENSG00000218029,1
ENSG00000218048,1
ENSG00000218049,0
ENSG00000218052,3
ENSG00000218069,0
ENSG00000218073,10
ENSG00000218089,0
ENSG00000218107,0
ENSG00000218109,2
ENSG00000218125,0
ENSG00000218143,0
ENSG00000218153,1
ENSG00000218173,0
ENSG00000218175,125
ENSG00000218180,1
ENSG00000218186,1
ENSG00000218187,0
ENSG00000218189,1
ENSG00000218194,0
ENSG00000218198,1
ENSG00000218208,1
ENSG00000218213,0
ENSG00000218226,174
ENSG00000218227,41
ENSG00000218233,1
ENSG00000218261,0
ENSG00000218265,4
ENSG00000218274,0
ENSG00000218281,21
ENSG00000218283,444
ENSG00000218300,0
ENSG00000218305,0
ENSG00000218313,0
ENSG00000218336,31
ENSG00000218337,0
ENSG00000218347,0
ENSG00000218350,0
ENSG00000218351,0
ENSG00000218357,0
ENSG00000218358,24
ENSG00000218359,0
ENSG00000218363,0
ENSG00000218410,0
ENSG00000218416,183
ENSG00000218418,3
ENSG00000218424,1
ENSG00000218426,75
ENSG00000218428,0
ENSG00000218454,0
ENSG00000218459,0
ENSG00000218472,3
ENSG00000218475,0
ENSG00000218476,0
ENSG00000218483,1
ENSG00000218490,0
ENSG00000218499,0
ENSG00000218502,1
ENSG00000218510,540
ENSG00000218512,0
ENSG00000218520,0
ENSG00000218521,0
ENSG00000218536,0
ENSG00000218537,5
ENSG00000218549,1
ENSG00000218561,0
ENSG00000218565,0
ENSG00000218574,0
ENSG00000218577,0
ENSG00000218582,8
ENSG00000218586,4
ENSG00000218596,0
ENSG00000218617,0
ENSG00000218631,8
ENSG00000218632,2
ENSG00000218643,0
ENSG00000218672,0
ENSG00000218676,0
ENSG00000218682,0
ENSG00000218689,0
ENSG00000218690,12
ENSG00000218698,0
ENSG00000218713,15
ENSG00000218716,0
ENSG00000218725,0
ENSG00000218728,0
ENSG00000218730,0
ENSG00000218732,0
ENSG00000218739,1912
ENSG00000218748,0
ENSG00000218749,1
ENSG00000218754,0
ENSG00000218757,1
ENSG00000218766,0
ENSG00000218772,0
ENSG00000218776,0
ENSG00000218792,1
ENSG00000218793,0
ENSG00000218803,0
ENSG00000218806,1
ENSG00000218809,0
ENSG00000218813,0
ENSG00000218819,1
ENSG00000218823,0
ENSG00000218834,0
ENSG00000218839,0
ENSG00000218857,1
ENSG00000218868,0
ENSG00000218870,0
ENSG00000218872,0
ENSG00000218890,1
ENSG00000218891,771
ENSG00000218893,0
ENSG00000218896,0
ENSG00000218902,1
ENSG00000218965,0
ENSG00000218976,0
ENSG00000218980,1
ENSG00000218986,0
ENSG00000218991,0
ENSG00000218996,0
ENSG00000219023,3
ENSG00000219027,1
ENSG00000219039,1
ENSG00000219061,0
ENSG00000219073,0
ENSG00000219074,0
ENSG00000219085,8
ENSG00000219087,0
ENSG00000219088,0
ENSG00000219095,0
ENSG00000219102,4
ENSG00000219133,2
ENSG00000219135,0
ENSG00000219139,0
ENSG00000219146,1
ENSG00000219149,1
ENSG00000219150,1
ENSG00000219159,0
ENSG00000219163,3
ENSG00000219186,0
ENSG00000219188,0
ENSG00000219190,0
ENSG00000219200,418
ENSG00000219201,9
ENSG00000219222,0
ENSG00000219240,0
ENSG00000219249,0
ENSG00000219253,0
ENSG00000219257,0
ENSG00000219262,0
ENSG00000219273,0
ENSG00000219274,2
ENSG00000219280,0
ENSG00000219284,0
ENSG00000219294,1
ENSG00000219297,0
ENSG00000219298,0
ENSG00000219302,0
ENSG00000219314,0
ENSG00000219329,2
ENSG00000219355,5
ENSG00000219361,0
ENSG00000219368,0
ENSG00000219375,0
ENSG00000219384,0
ENSG00000219387,0
ENSG00000219391,0
ENSG00000219392,5
ENSG00000219395,15
ENSG00000219404,0
ENSG00000219409,0
ENSG00000219410,7
ENSG00000219430,0
ENSG00000219433,1
ENSG00000219435,1
ENSG00000219438,2368
ENSG00000219445,0
ENSG00000219448,1
ENSG00000219451,5
ENSG00000219453,0
ENSG00000219463,0
ENSG00000219470,14
ENSG00000219481,582
ENSG00000219487,1
ENSG00000219491,0
ENSG00000219492,0
ENSG00000219500,0
ENSG00000219507,23
ENSG00000219529,6
ENSG00000219532,0
ENSG00000219545,1033
ENSG00000219547,0
ENSG00000219549,0
ENSG00000219553,0
ENSG00000219559,1
ENSG00000219565,3
ENSG00000219575,0
ENSG00000219582,0
ENSG00000219592,0
ENSG00000219604,0
ENSG00000219607,19
ENSG00000219608,0
ENSG00000219619,0
ENSG00000219622,0
ENSG00000219626,454
ENSG00000219627,0
ENSG00000219642,2
ENSG00000219653,0
ENSG00000219665,74
ENSG00000219666,0
ENSG00000219669,0
ENSG00000219681,0
ENSG00000219682,1
ENSG00000219693,15
ENSG00000219699,0
ENSG00000219700,0
ENSG00000219702,0
ENSG00000219703,0
ENSG00000219712,0
ENSG00000219722,0
ENSG00000219736,1
ENSG00000219738,2
ENSG00000219747,5
ENSG00000219755,12
ENSG00000219757,0
ENSG00000219758,0
ENSG00000219770,0
ENSG00000219773,1
ENSG00000219776,0
ENSG00000219784,0
ENSG00000219790,1
ENSG00000219797,9
ENSG00000219806,0
ENSG00000219807,0
ENSG00000219814,2
ENSG00000219863,0
ENSG00000219867,0
ENSG00000219870,0
ENSG00000219881,0
ENSG00000219891,73
ENSG00000219902,0
ENSG00000219926,0
ENSG00000219928,16
ENSG00000219930,0
ENSG00000219932,5
ENSG00000219940,0
ENSG00000219941,0
ENSG00000219951,3
ENSG00000219986,2
ENSG00000219992,1
ENSG00000219993,1
ENSG00000220008,9
ENSG00000220030,0
ENSG00000220069,0
ENSG00000220076,0
ENSG00000220091,0
ENSG00000220105,0
ENSG00000220110,0
ENSG00000220113,0
ENSG00000220125,0
ENSG00000220130,0
ENSG00000220131,0
ENSG00000220132,0
ENSG00000220139,0
ENSG00000220154,0
ENSG00000220157,0
ENSG00000220161,23
ENSG00000220181,0
ENSG00000220184,0
ENSG00000220201,70
ENSG00000220204,0
ENSG00000220205,9861
ENSG00000220212,0
ENSG00000220237,0
ENSG00000220240,0
ENSG00000220248,0
ENSG00000220256,0
ENSG00000220267,0
ENSG00000220291,0
ENSG00000220305,1
ENSG00000220311,0
ENSG00000220323,5
ENSG00000220326,0
ENSG00000220340,0
ENSG00000220343,0
ENSG00000220347,0
ENSG00000220349,0
ENSG00000220370,0
ENSG00000220377,2
ENSG00000220378,1
ENSG00000220392,2
ENSG00000220412,1
ENSG00000220418,0
ENSG00000220446,0
ENSG00000220447,0
ENSG00000220472,4
ENSG00000220483,1
ENSG00000220494,0
ENSG00000220505,0
ENSG00000220506,0
ENSG00000220514,0
ENSG00000220515,0
ENSG00000220517,4
ENSG00000220522,0
ENSG00000220537,0
ENSG00000220540,0
ENSG00000220541,0
ENSG00000220548,0
ENSG00000220553,0
ENSG00000220556,0
ENSG00000220557,0
ENSG00000220563,22
ENSG00000220575,0
ENSG00000220581,0
ENSG00000220583,33
ENSG00000220585,0
ENSG00000220586,0
ENSG00000220598,0
ENSG00000220600,0
ENSG00000220614,3
ENSG00000220635,0
ENSG00000220643,0
ENSG00000220660,22
ENSG00000220666,0
ENSG00000220685,3
ENSG00000220694,0
ENSG00000220695,0
ENSG00000220702,0
ENSG00000220721,0
ENSG00000220725,0
ENSG00000220730,0
ENSG00000220733,0
ENSG00000220734,0
ENSG00000220739,0
ENSG00000220744,2
ENSG00000220745,0
ENSG00000220748,0
ENSG00000220749,69
ENSG00000220758,2
ENSG00000220771,4
ENSG00000220773,0
ENSG00000220785,876
ENSG00000220793,8
ENSG00000220804,85
ENSG00000220831,0
ENSG00000220842,197
ENSG00000220848,86
ENSG00000220867,1
ENSG00000220868,0
ENSG00000220871,0
ENSG00000220875,8
ENSG00000220884,0
ENSG00000220891,0
ENSG00000220908,0
ENSG00000220913,0
ENSG00000220918,0
ENSG00000220920,1
ENSG00000220924,1
ENSG00000220925,1
ENSG00000220937,0
ENSG00000220948,0
ENSG00000220949,0
ENSG00000220960,0
ENSG00000220981,0
ENSG00000220982,0
ENSG00000220984,0
ENSG00000220986,0
ENSG00000220987,0
ENSG00000220988,0
ENSG00000220989,0
ENSG00000220990,0
ENSG00000220992,0
ENSG00000220993,0
ENSG00000220996,0
ENSG00000220997,0
ENSG00000220999,0
ENSG00000221000,0
ENSG00000221002,0
ENSG00000221003,0
ENSG00000221005,0
ENSG00000221007,0
ENSG00000221008,0
ENSG00000221010,0
ENSG00000221015,0
ENSG00000221016,0
ENSG00000221017,0
ENSG00000221018,0
ENSG00000221019,0
ENSG00000221020,0
ENSG00000221021,0
ENSG00000221023,0
ENSG00000221025,2
ENSG00000221026,0
ENSG00000221028,0
ENSG00000221029,0
ENSG00000221030,0
ENSG00000221031,0
ENSG00000221032,0
ENSG00000221033,0
ENSG00000221036,0
ENSG00000221038,1
ENSG00000221039,0
ENSG00000221040,0
ENSG00000221041,0
ENSG00000221042,0
ENSG00000221043,0
ENSG00000221044,3
ENSG00000221046,0
ENSG00000221048,0
ENSG00000221050,0
ENSG00000221051,3
ENSG00000221052,0
ENSG00000221053,0
ENSG00000221055,0
ENSG00000221058,0
ENSG00000221059,0
ENSG00000221060,0
ENSG00000221062,0
ENSG00000221063,0
ENSG00000221065,0
ENSG00000221066,1
ENSG00000221069,0
ENSG00000221070,0
ENSG00000221072,0
ENSG00000221073,0
ENSG00000221074,0
ENSG00000221075,0
ENSG00000221077,0
ENSG00000221079,0
ENSG00000221081,0
ENSG00000221082,0
ENSG00000221083,0
ENSG00000221084,0
ENSG00000221085,0
ENSG00000221087,0
ENSG00000221091,0
ENSG00000221093,0
ENSG00000221094,0
ENSG00000221095,0
ENSG00000221100,0
ENSG00000221102,0
ENSG00000221104,0
ENSG00000221105,0
ENSG00000221108,0
ENSG00000221110,0
ENSG00000221111,0
ENSG00000221112,0
ENSG00000221113,0
ENSG00000221114,0
ENSG00000221116,0
ENSG00000221118,0
ENSG00000221120,0
ENSG00000221121,0
ENSG00000221123,0
ENSG00000221125,0
ENSG00000221126,0
ENSG00000221128,0
ENSG00000221130,0
ENSG00000221131,0
ENSG00000221132,0
ENSG00000221134,0
ENSG00000221135,1
ENSG00000221137,0
ENSG00000221139,0
ENSG00000221141,0
ENSG00000221142,0
ENSG00000221148,0
ENSG00000221156,1
ENSG00000221157,0
ENSG00000221160,0
ENSG00000221163,0
ENSG00000221164,7
ENSG00000221165,0
ENSG00000221169,0
ENSG00000221170,0
ENSG00000221172,0
ENSG00000221173,1
ENSG00000221174,0
ENSG00000221175,0
ENSG00000221176,0
ENSG00000221178,0
ENSG00000221179,0
ENSG00000221183,0
ENSG00000221184,7
ENSG00000221185,0
ENSG00000221186,0
ENSG00000221187,0
ENSG00000221189,0
ENSG00000221190,0
ENSG00000221192,0
ENSG00000221198,0
ENSG00000221199,0
ENSG00000221200,0
ENSG00000221201,0
ENSG00000221203,0
ENSG00000221204,0
ENSG00000221206,0
ENSG00000221210,0
ENSG00000221211,0
ENSG00000221214,0
ENSG00000221216,0
ENSG00000221217,0
ENSG00000221220,0
ENSG00000221221,0
ENSG00000221222,0
ENSG00000221225,0
ENSG00000221227,0
ENSG00000221230,0
ENSG00000221232,0
ENSG00000221233,0
ENSG00000221234,0
ENSG00000221235,0
ENSG00000221236,0
ENSG00000221237,0
ENSG00000221238,0
ENSG00000221240,0
ENSG00000221241,0
ENSG00000221245,0
ENSG00000221246,0
ENSG00000221247,0
ENSG00000221249,0
ENSG00000221250,0
ENSG00000221251,0
ENSG00000221254,0
ENSG00000221255,0
ENSG00000221257,0
ENSG00000221258,0
ENSG00000221259,0
ENSG00000221260,0
ENSG00000221261,0
ENSG00000221262,0
ENSG00000221263,0
ENSG00000221264,0
ENSG00000221265,0
ENSG00000221266,0
ENSG00000221267,0
ENSG00000221269,1
ENSG00000221272,0
ENSG00000221273,0
ENSG00000221275,0
ENSG00000221278,0
ENSG00000221280,0
ENSG00000221286,0
ENSG00000221287,0
ENSG00000221288,0
ENSG00000221289,0
ENSG00000221290,0
ENSG00000221291,0
ENSG00000221293,0
ENSG00000221294,0
ENSG00000221296,0
ENSG00000221297,0
ENSG00000221299,1
ENSG00000221300,0
ENSG00000221301,0
ENSG00000221302,0
ENSG00000221303,0
ENSG00000221304,0
ENSG00000221305,0
ENSG00000221309,0
ENSG00000221310,0
ENSG00000221312,0
ENSG00000221313,0
ENSG00000221314,0
ENSG00000221316,0
ENSG00000221317,0
ENSG00000221318,0
ENSG00000221319,0
ENSG00000221320,0
ENSG00000221321,0
ENSG00000221322,0
ENSG00000221323,0
ENSG00000221324,0
ENSG00000221325,0
ENSG00000221326,0
ENSG00000221328,0
ENSG00000221330,0
ENSG00000221331,0
ENSG00000221332,0
ENSG00000221333,1
ENSG00000221334,0
ENSG00000221335,0
ENSG00000221336,0
ENSG00000221337,0
ENSG00000221338,2
ENSG00000221340,2
ENSG00000221344,0
ENSG00000221345,0
ENSG00000221346,0
ENSG00000221347,0
ENSG00000221348,0
ENSG00000221351,0
ENSG00000221352,0
ENSG00000221354,0
ENSG00000221355,0
ENSG00000221356,1
ENSG00000221357,0
ENSG00000221358,0
ENSG00000221359,1
ENSG00000221362,0
ENSG00000221363,0
ENSG00000221365,0
ENSG00000221366,0
ENSG00000221369,0
ENSG00000221371,0
ENSG00000221372,0
ENSG00000221373,0
ENSG00000221374,0
ENSG00000221375,0
ENSG00000221376,0
ENSG00000221377,0
ENSG00000221378,0
ENSG00000221379,0
ENSG00000221380,0
ENSG00000221381,0
ENSG00000221382,0
ENSG00000221383,0
ENSG00000221384,0
ENSG00000221385,0
ENSG00000221386,1
ENSG00000221387,0
ENSG00000221388,0
ENSG00000221389,0
ENSG00000221390,0
ENSG00000221392,0
ENSG00000221393,0
ENSG00000221394,0
ENSG00000221395,0
ENSG00000221398,0
ENSG00000221400,0
ENSG00000221401,0
ENSG00000221402,0
ENSG00000221403,0
ENSG00000221405,0
ENSG00000221406,0
ENSG00000221407,0
ENSG00000221409,1
ENSG00000221410,0
ENSG00000221411,0
ENSG00000221412,0
ENSG00000221413,1
ENSG00000221415,0
ENSG00000221416,0
ENSG00000221417,0
ENSG00000221418,0
ENSG00000221419,0
ENSG00000221420,0
ENSG00000221421,0
ENSG00000221424,0
ENSG00000221425,0
ENSG00000221427,0
ENSG00000221428,0
ENSG00000221429,2
ENSG00000221430,0
ENSG00000221431,0
ENSG00000221432,0
ENSG00000221436,0
ENSG00000221437,0
ENSG00000221438,0
ENSG00000221439,0
ENSG00000221440,0
ENSG00000221442,0
ENSG00000221443,0
ENSG00000221444,0
ENSG00000221445,0
ENSG00000221446,0
ENSG00000221447,0
ENSG00000221448,0
ENSG00000221449,0
ENSG00000221450,0
ENSG00000221451,0
ENSG00000221454,0
ENSG00000221455,0
ENSG00000221456,0
ENSG00000221457,0
ENSG00000221458,0
ENSG00000221459,0
ENSG00000221461,0
ENSG00000221463,0
ENSG00000221464,1
ENSG00000221466,0
ENSG00000221467,0
ENSG00000221468,0
ENSG00000221469,0
ENSG00000221470,0
ENSG00000221471,0
ENSG00000221473,0
ENSG00000221474,0
ENSG00000221475,0
ENSG00000221476,0
ENSG00000221477,0
ENSG00000221479,0
ENSG00000221486,0
ENSG00000221487,1
ENSG00000221488,0
ENSG00000221489,0
ENSG00000221491,2
ENSG00000221492,0
ENSG00000221493,0
ENSG00000221494,0
ENSG00000221495,0
ENSG00000221496,0
ENSG00000221497,0
ENSG00000221498,0
ENSG00000221499,0
ENSG00000221500,3
ENSG00000221502,0
ENSG00000221504,0
ENSG00000221505,0
ENSG00000221506,0
ENSG00000221507,0
ENSG00000221510,0
ENSG00000221511,0
ENSG00000221514,0
ENSG00000221515,0
ENSG00000221516,0
ENSG00000221518,0
ENSG00000221519,0
ENSG00000221520,2
ENSG00000221521,1
ENSG00000221523,0
ENSG00000221524,0
ENSG00000221525,0
ENSG00000221526,0
ENSG00000221527,0
ENSG00000221528,0
ENSG00000221530,0
ENSG00000221531,0
ENSG00000221533,0
ENSG00000221534,0
ENSG00000221535,1
ENSG00000221536,0
ENSG00000221537,0
ENSG00000221539,11
ENSG00000221540,0
ENSG00000221541,0
ENSG00000221542,0
ENSG00000221545,0
ENSG00000221547,0
ENSG00000221548,0
ENSG00000221550,0
ENSG00000221551,0
ENSG00000221552,0
ENSG00000221553,0
ENSG00000221555,0
ENSG00000221556,0
ENSG00000221558,0
ENSG00000221559,0
ENSG00000221560,0
ENSG00000221562,0
ENSG00000221563,0
ENSG00000221564,0
ENSG00000221565,0
ENSG00000221566,0
ENSG00000221567,0
ENSG00000221568,0
ENSG00000221571,0
ENSG00000221573,0
ENSG00000221574,0
ENSG00000221576,0
ENSG00000221578,0
ENSG00000221579,0
ENSG00000221581,0
ENSG00000221583,0
ENSG00000221585,0
ENSG00000221586,0
ENSG00000221589,0
ENSG00000221590,0
ENSG00000221591,0
ENSG00000221593,0
ENSG00000221594,0
ENSG00000221595,4
ENSG00000221598,1
ENSG00000221599,0
ENSG00000221601,0
ENSG00000221602,0
ENSG00000221603,0
ENSG00000221604,0
ENSG00000221606,0
ENSG00000221607,0
ENSG00000221608,0
ENSG00000221610,0
ENSG00000221611,3
ENSG00000221612,0
ENSG00000221613,0
ENSG00000221614,0
ENSG00000221615,0
ENSG00000221616,0
ENSG00000221617,0
ENSG00000221618,0
ENSG00000221619,0
ENSG00000221621,0
ENSG00000221623,0
ENSG00000221628,0
ENSG00000221629,0
ENSG00000221630,0
ENSG00000221631,0
ENSG00000221633,0
ENSG00000221634,0
ENSG00000221635,0
ENSG00000221637,0
ENSG00000221638,0
ENSG00000221639,0
ENSG00000221641,0
ENSG00000221643,0
ENSG00000221644,0
ENSG00000221649,0
ENSG00000221650,0
ENSG00000221653,0
ENSG00000221654,0
ENSG00000221655,0
ENSG00000221656,0
ENSG00000221657,0
ENSG00000221659,0
ENSG00000221662,0
ENSG00000221664,0
ENSG00000221665,0
ENSG00000221667,0
ENSG00000221669,3
ENSG00000221670,0
ENSG00000221673,0
ENSG00000221676,1
ENSG00000221677,0
ENSG00000221679,0
ENSG00000221680,0
ENSG00000221683,0
ENSG00000221685,0
ENSG00000221686,0
ENSG00000221690,0
ENSG00000221691,0
ENSG00000221693,0
ENSG00000221695,0
ENSG00000221696,0
ENSG00000221697,0
ENSG00000221698,0
ENSG00000221699,0
ENSG00000221701,0
ENSG00000221702,0
ENSG00000221703,0
ENSG00000221704,0
ENSG00000221705,0
ENSG00000221706,0
ENSG00000221707,0
ENSG00000221708,0
ENSG00000221710,0
ENSG00000221711,0
ENSG00000221716,85
ENSG00000221717,0
ENSG00000221719,0
ENSG00000221720,0
ENSG00000221721,0
ENSG00000221723,0
ENSG00000221724,0
ENSG00000221725,0
ENSG00000221726,0
ENSG00000221729,0
ENSG00000221730,0
ENSG00000221731,0
ENSG00000221732,0
ENSG00000221733,0
ENSG00000221736,0
ENSG00000221737,2
ENSG00000221739,0
ENSG00000221740,0
ENSG00000221741,0
ENSG00000221745,0
ENSG00000221746,0
ENSG00000221747,0
ENSG00000221749,0
ENSG00000221750,0
ENSG00000221751,0
ENSG00000221753,0
ENSG00000221754,0
ENSG00000221756,0
ENSG00000221760,0
ENSG00000221762,0
ENSG00000221763,0
ENSG00000221764,0
ENSG00000221766,0
ENSG00000221767,0
ENSG00000221768,0
ENSG00000221770,0
ENSG00000221771,0
ENSG00000221772,0
ENSG00000221774,0
ENSG00000221777,0
ENSG00000221778,0
ENSG00000221781,0
ENSG00000221782,0
ENSG00000221783,0
ENSG00000221785,0
ENSG00000221786,0
ENSG00000221788,0
ENSG00000221789,0
ENSG00000221790,0
ENSG00000221792,0
ENSG00000221793,0
ENSG00000221795,0
ENSG00000221796,0
ENSG00000221798,0
ENSG00000221799,0
ENSG00000221801,0
ENSG00000221803,0
ENSG00000221804,0
ENSG00000221806,0
ENSG00000221807,0
ENSG00000221808,0
ENSG00000221809,0
ENSG00000221813,0
ENSG00000221817,137
ENSG00000221818,274
ENSG00000221819,5
ENSG00000221821,331
ENSG00000221823,1465
ENSG00000221826,3
ENSG00000221829,1200
ENSG00000221836,0
ENSG00000221837,0
ENSG00000221838,1765
ENSG00000221840,0
ENSG00000221843,122
ENSG00000221844,0
ENSG00000221845,33
ENSG00000221849,0
ENSG00000221852,3
ENSG00000221855,0
ENSG00000221857,0
ENSG00000221858,0
ENSG00000221859,0
ENSG00000221864,0
ENSG00000221866,49
ENSG00000221867,0
ENSG00000221869,1053
ENSG00000221870,0
ENSG00000221874,1
ENSG00000221878,0
ENSG00000221879,0
ENSG00000221880,0
ENSG00000221882,0
ENSG00000221883,86
ENSG00000221886,334
ENSG00000221887,8
ENSG00000221888,1
ENSG00000221890,3256
ENSG00000221891,0
ENSG00000221900,0
ENSG00000221909,627
ENSG00000221910,0
ENSG00000221914,3200
ENSG00000221916,47
ENSG00000221923,430
ENSG00000221926,406
ENSG00000221930,3
ENSG00000221931,0
ENSG00000221932,0
ENSG00000221933,0
ENSG00000221937,0
ENSG00000221938,0
ENSG00000221944,115
ENSG00000221946,6
ENSG00000221947,29
ENSG00000221949,27
ENSG00000221953,37
ENSG00000221954,0
ENSG00000221955,1290
ENSG00000221957,2
ENSG00000221961,0
ENSG00000221962,0
ENSG00000221963,2296
ENSG00000221968,256
ENSG00000221970,1
ENSG00000221971,0
ENSG00000221972,77
ENSG00000221977,0
ENSG00000221978,3807
ENSG00000221983,15862
ENSG00000221986,1
ENSG00000221988,1441
ENSG00000221989,0
ENSG00000221990,324
ENSG00000221994,309
ENSG00000221995,118
ENSG00000221996,0
ENSG00000222000,0
ENSG00000222001,0
ENSG00000222004,0
ENSG00000222005,30
ENSG00000222007,0
ENSG00000222009,68
ENSG00000222011,352
ENSG00000222012,6
ENSG00000222014,2
ENSG00000222017,0
ENSG00000222018,0
ENSG00000222019,60
ENSG00000222020,30
ENSG00000222022,1
ENSG00000222024,0
ENSG00000222028,0
ENSG00000222030,0
ENSG00000222031,0
ENSG00000222032,2
ENSG00000222033,1
ENSG00000222035,15
ENSG00000222036,0
ENSG00000222037,0
ENSG00000222038,0
ENSG00000222041,1090
ENSG00000222042,0
ENSG00000222043,6
ENSG00000222044,1
ENSG00000222046,3
ENSG00000222047,4
ENSG00000222051,4
ENSG00000222054,0
ENSG00000222055,0
ENSG00000222057,5
ENSG00000222064,0
ENSG00000222066,0
ENSG00000222067,0
ENSG00000222068,0
ENSG00000222069,0
ENSG00000222070,0
ENSG00000222071,0
ENSG00000222072,0
ENSG00000222076,0
ENSG00000222078,0
ENSG00000222080,0
ENSG00000222084,0
ENSG00000222085,0
ENSG00000222086,0
ENSG00000222087,0
ENSG00000222092,0
ENSG00000222094,0
ENSG00000222095,0
ENSG00000222096,0
ENSG00000222099,0
ENSG00000222101,0
ENSG00000222102,0
ENSG00000222107,0
ENSG00000222108,1
ENSG00000222109,0
ENSG00000222111,0
ENSG00000222112,2
ENSG00000222114,0
ENSG00000222117,0
ENSG00000222118,0
ENSG00000222120,0
ENSG00000222121,0
ENSG00000222122,0
ENSG00000222123,0
ENSG00000222126,0
ENSG00000222129,0
ENSG00000222133,0
ENSG00000222139,0
ENSG00000222145,0
ENSG00000222146,0
ENSG00000222148,0
ENSG00000222150,0
ENSG00000222154,0
ENSG00000222158,0
ENSG00000222160,0
ENSG00000222161,0
ENSG00000222162,0
ENSG00000222164,0
ENSG00000222169,0
ENSG00000222170,0
ENSG00000222174,0
ENSG00000222177,0
ENSG00000222178,0
ENSG00000222179,1
ENSG00000222182,0
ENSG00000222185,0
ENSG00000222196,0
ENSG00000222197,0
ENSG00000222202,0
ENSG00000222205,0
ENSG00000222206,0
ENSG00000222207,0
ENSG00000222208,0
ENSG00000222209,0
ENSG00000222210,0
ENSG00000222213,0
ENSG00000222219,0
ENSG00000222220,0
ENSG00000222222,0
ENSG00000222224,0
ENSG00000222225,0
ENSG00000222226,0
ENSG00000222230,0
ENSG00000222231,0
ENSG00000222232,0
ENSG00000222235,0
ENSG00000222236,0
ENSG00000222238,0
ENSG00000222240,0
ENSG00000222244,0
ENSG00000222246,0
ENSG00000222248,4
ENSG00000222249,0
ENSG00000222251,0
ENSG00000222255,0
ENSG00000222257,0
ENSG00000222259,0
ENSG00000222262,0
ENSG00000222266,0
ENSG00000222267,0
ENSG00000222268,0
ENSG00000222274,0
ENSG00000222276,0
ENSG00000222281,0
ENSG00000222282,0
ENSG00000222285,0
ENSG00000222287,0
ENSG00000222293,0
ENSG00000222297,0
ENSG00000222298,0
ENSG00000222299,0
ENSG00000222300,0
ENSG00000222302,0
ENSG00000222303,0
ENSG00000222305,0
ENSG00000222308,0
ENSG00000222309,0
ENSG00000222311,0
ENSG00000222312,0
ENSG00000222313,0
ENSG00000222314,0
ENSG00000222316,0
ENSG00000222317,0
ENSG00000222320,0
ENSG00000222321,0
ENSG00000222326,0
ENSG00000222327,0
ENSG00000222328,0
ENSG00000222329,0
ENSG00000222331,0
ENSG00000222333,0
ENSG00000222334,0
ENSG00000222335,0
ENSG00000222337,0
ENSG00000222338,0
ENSG00000222339,0
ENSG00000222343,0
ENSG00000222344,0
ENSG00000222345,10
ENSG00000222346,0
ENSG00000222351,0
ENSG00000222352,0
ENSG00000222355,0
ENSG00000222356,0
ENSG00000222357,0
ENSG00000222359,0
ENSG00000222361,0
ENSG00000222363,0
ENSG00000222364,2
ENSG00000222365,4
ENSG00000222370,0
ENSG00000222371,0
ENSG00000222374,0
ENSG00000222375,0
ENSG00000222376,0
ENSG00000222378,0
ENSG00000222383,1
ENSG00000222385,0
ENSG00000222386,0
ENSG00000222389,0
ENSG00000222391,0
ENSG00000222394,0
ENSG00000222395,0
ENSG00000222397,0
ENSG00000222398,2
ENSG00000222399,0
ENSG00000222404,0
ENSG00000222405,0
ENSG00000222407,0
ENSG00000222408,0
ENSG00000222409,0
ENSG00000222412,0
ENSG00000222413,0
ENSG00000222414,0
ENSG00000222416,0
ENSG00000222418,0
ENSG00000222419,0
ENSG00000222421,3
ENSG00000222426,0
ENSG00000222427,0
ENSG00000222428,0
ENSG00000222429,0
ENSG00000222430,0
ENSG00000222431,0
ENSG00000222432,0
ENSG00000222436,0
ENSG00000222437,0
ENSG00000222438,0
ENSG00000222439,0
ENSG00000222440,0
ENSG00000222445,0
ENSG00000222448,11
ENSG00000222449,0
ENSG00000222451,0
ENSG00000222452,0
ENSG00000222455,0
ENSG00000222457,0
ENSG00000222459,0
ENSG00000222460,9
ENSG00000222463,0
ENSG00000222465,0
ENSG00000222467,0
ENSG00000222468,0
ENSG00000222472,0
ENSG00000222477,0
ENSG00000222481,0
ENSG00000222482,0
ENSG00000222486,0
ENSG00000222488,0
ENSG00000222489,1
ENSG00000222490,0
ENSG00000222494,0
ENSG00000222496,0
ENSG00000222499,0
ENSG00000222500,0
ENSG00000222501,3
ENSG00000222503,0
ENSG00000222506,0
ENSG00000222509,0
ENSG00000222511,1
ENSG00000222512,0
ENSG00000222514,0
ENSG00000222515,0
ENSG00000222518,0
ENSG00000222520,0
ENSG00000222521,0
ENSG00000222522,0
ENSG00000222524,0
ENSG00000222526,0
ENSG00000222529,0
ENSG00000222532,0
ENSG00000222533,0
ENSG00000222536,0
ENSG00000222543,0
ENSG00000222544,0
ENSG00000222545,0
ENSG00000222546,0
ENSG00000222548,0
ENSG00000222552,0
ENSG00000222558,0
ENSG00000222560,0
ENSG00000222561,0
ENSG00000222570,0
ENSG00000222574,0
ENSG00000222578,0
ENSG00000222579,0
ENSG00000222581,0
ENSG00000222582,0
ENSG00000222583,0
ENSG00000222585,0
ENSG00000222586,0
ENSG00000222588,0
ENSG00000222589,0
ENSG00000222592,0
ENSG00000222594,0
ENSG00000222598,0
ENSG00000222601,0
ENSG00000222602,0
ENSG00000222604,0
ENSG00000222607,0
ENSG00000222608,0
ENSG00000222609,0
ENSG00000222610,0
ENSG00000222611,0
ENSG00000222612,0
ENSG00000222613,0
ENSG00000222614,0
ENSG00000222615,0
ENSG00000222616,0
ENSG00000222617,0
ENSG00000222623,0
ENSG00000222624,0
ENSG00000222626,0
ENSG00000222627,0
ENSG00000222629,0
ENSG00000222630,0
ENSG00000222631,0
ENSG00000222635,0
ENSG00000222636,0
ENSG00000222640,0
ENSG00000222643,0
ENSG00000222644,0
ENSG00000222647,0
ENSG00000222649,0
ENSG00000222650,1
ENSG00000222651,0
ENSG00000222652,0
ENSG00000222658,0
ENSG00000222659,0
ENSG00000222663,0
ENSG00000222664,0
ENSG00000222666,0
ENSG00000222667,0
ENSG00000222675,0
ENSG00000222677,0
ENSG00000222678,0
ENSG00000222679,0
ENSG00000222682,0
ENSG00000222683,0
ENSG00000222685,0
ENSG00000222686,0
ENSG00000222691,0
ENSG00000222692,0
ENSG00000222693,0
ENSG00000222698,0
ENSG00000222701,0
ENSG00000222704,0
ENSG00000222705,0
ENSG00000222706,0
ENSG00000222713,0
ENSG00000222714,0
ENSG00000222715,0
ENSG00000222719,0
ENSG00000222720,0
ENSG00000222721,0
ENSG00000222722,0
ENSG00000222724,0
ENSG00000222726,4
ENSG00000222727,0
ENSG00000222732,0
ENSG00000222733,0
ENSG00000222736,0
ENSG00000222740,0
ENSG00000222741,0
ENSG00000222743,0
ENSG00000222744,0
ENSG00000222747,0
ENSG00000222749,0
ENSG00000222750,0
ENSG00000222755,0
ENSG00000222760,0
ENSG00000222761,0
ENSG00000222764,0
ENSG00000222765,0
ENSG00000222767,0
ENSG00000222770,0
ENSG00000222774,0
ENSG00000222776,0
ENSG00000222777,1
ENSG00000222778,0
ENSG00000222783,0
ENSG00000222784,0
ENSG00000222787,0
ENSG00000222788,2
ENSG00000222790,0
ENSG00000222791,0
ENSG00000222792,0
ENSG00000222795,0
ENSG00000222796,0
ENSG00000222800,0
ENSG00000222805,0
ENSG00000222806,0
ENSG00000222808,4
ENSG00000222810,0
ENSG00000222821,0
ENSG00000222826,0
ENSG00000222831,0
ENSG00000222832,0
ENSG00000222833,0
ENSG00000222834,0
ENSG00000222835,0
ENSG00000222838,1
ENSG00000222842,0
ENSG00000222844,0
ENSG00000222845,0
ENSG00000222849,1
ENSG00000222852,0
ENSG00000222854,0
ENSG00000222858,1
ENSG00000222859,0
ENSG00000222862,0
ENSG00000222864,0
ENSG00000222869,0
ENSG00000222870,0
ENSG00000222872,1
ENSG00000222874,0
ENSG00000222880,1
ENSG00000222881,0
ENSG00000222883,0
ENSG00000222884,0
ENSG00000222889,0
ENSG00000222890,0
ENSG00000222894,7
ENSG00000222895,0
ENSG00000222898,0
ENSG00000222899,0
ENSG00000222909,0
ENSG00000222915,0
ENSG00000222920,0
ENSG00000222921,0
ENSG00000222922,0
ENSG00000222923,0
ENSG00000222924,0
ENSG00000222931,0
ENSG00000222932,0
ENSG00000222934,0
ENSG00000222937,14
ENSG00000222939,0
ENSG00000222940,0
ENSG00000222941,0
ENSG00000222942,0
ENSG00000222945,0
ENSG00000222950,0
ENSG00000222952,0
ENSG00000222954,0
ENSG00000222955,0
ENSG00000222958,0
ENSG00000222960,0
ENSG00000222961,0
ENSG00000222966,0
ENSG00000222969,0
ENSG00000222971,0
ENSG00000222972,0
ENSG00000222973,0
ENSG00000222974,0
ENSG00000222976,0
ENSG00000222979,0
ENSG00000222982,0
ENSG00000222983,0
ENSG00000222985,0
ENSG00000222986,0
ENSG00000222987,0
ENSG00000222990,0
ENSG00000222994,0
ENSG00000222997,0
ENSG00000222998,0
ENSG00000222999,0
ENSG00000223001,0
ENSG00000223003,0
ENSG00000223004,0
ENSG00000223006,0
ENSG00000223007,0
ENSG00000223009,0
ENSG00000223012,0
ENSG00000223013,0
ENSG00000223015,0
ENSG00000223018,0
ENSG00000223019,0
ENSG00000223023,1
ENSG00000223024,0
ENSG00000223026,0
ENSG00000223027,0
ENSG00000223029,0
ENSG00000223030,0
ENSG00000223036,0
ENSG00000223037,0
ENSG00000223039,0
ENSG00000223040,0
ENSG00000223042,0
ENSG00000223044,2
ENSG00000223046,0
ENSG00000223047,0
ENSG00000223052,0
ENSG00000223053,0
ENSG00000223056,0
ENSG00000223059,0
ENSG00000223060,2
ENSG00000223062,0
ENSG00000223063,0
ENSG00000223064,0
ENSG00000223070,0
ENSG00000223075,0
ENSG00000223076,0
ENSG00000223078,0
ENSG00000223080,1
ENSG00000223082,0
ENSG00000223086,0
ENSG00000223087,0
ENSG00000223088,0
ENSG00000223091,0
ENSG00000223092,0
ENSG00000223096,0
ENSG00000223099,0
ENSG00000223101,0
ENSG00000223107,0
ENSG00000223109,0
ENSG00000223111,0
ENSG00000223113,0
ENSG00000223116,0
ENSG00000223117,0
ENSG00000223118,0
ENSG00000223119,0
ENSG00000223120,0
ENSG00000223123,0
ENSG00000223125,0
ENSG00000223126,0
ENSG00000223128,0
ENSG00000223131,0
ENSG00000223134,0
ENSG00000223136,0
ENSG00000223138,0
ENSG00000223142,0
ENSG00000223145,0
ENSG00000223149,0
ENSG00000223152,0
ENSG00000223156,0
ENSG00000223158,0
ENSG00000223162,0
ENSG00000223164,0
ENSG00000223168,0
ENSG00000223169,1
ENSG00000223174,0
ENSG00000223175,0
ENSG00000223177,0
ENSG00000223179,1
ENSG00000223180,0
ENSG00000223181,0
ENSG00000223188,2
ENSG00000223189,0
ENSG00000223190,0
ENSG00000223191,0
ENSG00000223197,0
ENSG00000223198,1
ENSG00000223200,0
ENSG00000223201,0
ENSG00000223202,0
ENSG00000223203,0
ENSG00000223208,0
ENSG00000223212,0
ENSG00000223214,0
ENSG00000223215,0
ENSG00000223217,0
ENSG00000223220,0
ENSG00000223223,0
ENSG00000223224,0
ENSG00000223225,0
ENSG00000223229,0
ENSG00000223238,0
ENSG00000223243,0
ENSG00000223244,0
ENSG00000223245,0
ENSG00000223247,0
ENSG00000223249,3
ENSG00000223253,0
ENSG00000223254,3
ENSG00000223256,0
ENSG00000223258,2
ENSG00000223259,0
ENSG00000223260,0
ENSG00000223262,0
ENSG00000223263,1
ENSG00000223265,0
ENSG00000223269,0
ENSG00000223271,0
ENSG00000223273,0
ENSG00000223274,1
ENSG00000223275,0
ENSG00000223280,0
ENSG00000223281,0
ENSG00000223282,0
ENSG00000223284,0
ENSG00000223286,0
ENSG00000223287,0
ENSG00000223290,0
ENSG00000223291,0
ENSG00000223293,0
ENSG00000223294,0
ENSG00000223297,0
ENSG00000223298,1
ENSG00000223299,0
ENSG00000223300,2
ENSG00000223302,0
ENSG00000223305,1
ENSG00000223306,1
ENSG00000223307,0
ENSG00000223308,0
ENSG00000223309,12
ENSG00000223313,32
ENSG00000223315,0
ENSG00000223316,0
ENSG00000223318,4
ENSG00000223321,0
ENSG00000223322,0
ENSG00000223324,0
ENSG00000223327,0
ENSG00000223330,0
ENSG00000223335,0
ENSG00000223336,0
ENSG00000223341,0
ENSG00000223342,0
ENSG00000223343,27
ENSG00000223344,0
ENSG00000223345,2
ENSG00000223349,1
ENSG00000223350,2
ENSG00000223351,0
ENSG00000223353,0
ENSG00000223356,1
ENSG00000223358,0
ENSG00000223360,0
ENSG00000223361,2
ENSG00000223362,0
ENSG00000223368,0
ENSG00000223373,0
ENSG00000223374,16
ENSG00000223375,0
ENSG00000223377,0
ENSG00000223379,0
ENSG00000223381,0
ENSG00000223382,15
ENSG00000223383,0
ENSG00000223387,0
ENSG00000223389,0
ENSG00000223390,1
ENSG00000223391,0
ENSG00000223392,0
ENSG00000223393,11
ENSG00000223394,0
ENSG00000223395,0
ENSG00000223396,275
ENSG00000223398,0
ENSG00000223400,0
ENSG00000223401,7
ENSG00000223402,1
ENSG00000223403,1
ENSG00000223404,0
ENSG00000223406,0
ENSG00000223407,0
ENSG00000223409,0
ENSG00000223410,0
ENSG00000223414,0
ENSG00000223416,8
ENSG00000223417,0
ENSG00000223418,0
ENSG00000223419,0
ENSG00000223421,0
ENSG00000223422,0
ENSG00000223427,0
ENSG00000223428,0
ENSG00000223429,0
ENSG00000223430,0
ENSG00000223431,0
ENSG00000223432,0
ENSG00000223433,0
ENSG00000223436,0
ENSG00000223437,0
ENSG00000223438,0
ENSG00000223440,0
ENSG00000223442,6
ENSG00000223443,0
ENSG00000223445,0
ENSG00000223446,0
ENSG00000223450,0
ENSG00000223452,1
ENSG00000223455,0
ENSG00000223457,0
ENSG00000223458,0
ENSG00000223459,75
ENSG00000223460,1
ENSG00000223461,4
ENSG00000223462,0
ENSG00000223466,0
ENSG00000223467,0
ENSG00000223469,0
ENSG00000223470,0
ENSG00000223473,47
ENSG00000223475,3
ENSG00000223476,13
ENSG00000223478,187
ENSG00000223479,0
ENSG00000223482,315
ENSG00000223484,0
ENSG00000223485,17
ENSG00000223486,4
ENSG00000223487,0
ENSG00000223488,0
ENSG00000223489,0
ENSG00000223490,0
ENSG00000223492,0
ENSG00000223495,0
ENSG00000223496,1983
ENSG00000223497,0
ENSG00000223498,0
ENSG00000223500,0
ENSG00000223501,6423
ENSG00000223502,8
ENSG00000223503,5
ENSG00000223504,0
ENSG00000223505,1
ENSG00000223506,0
ENSG00000223508,56
ENSG00000223509,116
ENSG00000223510,0
ENSG00000223511,4
ENSG00000223513,0
ENSG00000223514,0
ENSG00000223516,0
ENSG00000223517,0
ENSG00000223518,0
ENSG00000223519,29
ENSG00000223522,7
ENSG00000223523,0
ENSG00000223525,0
ENSG00000223528,3
ENSG00000223529,14
ENSG00000223530,0
ENSG00000223534,6
ENSG00000223535,0
ENSG00000223536,0
ENSG00000223537,0
ENSG00000223538,0
ENSG00000223539,0
ENSG00000223540,0
ENSG00000223542,0
ENSG00000223543,0
ENSG00000223544,0
ENSG00000223546,79
ENSG00000223547,1689
ENSG00000223548,0
ENSG00000223549,1
ENSG00000223550,0
ENSG00000223551,4
ENSG00000223552,78
ENSG00000223553,14
ENSG00000223554,0
ENSG00000223555,0
ENSG00000223558,33
ENSG00000223559,0
ENSG00000223561,0
ENSG00000223562,0
ENSG00000223563,0
ENSG00000223564,175
ENSG00000223565,0
ENSG00000223566,0
ENSG00000223568,0
ENSG00000223569,0
ENSG00000223570,0
ENSG00000223571,7
ENSG00000223572,947
ENSG00000223573,160
ENSG00000223574,0
ENSG00000223575,0
ENSG00000223576,3
ENSG00000223581,0
ENSG00000223583,1
ENSG00000223584,0
ENSG00000223586,0
ENSG00000223587,0
ENSG00000223589,0
ENSG00000223591,0
ENSG00000223592,0
ENSG00000223593,0
ENSG00000223595,0
ENSG00000223597,0
ENSG00000223598,1
ENSG00000223599,2
ENSG00000223600,0
ENSG00000223601,3
ENSG00000223602,0
ENSG00000223603,0
ENSG00000223604,0
ENSG00000223605,0
ENSG00000223608,0
ENSG00000223609,114
ENSG00000223611,7
ENSG00000223612,81
ENSG00000223614,0
ENSG00000223615,0
ENSG00000223617,0
ENSG00000223619,0
ENSG00000223620,0
ENSG00000223621,5
ENSG00000223622,0
ENSG00000223623,0
ENSG00000223624,0
ENSG00000223625,0
ENSG00000223626,0
ENSG00000223628,0
ENSG00000223629,0
ENSG00000223631,0
ENSG00000223633,0
ENSG00000223634,0
ENSG00000223635,2
ENSG00000223636,0
ENSG00000223637,0
ENSG00000223638,0
ENSG00000223640,1
ENSG00000223641,0
ENSG00000223642,4
ENSG00000223643,0
ENSG00000223646,0
ENSG00000223647,0
ENSG00000223648,0
ENSG00000223649,0
ENSG00000223650,0
ENSG00000223651,0
ENSG00000223652,3
ENSG00000223653,2
ENSG00000223655,0
ENSG00000223656,1
ENSG00000223657,1
ENSG00000223658,22
ENSG00000223659,0
ENSG00000223660,0
ENSG00000223662,1
ENSG00000223663,1
ENSG00000223665,0
ENSG00000223668,3
ENSG00000223669,0
ENSG00000223671,0
ENSG00000223672,0
ENSG00000223675,0
ENSG00000223676,0
ENSG00000223677,0
ENSG00000223678,0
ENSG00000223679,0
ENSG00000223683,0
ENSG00000223684,0
ENSG00000223685,6
ENSG00000223688,0
ENSG00000223691,0
ENSG00000223692,0
ENSG00000223694,0
ENSG00000223695,5
ENSG00000223697,7
ENSG00000223698,0
ENSG00000223700,1
ENSG00000223701,9
ENSG00000223702,0
ENSG00000223703,1
ENSG00000223704,7
ENSG00000223705,590
ENSG00000223707,0
ENSG00000223709,0
ENSG00000223710,0
ENSG00000223711,5
ENSG00000223714,31
ENSG00000223715,1
ENSG00000223716,0
ENSG00000223717,1
ENSG00000223718,4
ENSG00000223719,0
ENSG00000223720,1
ENSG00000223721,0
ENSG00000223722,3
ENSG00000223723,1
ENSG00000223724,0
ENSG00000223725,1
ENSG00000223726,0
ENSG00000223727,1
ENSG00000223728,0
ENSG00000223729,0
ENSG00000223730,7
ENSG00000223731,0
ENSG00000223732,2
ENSG00000223733,0
ENSG00000223734,1
ENSG00000223735,0
ENSG00000223738,0
ENSG00000223739,0
ENSG00000223740,0
ENSG00000223741,0
ENSG00000223742,0
ENSG00000223744,0
ENSG00000223745,971
ENSG00000223746,0
ENSG00000223749,88
ENSG00000223750,0
ENSG00000223751,1
ENSG00000223753,0
ENSG00000223754,0
ENSG00000223756,26
ENSG00000223760,0
ENSG00000223761,0
ENSG00000223764,5
ENSG00000223765,0
ENSG00000223768,88
ENSG00000223770,0
ENSG00000223772,0
ENSG00000223773,159
ENSG00000223774,0
ENSG00000223776,142
ENSG00000223777,3
ENSG00000223779,2
ENSG00000223782,0
ENSG00000223783,414
ENSG00000223784,1
ENSG00000223786,64
ENSG00000223787,1
ENSG00000223788,0
ENSG00000223791,1
ENSG00000223794,0
ENSG00000223795,0
ENSG00000223797,346
ENSG00000223799,32
ENSG00000223800,0
ENSG00000223802,4
ENSG00000223803,24
ENSG00000223804,86
ENSG00000223806,0
ENSG00000223807,1
ENSG00000223808,282
ENSG00000223809,0
ENSG00000223810,0
ENSG00000223811,0
ENSG00000223812,0
ENSG00000223813,174
ENSG00000223814,0
ENSG00000223815,0
ENSG00000223816,1
ENSG00000223817,0
ENSG00000223819,2
ENSG00000223820,8
ENSG00000223821,3
ENSG00000223822,1
ENSG00000223823,9
ENSG00000223824,0
ENSG00000223825,21
ENSG00000223826,0
ENSG00000223828,0
ENSG00000223829,0
ENSG00000223831,0
ENSG00000223834,2
ENSG00000223836,0
ENSG00000223837,11
ENSG00000223838,0
ENSG00000223839,5
ENSG00000223841,0
ENSG00000223842,3
ENSG00000223843,7
ENSG00000223845,0
ENSG00000223847,0
ENSG00000223849,3
ENSG00000223850,0
ENSG00000223855,15
ENSG00000223856,0
ENSG00000223859,0
ENSG00000223861,2
ENSG00000223863,2
ENSG00000223864,0
ENSG00000223865,11176
ENSG00000223866,0
ENSG00000223867,0
ENSG00000223869,0
ENSG00000223870,0
ENSG00000223872,6
ENSG00000223873,0
ENSG00000223874,0
ENSG00000223875,1
ENSG00000223876,0
ENSG00000223877,0
ENSG00000223878,3
ENSG00000223880,0
ENSG00000223881,0
ENSG00000223882,0
ENSG00000223883,0
ENSG00000223884,0
ENSG00000223885,0
ENSG00000223886,4
ENSG00000223889,0
ENSG00000223890,0
ENSG00000223891,659
ENSG00000223893,0
ENSG00000223896,0
ENSG00000223897,0
ENSG00000223899,0
ENSG00000223901,10
ENSG00000223903,0
ENSG00000223904,0
ENSG00000223905,0
ENSG00000223906,0
ENSG00000223907,0
ENSG00000223908,0
ENSG00000223910,1
ENSG00000223911,0
ENSG00000223912,0
ENSG00000223914,0
ENSG00000223915,0
ENSG00000223916,0
ENSG00000223917,0
ENSG00000223918,0
ENSG00000223920,0
ENSG00000223921,0
ENSG00000223922,3
ENSG00000223923,9
ENSG00000223928,1
ENSG00000223929,0
ENSG00000223930,0
ENSG00000223931,0
ENSG00000223935,14
ENSG00000223940,0
ENSG00000223941,0
ENSG00000223942,0
ENSG00000223944,8
ENSG00000223945,12
ENSG00000223946,0
ENSG00000223947,8
ENSG00000223948,0
ENSG00000223949,0
ENSG00000223951,0
ENSG00000223953,0
ENSG00000223955,0
ENSG00000223956,1
ENSG00000223958,0
ENSG00000223959,672
ENSG00000223960,274
ENSG00000223962,0
ENSG00000223963,1
ENSG00000223965,0
ENSG00000223966,0
ENSG00000223967,0
ENSG00000223968,0
ENSG00000223969,4
ENSG00000223970,0
ENSG00000223972,0
ENSG00000223973,1
ENSG00000223974,0
ENSG00000223975,0
ENSG00000223976,0
ENSG00000223977,0
ENSG00000223978,0
ENSG00000223979,48
ENSG00000223982,0
ENSG00000223984,0
ENSG00000223985,0
ENSG00000223986,0
ENSG00000223987,0
ENSG00000223989,0
ENSG00000223991,0
ENSG00000223993,0
ENSG00000223995,0
ENSG00000223997,0
ENSG00000223999,0
ENSG00000224000,0
ENSG00000224001,0
ENSG00000224003,3
ENSG00000224004,2
ENSG00000224007,0
ENSG00000224008,0
ENSG00000224011,0
ENSG00000224012,0
ENSG00000224014,10
ENSG00000224015,0
ENSG00000224016,7
ENSG00000224017,0
ENSG00000224018,0
ENSG00000224019,1
ENSG00000224020,7
ENSG00000224023,54
ENSG00000224025,0
ENSG00000224027,0
ENSG00000224028,0
ENSG00000224029,0
ENSG00000224031,0
ENSG00000224032,849
ENSG00000224033,0
ENSG00000224034,1
ENSG00000224035,0
ENSG00000224038,0
ENSG00000224039,0
ENSG00000224040,4
ENSG00000224041,0
ENSG00000224042,0
ENSG00000224043,15
ENSG00000224045,0
ENSG00000224046,37
ENSG00000224048,0
ENSG00000224049,0
ENSG00000224050,16
ENSG00000224051,1601
ENSG00000224054,0
ENSG00000224055,0
ENSG00000224057,0
ENSG00000224058,1
ENSG00000224059,0
ENSG00000224060,0
ENSG00000224061,0
ENSG00000224062,0
ENSG00000224063,0
ENSG00000224064,3
ENSG00000224065,0
ENSG00000224066,8
ENSG00000224067,6
ENSG00000224069,0
ENSG00000224070,0
ENSG00000224071,0
ENSG00000224072,6
ENSG00000224074,0
ENSG00000224075,0
ENSG00000224076,0
ENSG00000224077,0
ENSG00000224078,2071
ENSG00000224079,0
ENSG00000224080,4
ENSG00000224081,44
ENSG00000224082,0
ENSG00000224083,1
ENSG00000224085,0
ENSG00000224086,63
ENSG00000224087,0
ENSG00000224089,0
ENSG00000224090,100
ENSG00000224091,0
ENSG00000224092,0
ENSG00000224093,5
ENSG00000224094,3
ENSG00000224095,0
ENSG00000224097,8
ENSG00000224099,1
ENSG00000224100,3
ENSG00000224101,0
ENSG00000224104,0
ENSG00000224106,5
ENSG00000224107,0
ENSG00000224109,0
ENSG00000224110,0
ENSG00000224114,21
ENSG00000224116,4
ENSG00000224117,0
ENSG00000224121,1
ENSG00000224122,0
ENSG00000224124,0
ENSG00000224126,1
ENSG00000224127,0
ENSG00000224128,0
ENSG00000224129,0
ENSG00000224132,3
ENSG00000224134,0
ENSG00000224136,0
ENSG00000224137,6
ENSG00000224138,29
ENSG00000224141,1
ENSG00000224142,1
ENSG00000224144,0
ENSG00000224149,0
ENSG00000224151,0
ENSG00000224152,135
ENSG00000224153,21
ENSG00000224155,0
ENSG00000224157,2
ENSG00000224159,0
ENSG00000224160,0
ENSG00000224161,0
ENSG00000224162,0
ENSG00000224163,0
ENSG00000224164,2
ENSG00000224165,379
ENSG00000224166,0
ENSG00000224167,13
ENSG00000224169,0
ENSG00000224172,2
ENSG00000224173,0
ENSG00000224174,0
ENSG00000224177,1
ENSG00000224183,0
ENSG00000224184,1
ENSG00000224185,1
ENSG00000224186,34
ENSG00000224187,0
ENSG00000224188,0
ENSG00000224189,480
ENSG00000224190,1
ENSG00000224192,0
ENSG00000224194,0
ENSG00000224195,1
ENSG00000224196,0
ENSG00000224198,0
ENSG00000224203,0
ENSG00000224204,0
ENSG00000224205,0
ENSG00000224207,1
ENSG00000224208,8
ENSG00000224209,7
ENSG00000224210,0
ENSG00000224215,0
ENSG00000224216,18
ENSG00000224217,0
ENSG00000224218,2
ENSG00000224219,0
ENSG00000224220,0
ENSG00000224221,0
ENSG00000224222,3
ENSG00000224223,0
ENSG00000224224,1
ENSG00000224227,0
ENSG00000224228,0
ENSG00000224231,0
ENSG00000224232,0
ENSG00000224233,0
ENSG00000224235,0
ENSG00000224236,2
ENSG00000224237,72
ENSG00000224238,6
ENSG00000224239,0
ENSG00000224240,0
ENSG00000224243,0
ENSG00000224244,1
ENSG00000224245,0
ENSG00000224247,0
ENSG00000224250,0
ENSG00000224251,1
ENSG00000224252,0
ENSG00000224254,0
ENSG00000224255,0
ENSG00000224256,0
ENSG00000224257,0
ENSG00000224259,0
ENSG00000224260,0
ENSG00000224261,2
ENSG00000224263,0
ENSG00000224265,0
ENSG00000224267,0
ENSG00000224269,0
ENSG00000224271,0
ENSG00000224272,41
ENSG00000224273,0
ENSG00000224274,0
ENSG00000224276,8
ENSG00000224277,0
ENSG00000224278,0
ENSG00000224279,0
ENSG00000224280,1
ENSG00000224281,80
ENSG00000224282,1
ENSG00000224286,0
ENSG00000224287,4
ENSG00000224288,0
ENSG00000224289,0
ENSG00000224291,0
ENSG00000224292,5
ENSG00000224294,0
ENSG00000224295,7
ENSG00000224296,0
ENSG00000224297,0
ENSG00000224299,0
ENSG00000224300,0
ENSG00000224301,0
ENSG00000224302,1
ENSG00000224307,33
ENSG00000224308,0
ENSG00000224309,0
ENSG00000224310,1
ENSG00000224311,0
ENSG00000224312,0
ENSG00000224314,0
ENSG00000224315,1
ENSG00000224316,8
ENSG00000224318,0
ENSG00000224321,5
ENSG00000224322,0
ENSG00000224323,0
ENSG00000224324,1
ENSG00000224326,0
ENSG00000224328,0
ENSG00000224329,0
ENSG00000224330,0
ENSG00000224331,1
ENSG00000224333,0
ENSG00000224334,4
ENSG00000224335,0
ENSG00000224336,0
ENSG00000224337,0
ENSG00000224338,0
ENSG00000224339,0
ENSG00000224340,0
ENSG00000224341,1
ENSG00000224342,0
ENSG00000224344,0
ENSG00000224346,0
ENSG00000224347,0
ENSG00000224348,0
ENSG00000224349,0
ENSG00000224351,0
ENSG00000224352,0
ENSG00000224353,0
ENSG00000224354,1
ENSG00000224356,35
ENSG00000224357,0
ENSG00000224358,13
ENSG00000224359,0
ENSG00000224361,0
ENSG00000224363,0
ENSG00000224365,0
ENSG00000224366,0
ENSG00000224367,21
ENSG00000224368,0
ENSG00000224370,0
ENSG00000224371,0
ENSG00000224372,0
ENSG00000224373,1
ENSG00000224374,0
ENSG00000224375,0
ENSG00000224376,110
ENSG00000224382,0
ENSG00000224383,425
ENSG00000224384,0
ENSG00000224387,4
ENSG00000224388,0
ENSG00000224389,3510
ENSG00000224391,0
ENSG00000224394,0
ENSG00000224396,0
ENSG00000224397,200
ENSG00000224400,0
ENSG00000224401,4
ENSG00000224402,0
ENSG00000224403,0
ENSG00000224404,0
ENSG00000224405,0
ENSG00000224406,0
ENSG00000224407,0
ENSG00000224408,0
ENSG00000224409,1
ENSG00000224410,0
ENSG00000224411,23
ENSG00000224412,0
ENSG00000224413,0
ENSG00000224414,0
ENSG00000224415,4
ENSG00000224416,0
ENSG00000224417,0
ENSG00000224418,29
ENSG00000224419,0
ENSG00000224420,5
ENSG00000224421,0
ENSG00000224424,185
ENSG00000224425,0
ENSG00000224426,0
ENSG00000224427,1
ENSG00000224429,24
ENSG00000224430,6
ENSG00000224431,7
ENSG00000224435,0
ENSG00000224436,0
ENSG00000224437,1
ENSG00000224438,0
ENSG00000224439,0
ENSG00000224440,0
ENSG00000224441,18
ENSG00000224442,0
ENSG00000224443,0
ENSG00000224445,0
ENSG00000224447,0
ENSG00000224448,0
ENSG00000224451,0
ENSG00000224452,15
ENSG00000224458,0
ENSG00000224459,15
ENSG00000224460,1
ENSG00000224462,0
ENSG00000224463,1
ENSG00000224464,0
ENSG00000224465,0
ENSG00000224466,0
ENSG00000224467,0
ENSG00000224468,4
ENSG00000224469,0
ENSG00000224470,1773
ENSG00000224471,0
ENSG00000224473,2
ENSG00000224475,0
ENSG00000224476,0
ENSG00000224477,0
ENSG00000224478,0
ENSG00000224479,6
ENSG00000224481,2
ENSG00000224482,0
ENSG00000224484,0
ENSG00000224485,0
ENSG00000224486,0
ENSG00000224488,2
ENSG00000224490,1
ENSG00000224493,0
ENSG00000224494,0
ENSG00000224497,0
ENSG00000224498,0
ENSG00000224500,0
ENSG00000224504,0
ENSG00000224505,9
ENSG00000224506,0
ENSG00000224509,4
ENSG00000224510,0
ENSG00000224511,0
ENSG00000224513,81
ENSG00000224514,0
ENSG00000224515,0
ENSG00000224516,0
ENSG00000224517,0
ENSG00000224518,0
ENSG00000224519,0
ENSG00000224520,21
ENSG00000224521,0
ENSG00000224523,0
ENSG00000224524,0
ENSG00000224525,1
ENSG00000224529,0
ENSG00000224530,0
ENSG00000224531,432
ENSG00000224532,0
ENSG00000224533,0
ENSG00000224535,0
ENSG00000224536,87
ENSG00000224537,0
ENSG00000224539,0
ENSG00000224540,0
ENSG00000224541,2
ENSG00000224543,9
ENSG00000224545,0
ENSG00000224546,29
ENSG00000224547,0
ENSG00000224548,0
ENSG00000224549,0
ENSG00000224550,7
ENSG00000224551,0
ENSG00000224553,0
ENSG00000224555,0
ENSG00000224556,0
ENSG00000224557,60
ENSG00000224559,0
ENSG00000224560,0
ENSG00000224563,0
ENSG00000224565,4
ENSG00000224566,1
ENSG00000224567,0
ENSG00000224568,0
ENSG00000224569,0
ENSG00000224570,0
ENSG00000224571,0
ENSG00000224573,0
ENSG00000224574,1
ENSG00000224577,303
ENSG00000224578,58
ENSG00000224579,0
ENSG00000224582,0
ENSG00000224583,5
ENSG00000224584,0
ENSG00000224585,0
ENSG00000224586,0
ENSG00000224589,0
ENSG00000224590,0
ENSG00000224592,3
ENSG00000224593,0
ENSG00000224594,12
ENSG00000224595,0
ENSG00000224596,116
ENSG00000224597,588
ENSG00000224598,1
ENSG00000224599,0
ENSG00000224600,2
ENSG00000224602,0
ENSG00000224603,0
ENSG00000224604,0
ENSG00000224605,0
ENSG00000224606,0
ENSG00000224607,0
ENSG00000224609,0
ENSG00000224610,0
ENSG00000224611,0
ENSG00000224612,0
ENSG00000224613,0
ENSG00000224614,35
ENSG00000224616,33
ENSG00000224617,0
ENSG00000224618,0
ENSG00000224620,0
ENSG00000224621,0
ENSG00000224622,0
ENSG00000224625,0
ENSG00000224626,0
ENSG00000224627,0
ENSG00000224628,2
ENSG00000224629,4
ENSG00000224630,0
ENSG00000224631,113
ENSG00000224632,0
ENSG00000224634,0
ENSG00000224635,82
ENSG00000224637,0
ENSG00000224638,0
ENSG00000224640,0
ENSG00000224643,0
ENSG00000224644,0
ENSG00000224645,0
ENSG00000224646,23
ENSG00000224647,2
ENSG00000224648,0
ENSG00000224649,0
ENSG00000224650,2
ENSG00000224652,199
ENSG00000224653,0
ENSG00000224655,4
ENSG00000224656,0
ENSG00000224657,0
ENSG00000224658,0
ENSG00000224659,0
ENSG00000224660,252
ENSG00000224661,0
ENSG00000224662,0
ENSG00000224664,0
ENSG00000224666,5
ENSG00000224667,0
ENSG00000224668,0
ENSG00000224669,0
ENSG00000224670,0
ENSG00000224671,0
ENSG00000224672,0
ENSG00000224674,0
ENSG00000224675,1
ENSG00000224677,6
ENSG00000224678,0
ENSG00000224679,0
ENSG00000224680,8
ENSG00000224681,0
ENSG00000224682,1
ENSG00000224683,0
ENSG00000224685,0
ENSG00000224686,0
ENSG00000224687,33
ENSG00000224688,0
ENSG00000224689,8
ENSG00000224690,3
ENSG00000224691,0
ENSG00000224692,0
ENSG00000224695,0
ENSG00000224697,0
ENSG00000224698,0
ENSG00000224699,61
ENSG00000224700,0
ENSG00000224701,0
ENSG00000224702,0
ENSG00000224706,0
ENSG00000224707,0
ENSG00000224709,0
ENSG00000224710,0
ENSG00000224711,0
ENSG00000224712,9
ENSG00000224713,27
ENSG00000224714,0
ENSG00000224715,0
ENSG00000224717,0
ENSG00000224718,0
ENSG00000224719,0
ENSG00000224721,0
ENSG00000224722,2
ENSG00000224723,0
ENSG00000224725,1
ENSG00000224727,1
ENSG00000224728,8
ENSG00000224729,13
ENSG00000224730,0
ENSG00000224731,0
ENSG00000224732,0
ENSG00000224733,0
ENSG00000224735,0
ENSG00000224738,24
ENSG00000224739,0
ENSG00000224743,0
ENSG00000224745,2
ENSG00000224746,17
ENSG00000224747,3
ENSG00000224750,0
ENSG00000224751,0
ENSG00000224752,0
ENSG00000224755,0
ENSG00000224758,0
ENSG00000224760,0
ENSG00000224761,0
ENSG00000224762,0
ENSG00000224763,0
ENSG00000224764,0
ENSG00000224765,0
ENSG00000224769,11
ENSG00000224771,0
ENSG00000224773,4
ENSG00000224775,3
ENSG00000224776,0
ENSG00000224777,1
ENSG00000224778,0
ENSG00000224781,1
ENSG00000224783,0
ENSG00000224784,0
ENSG00000224785,0
ENSG00000224786,0
ENSG00000224788,0
ENSG00000224789,0
ENSG00000224790,3
ENSG00000224791,3
ENSG00000224792,0
ENSG00000224794,0
ENSG00000224795,0
ENSG00000224796,0
ENSG00000224797,0
ENSG00000224799,5
ENSG00000224800,2
ENSG00000224802,0
ENSG00000224805,4
ENSG00000224806,0
ENSG00000224807,0
ENSG00000224808,0
ENSG00000224809,1
ENSG00000224810,1
ENSG00000224812,4
ENSG00000224813,0
ENSG00000224814,0
ENSG00000224815,0
ENSG00000224816,0
ENSG00000224817,0
ENSG00000224818,0
ENSG00000224819,0
ENSG00000224820,2
ENSG00000224821,2
ENSG00000224822,0
ENSG00000224825,0
ENSG00000224826,0
ENSG00000224827,0
ENSG00000224829,1
ENSG00000224830,0
ENSG00000224831,7
ENSG00000224832,0
ENSG00000224834,3
ENSG00000224836,0
ENSG00000224837,13
ENSG00000224839,1
ENSG00000224842,454
ENSG00000224843,30
ENSG00000224844,0
ENSG00000224846,2
ENSG00000224848,135
ENSG00000224849,0
ENSG00000224850,0
ENSG00000224851,0
ENSG00000224852,0
ENSG00000224853,0
ENSG00000224854,11
ENSG00000224855,0
ENSG00000224856,1
ENSG00000224857,0
ENSG00000224858,8
ENSG00000224860,1
ENSG00000224861,11
ENSG00000224863,1
ENSG00000224864,0
ENSG00000224865,0
ENSG00000224866,0
ENSG00000224869,0
ENSG00000224870,1333
ENSG00000224871,0
ENSG00000224873,0
ENSG00000224875,0
ENSG00000224876,0
ENSG00000224877,1130
ENSG00000224879,0
ENSG00000224880,0
ENSG00000224881,0
ENSG00000224883,1
ENSG00000224884,0
ENSG00000224885,6
ENSG00000224886,0
ENSG00000224887,0
ENSG00000224888,16
ENSG00000224891,0
ENSG00000224892,21
ENSG00000224893,0
ENSG00000224895,0
ENSG00000224896,0
ENSG00000224897,32
ENSG00000224899,0
ENSG00000224901,0
ENSG00000224902,0
ENSG00000224903,21
ENSG00000224904,0
ENSG00000224905,12
ENSG00000224906,2
ENSG00000224907,0
ENSG00000224908,2
ENSG00000224910,0
ENSG00000224911,0
ENSG00000224914,109
ENSG00000224916,8
ENSG00000224917,0
ENSG00000224918,0
ENSG00000224919,0
ENSG00000224920,0
ENSG00000224922,0
ENSG00000224924,0
ENSG00000224927,0
ENSG00000224928,1
ENSG00000224931,0
ENSG00000224932,0
ENSG00000224933,0
ENSG00000224934,21
ENSG00000224935,0
ENSG00000224936,2
ENSG00000224939,0
ENSG00000224940,9
ENSG00000224942,0
ENSG00000224943,0
ENSG00000224944,0
ENSG00000224945,24
ENSG00000224946,0
ENSG00000224947,0
ENSG00000224948,0
ENSG00000224949,0
ENSG00000224950,3
ENSG00000224953,0
ENSG00000224955,0
ENSG00000224956,1
ENSG00000224957,0
ENSG00000224958,1
ENSG00000224959,7
ENSG00000224960,0
ENSG00000224961,1
ENSG00000224962,0
ENSG00000224963,1
ENSG00000224964,0
ENSG00000224965,9
ENSG00000224966,0
ENSG00000224967,1
ENSG00000224968,1
ENSG00000224969,15
ENSG00000224970,0
ENSG00000224971,0
ENSG00000224972,0
ENSG00000224973,0
ENSG00000224975,56
ENSG00000224976,0
ENSG00000224977,1
ENSG00000224978,0
ENSG00000224980,0
ENSG00000224981,0
ENSG00000224982,163
ENSG00000224984,1
ENSG00000224985,0
ENSG00000224986,0
ENSG00000224987,0
ENSG00000224988,3
ENSG00000224989,0
ENSG00000224992,14
ENSG00000224993,3
ENSG00000224995,0
ENSG00000224999,0
ENSG00000225000,0
ENSG00000225002,0
ENSG00000225003,0
ENSG00000225005,0
ENSG00000225006,0
ENSG00000225007,16
ENSG00000225008,0
ENSG00000225011,0
ENSG00000225012,0
ENSG00000225014,0
ENSG00000225016,0
ENSG00000225017,1
ENSG00000225018,1
ENSG00000225022,5
ENSG00000225024,1
ENSG00000225025,0
ENSG00000225026,0
ENSG00000225027,0
ENSG00000225028,1
ENSG00000225030,0
ENSG00000225031,166
ENSG00000225032,151
ENSG00000225036,0
ENSG00000225037,2
ENSG00000225039,1
ENSG00000225043,2
ENSG00000225044,0
ENSG00000225045,0
ENSG00000225046,0
ENSG00000225050,0
ENSG00000225051,53
ENSG00000225053,0
ENSG00000225055,0
ENSG00000225056,0
ENSG00000225057,7
ENSG00000225058,0
ENSG00000225062,9
ENSG00000225063,0
ENSG00000225064,0
ENSG00000225066,0
ENSG00000225067,22
ENSG00000225069,0
ENSG00000225071,11
ENSG00000225072,0
ENSG00000225075,6
ENSG00000225076,0
ENSG00000225077,4
ENSG00000225078,0
ENSG00000225079,2
ENSG00000225080,1
ENSG00000225082,2
ENSG00000225083,4
ENSG00000225084,0
ENSG00000225085,0
ENSG00000225087,0
ENSG00000225091,3
ENSG00000225092,1
ENSG00000225093,64
ENSG00000225094,2
ENSG00000225096,3
ENSG00000225098,0
ENSG00000225099,1
ENSG00000225100,1
ENSG00000225101,11
ENSG00000225102,0
ENSG00000225105,0
ENSG00000225106,0
ENSG00000225107,1
ENSG00000225108,1
ENSG00000225110,0
ENSG00000225111,0
ENSG00000225112,0
ENSG00000225113,0
ENSG00000225116,1
ENSG00000225117,0
ENSG00000225118,0
ENSG00000225121,0
ENSG00000225122,0
ENSG00000225123,0
ENSG00000225124,0
ENSG00000225125,39
ENSG00000225126,0
ENSG00000225127,0
ENSG00000225128,0
ENSG00000225129,0
ENSG00000225131,41
ENSG00000225133,1
ENSG00000225136,0
ENSG00000225137,12
ENSG00000225138,624
ENSG00000225140,4
ENSG00000225142,0
ENSG00000225144,0
ENSG00000225146,2
ENSG00000225147,0
ENSG00000225148,0
ENSG00000225151,26
ENSG00000225152,0
ENSG00000225154,0
ENSG00000225155,0
ENSG00000225156,0
ENSG00000225158,0
ENSG00000225159,5
ENSG00000225163,2
ENSG00000225165,0
ENSG00000225166,0
ENSG00000225167,0
ENSG00000225169,6
ENSG00000225170,2
ENSG00000225171,16
ENSG00000225172,0
ENSG00000225173,4
ENSG00000225174,0
ENSG00000225175,0
ENSG00000225176,0
ENSG00000225177,29
ENSG00000225178,0
ENSG00000225179,0
ENSG00000225180,2
ENSG00000225181,0
ENSG00000225182,0
ENSG00000225183,0
ENSG00000225185,0
ENSG00000225187,0
ENSG00000225189,0
ENSG00000225190,1211
ENSG00000225191,0
ENSG00000225192,5
ENSG00000225193,8
ENSG00000225194,1
ENSG00000225195,3
ENSG00000225196,0
ENSG00000225198,0
ENSG00000225200,86
ENSG00000225203,0
ENSG00000225205,40
ENSG00000225206,0
ENSG00000225208,6
ENSG00000225209,0
ENSG00000225210,28
ENSG00000225212,0
ENSG00000225213,0
ENSG00000225214,0
ENSG00000225215,0
ENSG00000225216,0
ENSG00000225217,321
ENSG00000225218,4
ENSG00000225221,0
ENSG00000225222,0
ENSG00000225224,3
ENSG00000225225,0
ENSG00000225226,0
ENSG00000225230,0
ENSG00000225231,0
ENSG00000225233,0
ENSG00000225234,26
ENSG00000225235,3
ENSG00000225236,0
ENSG00000225238,0
ENSG00000225239,1
ENSG00000225240,0
ENSG00000225242,0
ENSG00000225243,0
ENSG00000225244,0
ENSG00000225246,1
ENSG00000225249,0
ENSG00000225251,0
ENSG00000225253,0
ENSG00000225254,20
ENSG00000225255,0
ENSG00000225256,0
ENSG00000225258,0
ENSG00000225259,6
ENSG00000225261,1
ENSG00000225263,0
ENSG00000225264,15
ENSG00000225265,173
ENSG00000225267,0
ENSG00000225269,0
ENSG00000225270,0
ENSG00000225271,0
ENSG00000225272,0
ENSG00000225275,0
ENSG00000225276,0
ENSG00000225279,0
ENSG00000225280,0
ENSG00000225282,1
ENSG00000225284,0
ENSG00000225285,147
ENSG00000225286,0
ENSG00000225287,0
ENSG00000225289,0
ENSG00000225292,0
ENSG00000225293,0
ENSG00000225294,6
ENSG00000225295,0
ENSG00000225297,0
ENSG00000225298,0
ENSG00000225299,0
ENSG00000225300,0
ENSG00000225302,210
ENSG00000225303,0
ENSG00000225304,0
ENSG00000225308,0
ENSG00000225310,0
ENSG00000225311,0
ENSG00000225313,45
ENSG00000225314,0
ENSG00000225315,3
ENSG00000225316,0
ENSG00000225321,0
ENSG00000225323,0
ENSG00000225325,0
ENSG00000225326,0
ENSG00000225327,0
ENSG00000225328,0
ENSG00000225329,8
ENSG00000225330,0
ENSG00000225331,4
ENSG00000225333,1
ENSG00000225334,0
ENSG00000225335,43
ENSG00000225336,0
ENSG00000225337,0
ENSG00000225338,6
ENSG00000225339,60
ENSG00000225341,0
ENSG00000225342,56
ENSG00000225343,0
ENSG00000225344,0
ENSG00000225345,248
ENSG00000225347,0
ENSG00000225349,0
ENSG00000225350,0
ENSG00000225352,0
ENSG00000225354,0
ENSG00000225355,0
ENSG00000225356,0
ENSG00000225357,2
ENSG00000225358,2
ENSG00000225359,0
ENSG00000225360,0
ENSG00000225361,151
ENSG00000225362,322
ENSG00000225364,0
ENSG00000225365,3
ENSG00000225366,0
ENSG00000225369,0
ENSG00000225370,9
ENSG00000225371,1
ENSG00000225376,0
ENSG00000225377,155
ENSG00000225378,0
ENSG00000225380,0
ENSG00000225381,0
ENSG00000225383,39
ENSG00000225384,0
ENSG00000225385,13
ENSG00000225386,0
ENSG00000225387,0
ENSG00000225391,0
ENSG00000225392,0
ENSG00000225393,2
ENSG00000225394,0
ENSG00000225396,0
ENSG00000225397,0
ENSG00000225398,2
ENSG00000225399,4
ENSG00000225400,23
ENSG00000225401,0
ENSG00000225402,2
ENSG00000225404,0
ENSG00000225405,1
ENSG00000225406,0
ENSG00000225407,0
ENSG00000225408,9
ENSG00000225411,2
ENSG00000225413,0
ENSG00000225415,2
ENSG00000225416,0
ENSG00000225417,0
ENSG00000225418,0
ENSG00000225419,1
ENSG00000225420,0
ENSG00000225421,0
ENSG00000225422,6
ENSG00000225423,0
ENSG00000225424,0
ENSG00000225427,0
ENSG00000225428,0
ENSG00000225431,0
ENSG00000225433,0
ENSG00000225434,11
ENSG00000225437,0
ENSG00000225438,17
ENSG00000225439,249
ENSG00000225442,0
ENSG00000225443,0
ENSG00000225444,0
ENSG00000225446,0
ENSG00000225447,2
ENSG00000225448,0
ENSG00000225449,11
ENSG00000225450,8
ENSG00000225451,0
ENSG00000225455,2
ENSG00000225457,0
ENSG00000225458,0
ENSG00000225460,0
ENSG00000225462,0
ENSG00000225463,0
ENSG00000225465,7
ENSG00000225466,0
ENSG00000225469,0
ENSG00000225470,1474
ENSG00000225471,37
ENSG00000225472,0
ENSG00000225473,0
ENSG00000225475,1
ENSG00000225476,0
ENSG00000225477,0
ENSG00000225478,0
ENSG00000225479,0
ENSG00000225480,0
ENSG00000225482,0
ENSG00000225483,0
ENSG00000225484,276
ENSG00000225486,0
ENSG00000225487,0
ENSG00000225488,0
ENSG00000225489,361
ENSG00000225490,1
ENSG00000225491,0
ENSG00000225492,17
ENSG00000225493,9
ENSG00000225496,0
ENSG00000225497,0
ENSG00000225498,5
ENSG00000225499,0
ENSG00000225501,0
ENSG00000225502,1
ENSG00000225505,2
ENSG00000225506,2
ENSG00000225507,127
ENSG00000225508,0
ENSG00000225509,0
ENSG00000225510,0
ENSG00000225511,6
ENSG00000225513,1
ENSG00000225514,0
ENSG00000225516,0
ENSG00000225518,145
ENSG00000225519,0
ENSG00000225520,0
ENSG00000225521,22
ENSG00000225522,0
ENSG00000225523,0
ENSG00000225526,93
ENSG00000225527,10
ENSG00000225528,5
ENSG00000225530,0
ENSG00000225531,0
ENSG00000225532,0
ENSG00000225533,0
ENSG00000225535,0
ENSG00000225536,1
ENSG00000225537,0
ENSG00000225538,0
ENSG00000225539,0
ENSG00000225541,0
ENSG00000225542,0
ENSG00000225544,2
ENSG00000225545,0
ENSG00000225546,0
ENSG00000225548,0
ENSG00000225549,0
ENSG00000225551,0
ENSG00000225552,0
ENSG00000225554,1
ENSG00000225555,7
ENSG00000225556,140
ENSG00000225557,0
ENSG00000225558,5
ENSG00000225559,0
ENSG00000225560,0
ENSG00000225561,0
ENSG00000225563,0
ENSG00000225564,0
ENSG00000225568,0
ENSG00000225569,0
ENSG00000225570,0
ENSG00000225572,0
ENSG00000225573,21
ENSG00000225574,0
ENSG00000225578,7
ENSG00000225579,2
ENSG00000225580,5
ENSG00000225581,0
ENSG00000225582,0
ENSG00000225583,0
ENSG00000225585,0
ENSG00000225588,0
ENSG00000225591,6
ENSG00000225594,0
ENSG00000225595,0
ENSG00000225598,0
ENSG00000225602,2
ENSG00000225603,0
ENSG00000225605,0
ENSG00000225606,0
ENSG00000225609,0
ENSG00000225610,0
ENSG00000225611,2
ENSG00000225612,0
ENSG00000225613,0
ENSG00000225614,439
ENSG00000225615,0
ENSG00000225616,1
ENSG00000225619,0
ENSG00000225620,0
ENSG00000225622,1
ENSG00000225623,0
ENSG00000225624,0
ENSG00000225625,0
ENSG00000225626,0
ENSG00000225630,5731
ENSG00000225632,0
ENSG00000225636,0
ENSG00000225637,0
ENSG00000225638,0
ENSG00000225639,0
ENSG00000225640,0
ENSG00000225642,0
ENSG00000225643,17
ENSG00000225644,0
ENSG00000225647,1
ENSG00000225648,708
ENSG00000225649,4
ENSG00000225650,0
ENSG00000225652,15
ENSG00000225653,0
ENSG00000225655,0
ENSG00000225656,0
ENSG00000225657,0
ENSG00000225658,0
ENSG00000225660,0
ENSG00000225661,0
ENSG00000225662,1
ENSG00000225663,3768
ENSG00000225664,0
ENSG00000225665,0
ENSG00000225667,133
ENSG00000225669,0
ENSG00000225670,1
ENSG00000225671,0
ENSG00000225672,0
ENSG00000225673,0
ENSG00000225674,1
ENSG00000225675,0
ENSG00000225676,0
ENSG00000225678,0
ENSG00000225680,2
ENSG00000225681,0
ENSG00000225683,0
ENSG00000225684,15
ENSG00000225685,0
ENSG00000225689,1
ENSG00000225690,0
ENSG00000225693,14
ENSG00000225695,4
ENSG00000225697,973
ENSG00000225698,0
ENSG00000225701,0
ENSG00000225703,0
ENSG00000225704,4
ENSG00000225705,0
ENSG00000225706,2
ENSG00000225708,0
ENSG00000225710,0
ENSG00000225711,0
ENSG00000225712,0
ENSG00000225713,0
ENSG00000225715,0
ENSG00000225716,0
ENSG00000225718,0
ENSG00000225719,0
ENSG00000225720,0
ENSG00000225721,15
ENSG00000225722,0
ENSG00000225723,0
ENSG00000225724,0
ENSG00000225725,13
ENSG00000225726,1
ENSG00000225727,0
ENSG00000225728,0
ENSG00000225730,0
ENSG00000225731,4
ENSG00000225733,5331
ENSG00000225735,0
ENSG00000225738,0
ENSG00000225739,0
ENSG00000225740,0
ENSG00000225741,0
ENSG00000225742,86
ENSG00000225744,3
ENSG00000225745,0
ENSG00000225746,0
ENSG00000225750,0
ENSG00000225751,0
ENSG00000225752,1
ENSG00000225755,1
ENSG00000225756,252
ENSG00000225758,0
ENSG00000225759,0
ENSG00000225760,0
ENSG00000225761,1
ENSG00000225762,6
ENSG00000225764,2
ENSG00000225765,0
ENSG00000225766,30
ENSG00000225767,0
ENSG00000225768,0
ENSG00000225769,2
ENSG00000225770,1
ENSG00000225774,5
ENSG00000225775,0
ENSG00000225777,0
ENSG00000225778,7
ENSG00000225779,0
ENSG00000225781,0
ENSG00000225783,34
ENSG00000225785,0
ENSG00000225787,0
ENSG00000225790,0
ENSG00000225791,897
ENSG00000225792,17
ENSG00000225793,32
ENSG00000225794,0
ENSG00000225795,0
ENSG00000225796,1
ENSG00000225797,0
ENSG00000225798,1
ENSG00000225801,0
ENSG00000225802,0
ENSG00000225803,0
ENSG00000225805,1
ENSG00000225806,20
ENSG00000225807,0
ENSG00000225808,11
ENSG00000225809,0
ENSG00000225811,0
ENSG00000225813,0
ENSG00000225814,0
ENSG00000225815,0
ENSG00000225816,0
ENSG00000225818,0
ENSG00000225819,0
ENSG00000225822,0
ENSG00000225823,0
ENSG00000225825,0
ENSG00000225826,0
ENSG00000225827,0
ENSG00000225828,70
ENSG00000225830,458
ENSG00000225831,0
ENSG00000225832,0
ENSG00000225833,0
ENSG00000225836,1
ENSG00000225839,1
ENSG00000225840,2
ENSG00000225842,0
ENSG00000225843,0
ENSG00000225846,0
ENSG00000225849,5
ENSG00000225850,1
ENSG00000225851,2
ENSG00000225854,0
ENSG00000225855,134
ENSG00000225856,0
ENSG00000225857,0
ENSG00000225858,0
ENSG00000225860,1
ENSG00000225864,4
ENSG00000225867,0
ENSG00000225868,56
ENSG00000225869,1
ENSG00000225870,0
ENSG00000225871,13
ENSG00000225872,2
ENSG00000225873,1
ENSG00000225876,0
ENSG00000225877,2
ENSG00000225878,0
ENSG00000225879,0
ENSG00000225880,15
ENSG00000225881,0
ENSG00000225882,0
ENSG00000225883,0
ENSG00000225884,0
ENSG00000225885,0
ENSG00000225886,12
ENSG00000225889,29
ENSG00000225891,7
ENSG00000225892,162
ENSG00000225893,1
ENSG00000225895,0
ENSG00000225896,0
ENSG00000225898,0
ENSG00000225899,0
ENSG00000225900,0
ENSG00000225901,0
ENSG00000225903,0
ENSG00000225904,0
ENSG00000225905,58
ENSG00000225906,0
ENSG00000225907,0
ENSG00000225911,0
ENSG00000225912,1
ENSG00000225913,0
ENSG00000225914,1
ENSG00000225916,0
ENSG00000225918,0
ENSG00000225919,0
ENSG00000225920,4
ENSG00000225921,2895
ENSG00000225922,0
ENSG00000225923,0
ENSG00000225924,0
ENSG00000225925,0
ENSG00000225928,0
ENSG00000225929,3
ENSG00000225930,0
ENSG00000225931,11
ENSG00000225932,4
ENSG00000225933,0
ENSG00000225934,1
ENSG00000225935,0
ENSG00000225936,0
ENSG00000225937,0
ENSG00000225938,3
ENSG00000225940,0
ENSG00000225942,0
ENSG00000225943,0
ENSG00000225944,0
ENSG00000225945,5
ENSG00000225947,0
ENSG00000225948,0
ENSG00000225949,0
ENSG00000225950,59
ENSG00000225951,4
ENSG00000225952,0
ENSG00000225953,0
ENSG00000225956,4
ENSG00000225957,0
ENSG00000225959,0
ENSG00000225960,0
ENSG00000225962,0
ENSG00000225963,30
ENSG00000225964,8
ENSG00000225965,0
ENSG00000225968,243
ENSG00000225969,13
ENSG00000225970,0
ENSG00000225971,1
ENSG00000225972,15
ENSG00000225973,346
ENSG00000225974,0
ENSG00000225975,51
ENSG00000225976,1
ENSG00000225978,424
ENSG00000225979,0
ENSG00000225980,0
ENSG00000225981,2
ENSG00000225982,0
ENSG00000225984,0
ENSG00000225986,131
ENSG00000225988,2
ENSG00000225990,0
ENSG00000225991,0
ENSG00000225992,0
ENSG00000225997,0
ENSG00000225999,0
ENSG00000226002,5
ENSG00000226003,1
ENSG00000226004,1
ENSG00000226005,0
ENSG00000226007,0
ENSG00000226008,0
ENSG00000226009,8
ENSG00000226010,1
ENSG00000226011,0
ENSG00000226012,1
ENSG00000226013,0
ENSG00000226014,0
ENSG00000226015,46
ENSG00000226016,0
ENSG00000226017,0
ENSG00000226020,0
ENSG00000226022,0
ENSG00000226023,0
ENSG00000226024,0
ENSG00000226025,34
ENSG00000226026,6
ENSG00000226028,0
ENSG00000226029,38
ENSG00000226030,0
ENSG00000226031,0
ENSG00000226032,3
ENSG00000226034,0
ENSG00000226036,0
ENSG00000226037,0
ENSG00000226038,13
ENSG00000226040,7
ENSG00000226041,0
ENSG00000226042,0
ENSG00000226043,0
ENSG00000226045,2
ENSG00000226046,0
ENSG00000226047,0
ENSG00000226048,1
ENSG00000226049,8
ENSG00000226051,7
ENSG00000226053,0
ENSG00000226054,14
ENSG00000226055,27
ENSG00000226056,0
ENSG00000226057,0
ENSG00000226058,0
ENSG00000226059,0
ENSG00000226061,0
ENSG00000226063,0
ENSG00000226064,0
ENSG00000226065,0
ENSG00000226066,0
ENSG00000226067,39
ENSG00000226068,0
ENSG00000226070,1
ENSG00000226072,0
ENSG00000226074,2
ENSG00000226075,0
ENSG00000226078,0
ENSG00000226079,0
ENSG00000226080,1
ENSG00000226081,0
ENSG00000226082,0
ENSG00000226083,0
ENSG00000226084,885
ENSG00000226085,6
ENSG00000226086,2
ENSG00000226087,2
ENSG00000226088,0
ENSG00000226089,0
ENSG00000226091,53
ENSG00000226092,0
ENSG00000226093,0
ENSG00000226094,0
ENSG00000226096,0
ENSG00000226097,0
ENSG00000226098,0
ENSG00000226101,1
ENSG00000226102,0
ENSG00000226107,13
ENSG00000226108,0
ENSG00000226110,1
ENSG00000226112,0
ENSG00000226113,0
ENSG00000226114,0
ENSG00000226115,0
ENSG00000226116,0
ENSG00000226117,0
ENSG00000226118,0
ENSG00000226119,0
ENSG00000226121,21
ENSG00000226122,0
ENSG00000226124,422
ENSG00000226125,7
ENSG00000226126,0
ENSG00000226128,0
ENSG00000226130,0
ENSG00000226131,2
ENSG00000226132,0
ENSG00000226133,0
ENSG00000226134,0
ENSG00000226137,2360
ENSG00000226138,0
ENSG00000226140,0
ENSG00000226141,0
ENSG00000226142,0
ENSG00000226143,0
ENSG00000226144,0
ENSG00000226145,0
ENSG00000226147,5
ENSG00000226148,0
ENSG00000226149,3
ENSG00000226153,0
ENSG00000226155,11
ENSG00000226156,0
ENSG00000226157,0
ENSG00000226158,3
ENSG00000226159,0
ENSG00000226160,0
ENSG00000226161,0
ENSG00000226163,0
ENSG00000226164,0
ENSG00000226166,0
ENSG00000226167,11
ENSG00000226168,0
ENSG00000226169,0
ENSG00000226172,9
ENSG00000226174,16
ENSG00000226179,25
ENSG00000226180,42
ENSG00000226181,0
ENSG00000226183,0
ENSG00000226185,1
ENSG00000226186,8
ENSG00000226188,0
ENSG00000226191,0
ENSG00000226193,0
ENSG00000226194,20
ENSG00000226196,0
ENSG00000226197,6
ENSG00000226199,0
ENSG00000226200,178
ENSG00000226202,0
ENSG00000226203,0
ENSG00000226204,0
ENSG00000226205,1
ENSG00000226206,0
ENSG00000226207,2
ENSG00000226208,0
ENSG00000226209,0
ENSG00000226210,988
ENSG00000226211,0
ENSG00000226212,0
ENSG00000226213,0
ENSG00000226216,0
ENSG00000226217,0
ENSG00000226218,0
ENSG00000226220,5
ENSG00000226221,34
ENSG00000226222,0
ENSG00000226223,0
ENSG00000226226,0
ENSG00000226229,0
ENSG00000226230,0
ENSG00000226232,27
ENSG00000226233,0
ENSG00000226234,0
ENSG00000226235,4
ENSG00000226237,156
ENSG00000226238,0
ENSG00000226239,4
ENSG00000226240,0
ENSG00000226241,0
ENSG00000226242,1
ENSG00000226243,1
ENSG00000226245,10
ENSG00000226246,0
ENSG00000226247,0
ENSG00000226249,0
ENSG00000226250,0
ENSG00000226251,0
ENSG00000226252,15
ENSG00000226253,3
ENSG00000226254,0
ENSG00000226255,0
ENSG00000226258,0
ENSG00000226259,3
ENSG00000226261,1
ENSG00000226262,0
ENSG00000226263,4
ENSG00000226266,18
ENSG00000226268,12
ENSG00000226270,0
ENSG00000226272,0
ENSG00000226273,0
ENSG00000226276,2
ENSG00000226277,0
ENSG00000226278,391
ENSG00000226279,1
ENSG00000226280,1
ENSG00000226281,0
ENSG00000226284,1
ENSG00000226285,0
ENSG00000226286,1
ENSG00000226287,75
ENSG00000226288,0
ENSG00000226289,0
ENSG00000226291,1
ENSG00000226292,0
ENSG00000226296,0
ENSG00000226297,0
ENSG00000226298,0
ENSG00000226299,0
ENSG00000226301,0
ENSG00000226302,0
ENSG00000226304,0
ENSG00000226306,0
ENSG00000226307,0
ENSG00000226308,0
ENSG00000226309,0
ENSG00000226310,13
ENSG00000226312,2
ENSG00000226313,0
ENSG00000226314,146
ENSG00000226317,0
ENSG00000226318,7
ENSG00000226320,0
ENSG00000226321,0
ENSG00000226323,0
ENSG00000226324,1
ENSG00000226327,1
ENSG00000226328,245
ENSG00000226329,3
ENSG00000226330,2
ENSG00000226331,0
ENSG00000226332,80
ENSG00000226334,5
ENSG00000226336,0
ENSG00000226337,0
ENSG00000226338,0
ENSG00000226339,0
ENSG00000226340,0
ENSG00000226341,0
ENSG00000226342,5
ENSG00000226344,0
ENSG00000226345,1
ENSG00000226348,0
ENSG00000226349,0
ENSG00000226352,6
ENSG00000226353,0
ENSG00000226355,3
ENSG00000226356,0
ENSG00000226358,0
ENSG00000226359,0
ENSG00000226360,85
ENSG00000226361,0
ENSG00000226362,0
ENSG00000226363,65
ENSG00000226364,0
ENSG00000226366,0
ENSG00000226367,1
ENSG00000226369,0
ENSG00000226370,0
ENSG00000226372,0
ENSG00000226374,0
ENSG00000226375,0
ENSG00000226376,0
ENSG00000226377,7
ENSG00000226380,172
ENSG00000226383,56
ENSG00000226386,10
ENSG00000226387,0
ENSG00000226388,0
ENSG00000226389,0
ENSG00000226390,0
ENSG00000226392,0
ENSG00000226393,2
ENSG00000226394,0
ENSG00000226395,1
ENSG00000226396,17
ENSG00000226397,0
ENSG00000226398,21
ENSG00000226400,0
ENSG00000226401,0
ENSG00000226403,1
ENSG00000226405,0
ENSG00000226406,0
ENSG00000226407,0
ENSG00000226409,1
ENSG00000226410,0
ENSG00000226411,0
ENSG00000226412,0
ENSG00000226413,5
ENSG00000226414,0
ENSG00000226415,17
ENSG00000226416,13
ENSG00000226419,54
ENSG00000226420,0
ENSG00000226421,0
ENSG00000226423,0
ENSG00000226425,0
ENSG00000226426,0
ENSG00000226427,0
ENSG00000226428,0
ENSG00000226429,0
ENSG00000226430,0
ENSG00000226431,5
ENSG00000226432,0
ENSG00000226433,0
ENSG00000226434,0
ENSG00000226435,7
ENSG00000226436,0
ENSG00000226438,0
ENSG00000226439,0
ENSG00000226440,10
ENSG00000226441,0
ENSG00000226442,0
ENSG00000226443,4
ENSG00000226444,0
ENSG00000226445,16
ENSG00000226446,0
ENSG00000226447,0
ENSG00000226448,0
ENSG00000226449,0
ENSG00000226450,3
ENSG00000226453,11
ENSG00000226454,0
ENSG00000226455,0
ENSG00000226457,1
ENSG00000226461,0
ENSG00000226465,75
ENSG00000226466,0
ENSG00000226468,0
ENSG00000226469,30
ENSG00000226470,0
ENSG00000226471,39
ENSG00000226472,7
ENSG00000226473,0
ENSG00000226474,0
ENSG00000226476,1
ENSG00000226477,0
ENSG00000226478,34
ENSG00000226479,855
ENSG00000226480,0
ENSG00000226481,0
ENSG00000226482,0
ENSG00000226483,0
ENSG00000226484,0
ENSG00000226485,0
ENSG00000226486,0
ENSG00000226487,0
ENSG00000226488,0
ENSG00000226489,0
ENSG00000226490,0
ENSG00000226491,18
ENSG00000226493,2
ENSG00000226496,6
ENSG00000226497,0
ENSG00000226498,1
ENSG00000226499,2
ENSG00000226500,0
ENSG00000226501,0
ENSG00000226502,0
ENSG00000226504,0
ENSG00000226506,0
ENSG00000226507,0
ENSG00000226508,0
ENSG00000226509,0
ENSG00000226510,0
ENSG00000226515,0
ENSG00000226516,0
ENSG00000226519,1
ENSG00000226520,0
ENSG00000226521,1
ENSG00000226522,0
ENSG00000226523,0
ENSG00000226525,9
ENSG00000226526,1
ENSG00000226527,0
ENSG00000226529,0
ENSG00000226530,0
ENSG00000226532,2
ENSG00000226533,0
ENSG00000226534,0
ENSG00000226535,0
ENSG00000226536,0
ENSG00000226537,0
ENSG00000226539,1
ENSG00000226540,1
ENSG00000226541,0
ENSG00000226542,0
ENSG00000226543,1
ENSG00000226544,0
ENSG00000226545,0
ENSG00000226547,0
ENSG00000226548,1
ENSG00000226549,0
ENSG00000226552,0
ENSG00000226553,0
ENSG00000226554,0
ENSG00000226555,0
ENSG00000226556,0
ENSG00000226557,0
ENSG00000226558,0
ENSG00000226562,82
ENSG00000226564,26
ENSG00000226565,0
ENSG00000226566,0
ENSG00000226567,0
ENSG00000226570,0
ENSG00000226571,2
ENSG00000226572,0
ENSG00000226573,0
ENSG00000226576,0
ENSG00000226577,5
ENSG00000226578,32
ENSG00000226579,0
ENSG00000226580,2
ENSG00000226581,4
ENSG00000226582,0
ENSG00000226587,0
ENSG00000226590,0
ENSG00000226592,0
ENSG00000226594,0
ENSG00000226595,0
ENSG00000226597,0
ENSG00000226598,0
ENSG00000226599,0
ENSG00000226600,0
ENSG00000226601,2
ENSG00000226604,5
ENSG00000226605,0
ENSG00000226608,40
ENSG00000226609,7
ENSG00000226611,0
ENSG00000226616,0
ENSG00000226617,2
ENSG00000226619,0
ENSG00000226620,0
ENSG00000226621,0
ENSG00000226622,0
ENSG00000226624,0
ENSG00000226625,0
ENSG00000226626,0
ENSG00000226627,2
ENSG00000226629,1
ENSG00000226631,1
ENSG00000226632,0
ENSG00000226633,0
ENSG00000226636,2
ENSG00000226640,1
ENSG00000226641,1
ENSG00000226642,0
ENSG00000226643,0
ENSG00000226644,50
ENSG00000226645,0
ENSG00000226646,0
ENSG00000226647,1
ENSG00000226648,18
ENSG00000226649,0
ENSG00000226650,0
ENSG00000226652,0
ENSG00000226653,0
ENSG00000226655,0
ENSG00000226658,0
ENSG00000226659,5
ENSG00000226660,1
ENSG00000226661,0
ENSG00000226662,0
ENSG00000226663,0
ENSG00000226664,0
ENSG00000226665,0
ENSG00000226666,4
ENSG00000226668,0
ENSG00000226669,1
ENSG00000226670,0
ENSG00000226671,0
ENSG00000226673,7
ENSG00000226674,41
ENSG00000226676,1
ENSG00000226677,1
ENSG00000226679,1
ENSG00000226680,0
ENSG00000226681,0
ENSG00000226683,0
ENSG00000226684,0
ENSG00000226685,0
ENSG00000226686,24
ENSG00000226688,45
ENSG00000226690,1
ENSG00000226693,0
ENSG00000226694,0
ENSG00000226695,0
ENSG00000226696,73
ENSG00000226698,0
ENSG00000226699,1
ENSG00000226700,0
ENSG00000226701,6
ENSG00000226702,0
ENSG00000226703,0
ENSG00000226705,0
ENSG00000226706,17
ENSG00000226707,0
ENSG00000226708,0
ENSG00000226709,4
ENSG00000226711,257
ENSG00000226715,0
ENSG00000226716,0
ENSG00000226717,0
ENSG00000226718,0
ENSG00000226721,0
ENSG00000226722,0
ENSG00000226723,4
ENSG00000226724,0
ENSG00000226725,0
ENSG00000226726,0
ENSG00000226729,0
ENSG00000226733,0
ENSG00000226734,0
ENSG00000226738,3
ENSG00000226739,0
ENSG00000226741,0
ENSG00000226742,1334
ENSG00000226744,1
ENSG00000226745,0
ENSG00000226746,2
ENSG00000226747,3
ENSG00000226750,0
ENSG00000226751,7
ENSG00000226752,2655
ENSG00000226753,1
ENSG00000226754,66
ENSG00000226755,0
ENSG00000226756,5
ENSG00000226757,0
ENSG00000226758,0
ENSG00000226759,0
ENSG00000226761,1
ENSG00000226762,0
ENSG00000226763,79
ENSG00000226764,0
ENSG00000226765,0
ENSG00000226766,0
ENSG00000226767,0
ENSG00000226769,0
ENSG00000226770,21
ENSG00000226771,0
ENSG00000226772,0
ENSG00000226773,0
ENSG00000226774,0
ENSG00000226776,0
ENSG00000226777,1
ENSG00000226779,0
ENSG00000226780,0
ENSG00000226781,57
ENSG00000226782,0
ENSG00000226783,0
ENSG00000226784,0
ENSG00000226785,0
ENSG00000226786,2
ENSG00000226789,1
ENSG00000226790,0
ENSG00000226791,62
ENSG00000226792,0
ENSG00000226794,0
ENSG00000226797,1
ENSG00000226798,0
ENSG00000226800,191
ENSG00000226801,0
ENSG00000226802,0
ENSG00000226803,21
ENSG00000226804,0
ENSG00000226806,5
ENSG00000226807,2
ENSG00000226808,4
ENSG00000226810,0
ENSG00000226812,0
ENSG00000226813,0
ENSG00000226814,0
ENSG00000226816,2
ENSG00000226818,0
ENSG00000226819,1
ENSG00000226820,0
ENSG00000226822,0
ENSG00000226823,43
ENSG00000226824,30
ENSG00000226825,0
ENSG00000226827,0
ENSG00000226828,0
ENSG00000226829,0
ENSG00000226831,0
ENSG00000226833,19
ENSG00000226835,3
ENSG00000226836,0
ENSG00000226837,0
ENSG00000226838,0
ENSG00000226839,0
ENSG00000226840,0
ENSG00000226842,1
ENSG00000226843,0
ENSG00000226845,0
ENSG00000226846,1
ENSG00000226847,0
ENSG00000226849,7
ENSG00000226851,2
ENSG00000226853,19
ENSG00000226854,0
ENSG00000226855,3
ENSG00000226856,26
ENSG00000226857,0
ENSG00000226859,0
ENSG00000226860,0
ENSG00000226861,1
ENSG00000226862,0
ENSG00000226863,0
ENSG00000226864,29
ENSG00000226867,0
ENSG00000226868,0
ENSG00000226869,0
ENSG00000226870,0
ENSG00000226871,1
ENSG00000226872,0
ENSG00000226873,0
ENSG00000226874,10
ENSG00000226875,0
ENSG00000226876,91
ENSG00000226877,1
ENSG00000226878,0
ENSG00000226880,0
ENSG00000226881,1
ENSG00000226883,2
ENSG00000226884,0
ENSG00000226885,0
ENSG00000226886,0
ENSG00000226887,16
ENSG00000226888,0
ENSG00000226889,2
ENSG00000226890,1
ENSG00000226891,28
ENSG00000226899,0
ENSG00000226900,1
ENSG00000226902,0
ENSG00000226903,0
ENSG00000226904,0
ENSG00000226905,0
ENSG00000226906,0
ENSG00000226908,0
ENSG00000226912,3
ENSG00000226913,8
ENSG00000226915,1
ENSG00000226917,0
ENSG00000226918,0
ENSG00000226919,0
ENSG00000226920,0
ENSG00000226921,0
ENSG00000226925,0
ENSG00000226926,0
ENSG00000226927,0
ENSG00000226928,0
ENSG00000226929,0
ENSG00000226930,0
ENSG00000226933,3
ENSG00000226935,1
ENSG00000226937,0
ENSG00000226938,0
ENSG00000226939,0
ENSG00000226941,0
ENSG00000226942,3
ENSG00000226943,1
ENSG00000226944,20
ENSG00000226945,5
ENSG00000226946,0
ENSG00000226947,1
ENSG00000226948,0
ENSG00000226949,0
ENSG00000226950,889
ENSG00000226952,0
ENSG00000226953,7
ENSG00000226954,0
ENSG00000226955,0
ENSG00000226956,0
ENSG00000226957,1
ENSG00000226958,6
ENSG00000226960,0
ENSG00000226961,2
ENSG00000226962,0
ENSG00000226963,0
ENSG00000226964,3
ENSG00000226965,3
ENSG00000226967,0
ENSG00000226968,0
ENSG00000226969,3
ENSG00000226970,2
ENSG00000226971,1
ENSG00000226972,2
ENSG00000226973,0
ENSG00000226975,0
ENSG00000226976,51
ENSG00000226977,1
ENSG00000226978,0
ENSG00000226979,8
ENSG00000226981,6
ENSG00000226982,0
ENSG00000226983,0
ENSG00000226984,1
ENSG00000226985,0
ENSG00000226986,3
ENSG00000226987,0
ENSG00000226989,0
ENSG00000226990,2
ENSG00000226991,0
ENSG00000226992,0
ENSG00000226994,0
ENSG00000226995,0
ENSG00000226996,0
ENSG00000226998,0
ENSG00000226999,2
ENSG00000227000,0
ENSG00000227001,3
ENSG00000227002,0
ENSG00000227004,0
ENSG00000227006,7
ENSG00000227007,0
ENSG00000227008,12
ENSG00000227009,0
ENSG00000227011,0
ENSG00000227012,0
ENSG00000227013,0
ENSG00000227014,7
ENSG00000227015,0
ENSG00000227016,1
ENSG00000227017,2
ENSG00000227018,1
ENSG00000227019,0
ENSG00000227021,0
ENSG00000227023,0
ENSG00000227028,1
ENSG00000227029,1
ENSG00000227032,0
ENSG00000227033,0
ENSG00000227034,1
ENSG00000227035,0
ENSG00000227036,29
ENSG00000227038,118
ENSG00000227039,35
ENSG00000227040,0
ENSG00000227042,0
ENSG00000227043,0
ENSG00000227045,4
ENSG00000227047,0
ENSG00000227048,0
ENSG00000227050,5
ENSG00000227051,175
ENSG00000227053,2
ENSG00000227054,0
ENSG00000227055,0
ENSG00000227056,0
ENSG00000227057,3713
ENSG00000227058,0
ENSG00000227059,0
ENSG00000227060,5
ENSG00000227061,0
ENSG00000227062,0
ENSG00000227063,486
ENSG00000227064,0
ENSG00000227066,2
ENSG00000227067,0
ENSG00000227068,0
ENSG00000227069,0
ENSG00000227070,15
ENSG00000227071,3
ENSG00000227072,0
ENSG00000227073,3
ENSG00000227075,0
ENSG00000227076,6
ENSG00000227077,18
ENSG00000227078,0
ENSG00000227080,0
ENSG00000227081,418
ENSG00000227082,311
ENSG00000227083,0
ENSG00000227087,0
ENSG00000227088,3
ENSG00000227089,0
ENSG00000227090,0
ENSG00000227091,0
ENSG00000227094,0
ENSG00000227096,0
ENSG00000227097,2036
ENSG00000227098,435
ENSG00000227101,0
ENSG00000227102,0
ENSG00000227104,0
ENSG00000227105,2
ENSG00000227107,15
ENSG00000227108,0
ENSG00000227109,0
ENSG00000227110,27
ENSG00000227113,1
ENSG00000227115,0
ENSG00000227116,0
ENSG00000227117,1
ENSG00000227118,0
ENSG00000227120,0
ENSG00000227121,0
ENSG00000227123,1
ENSG00000227124,575
ENSG00000227125,0
ENSG00000227128,0
ENSG00000227131,0
ENSG00000227133,0
ENSG00000227134,0
ENSG00000227135,1
ENSG00000227136,99
ENSG00000227138,0
ENSG00000227139,2
ENSG00000227140,0
ENSG00000227141,11
ENSG00000227143,0
ENSG00000227145,1
ENSG00000227148,0
ENSG00000227149,0
ENSG00000227150,0
ENSG00000227151,0
ENSG00000227152,0
ENSG00000227154,0
ENSG00000227155,4
ENSG00000227157,0
ENSG00000227158,0
ENSG00000227159,0
ENSG00000227160,1
ENSG00000227161,0
ENSG00000227163,0
ENSG00000227165,6
ENSG00000227166,0
ENSG00000227167,0
ENSG00000227169,0
ENSG00000227170,2
ENSG00000227172,1
ENSG00000227173,0
ENSG00000227175,0
ENSG00000227176,0
ENSG00000227177,1
ENSG00000227179,0
ENSG00000227180,0
ENSG00000227181,0
ENSG00000227182,0
ENSG00000227183,0
ENSG00000227186,0
ENSG00000227187,0
ENSG00000227188,4
ENSG00000227189,5
ENSG00000227191,19
ENSG00000227192,10
ENSG00000227193,1
ENSG00000227195,0
ENSG00000227196,0
ENSG00000227197,0
ENSG00000227198,0
ENSG00000227199,45
ENSG00000227200,0
ENSG00000227201,6
ENSG00000227203,7
ENSG00000227204,0
ENSG00000227205,0
ENSG00000227206,0
ENSG00000227207,0
ENSG00000227209,0
ENSG00000227210,12
ENSG00000227211,0
ENSG00000227212,15
ENSG00000227213,0
ENSG00000227214,22
ENSG00000227215,0
ENSG00000227217,0
ENSG00000227218,18
ENSG00000227220,1
ENSG00000227224,0
ENSG00000227225,0
ENSG00000227227,0
ENSG00000227230,0
ENSG00000227232,129
ENSG00000227233,0
ENSG00000227234,1
ENSG00000227236,0
ENSG00000227237,2
ENSG00000227238,0
ENSG00000227240,0
ENSG00000227241,0
ENSG00000227242,0
ENSG00000227243,0
ENSG00000227244,0
ENSG00000227245,2
ENSG00000227247,0
ENSG00000227248,0
ENSG00000227249,0
ENSG00000227251,0
ENSG00000227252,18
ENSG00000227253,5
ENSG00000227254,0
ENSG00000227255,0
ENSG00000227256,5
ENSG00000227257,1
ENSG00000227258,49
ENSG00000227259,1
ENSG00000227260,0
ENSG00000227261,0
ENSG00000227262,6
ENSG00000227264,0
ENSG00000227265,0
ENSG00000227267,0
ENSG00000227268,21
ENSG00000227269,0
ENSG00000227270,0
ENSG00000227271,0
ENSG00000227274,0
ENSG00000227275,0
ENSG00000227278,0
ENSG00000227279,0
ENSG00000227282,0
ENSG00000227283,0
ENSG00000227284,0
ENSG00000227288,10
ENSG00000227289,0
ENSG00000227290,0
ENSG00000227291,0
ENSG00000227292,1
ENSG00000227293,0
ENSG00000227294,0
ENSG00000227295,2
ENSG00000227297,0
ENSG00000227298,0
ENSG00000227300,0
ENSG00000227301,0
ENSG00000227302,0
ENSG00000227303,0
ENSG00000227304,2
ENSG00000227305,0
ENSG00000227306,0
ENSG00000227307,0
ENSG00000227308,4
ENSG00000227309,0
ENSG00000227311,1
ENSG00000227312,0
ENSG00000227313,0
ENSG00000227321,0
ENSG00000227329,23
ENSG00000227330,0
ENSG00000227331,1
ENSG00000227332,0
ENSG00000227335,0
ENSG00000227336,3
ENSG00000227337,4
ENSG00000227338,0
ENSG00000227339,0
ENSG00000227342,0
ENSG00000227343,0
ENSG00000227344,0
ENSG00000227345,576
ENSG00000227347,8
ENSG00000227348,0
ENSG00000227349,0
ENSG00000227350,0
ENSG00000227351,0
ENSG00000227352,0
ENSG00000227353,0
ENSG00000227354,212
ENSG00000227355,0
ENSG00000227356,2
ENSG00000227358,0
ENSG00000227359,14
ENSG00000227360,0
ENSG00000227361,0
ENSG00000227363,1
ENSG00000227364,0
ENSG00000227365,0
ENSG00000227367,0
ENSG00000227368,0
ENSG00000227370,8
ENSG00000227371,0
ENSG00000227372,1259
ENSG00000227373,0
ENSG00000227374,2
ENSG00000227375,13
ENSG00000227376,5
ENSG00000227379,3
ENSG00000227382,1
ENSG00000227383,0
ENSG00000227386,0
ENSG00000227388,50
ENSG00000227391,0
ENSG00000227392,20
ENSG00000227393,0
ENSG00000227394,0
ENSG00000227395,0
ENSG00000227397,0
ENSG00000227398,291
ENSG00000227399,0
ENSG00000227400,0
ENSG00000227401,0
ENSG00000227403,389
ENSG00000227404,0
ENSG00000227406,0
ENSG00000227407,1
ENSG00000227408,0
ENSG00000227409,0
ENSG00000227411,0
ENSG00000227412,1
ENSG00000227413,6
ENSG00000227416,0
ENSG00000227417,0
ENSG00000227418,0
ENSG00000227421,0
ENSG00000227423,0
ENSG00000227425,0
ENSG00000227426,0
ENSG00000227427,0
ENSG00000227430,0
ENSG00000227431,1
ENSG00000227432,2
ENSG00000227433,0
ENSG00000227434,0
ENSG00000227436,0
ENSG00000227437,0
ENSG00000227438,1
ENSG00000227439,0
ENSG00000227440,14
ENSG00000227443,0
ENSG00000227444,0
ENSG00000227445,0
ENSG00000227447,0
ENSG00000227449,3
ENSG00000227453,0
ENSG00000227454,0
ENSG00000227455,0
ENSG00000227456,23
ENSG00000227459,0
ENSG00000227462,1
ENSG00000227463,0
ENSG00000227465,0
ENSG00000227466,0
ENSG00000227467,6
ENSG00000227468,0
ENSG00000227470,2
ENSG00000227471,2
ENSG00000227473,26
ENSG00000227474,0
ENSG00000227475,0
ENSG00000227477,34
ENSG00000227479,0
ENSG00000227480,3
ENSG00000227481,0
ENSG00000227482,27
ENSG00000227484,4
ENSG00000227485,0
ENSG00000227486,33
ENSG00000227487,0
ENSG00000227488,0
ENSG00000227489,0
ENSG00000227491,0
ENSG00000227492,4
ENSG00000227493,0
ENSG00000227494,0
ENSG00000227495,9
ENSG00000227496,13
ENSG00000227497,0
ENSG00000227498,0
ENSG00000227499,1
ENSG00000227500,7404
ENSG00000227502,25
ENSG00000227505,0
ENSG00000227507,111
ENSG00000227508,4
ENSG00000227509,0
ENSG00000227510,0
ENSG00000227511,0
ENSG00000227512,0
ENSG00000227513,0
ENSG00000227514,1
ENSG00000227515,0
ENSG00000227516,0
ENSG00000227517,0
ENSG00000227518,2
ENSG00000227519,0
ENSG00000227521,0
ENSG00000227523,1
ENSG00000227525,2
ENSG00000227527,20
ENSG00000227528,0
ENSG00000227531,0
ENSG00000227532,0
ENSG00000227533,14
ENSG00000227534,4
ENSG00000227535,0
ENSG00000227536,5
ENSG00000227537,0
ENSG00000227538,0
ENSG00000227540,38
ENSG00000227541,0
ENSG00000227542,2
ENSG00000227543,46
ENSG00000227544,23
ENSG00000227545,0
ENSG00000227547,0
ENSG00000227549,0
ENSG00000227550,0
ENSG00000227551,0
ENSG00000227554,0
ENSG00000227555,0
ENSG00000227556,0
ENSG00000227557,0
ENSG00000227560,0
ENSG00000227562,0
ENSG00000227563,0
ENSG00000227564,0
ENSG00000227568,1
ENSG00000227573,0
ENSG00000227574,0
ENSG00000227578,0
ENSG00000227579,16
ENSG00000227581,1
ENSG00000227582,19
ENSG00000227583,0
ENSG00000227584,0
ENSG00000227585,0
ENSG00000227586,1
ENSG00000227588,0
ENSG00000227589,91
ENSG00000227590,0
ENSG00000227591,0
ENSG00000227592,0
ENSG00000227593,0
ENSG00000227597,0
ENSG00000227598,2
ENSG00000227599,0
ENSG00000227602,0
ENSG00000227603,61
ENSG00000227604,0
ENSG00000227606,1
ENSG00000227607,0
ENSG00000227609,0
ENSG00000227610,0
ENSG00000227611,0
ENSG00000227613,0
ENSG00000227615,271
ENSG00000227616,0
ENSG00000227617,11
ENSG00000227619,141
ENSG00000227620,8
ENSG00000227621,0
ENSG00000227623,0
ENSG00000227624,0
ENSG00000227625,0
ENSG00000227627,0
ENSG00000227629,0
ENSG00000227630,12
ENSG00000227632,18
ENSG00000227633,0
ENSG00000227634,8
ENSG00000227635,0
ENSG00000227638,1
ENSG00000227640,1
ENSG00000227644,0
ENSG00000227645,0
ENSG00000227646,3
ENSG00000227649,0
ENSG00000227653,0
ENSG00000227657,0
ENSG00000227658,0
ENSG00000227659,1
ENSG00000227660,0
ENSG00000227661,0
ENSG00000227663,0
ENSG00000227666,7
ENSG00000227667,0
ENSG00000227671,702
ENSG00000227673,0
ENSG00000227674,0
ENSG00000227676,0
ENSG00000227678,6
ENSG00000227679,0
ENSG00000227680,1
ENSG00000227681,0
ENSG00000227682,1
ENSG00000227683,1
ENSG00000227684,0
ENSG00000227685,1
ENSG00000227687,0
ENSG00000227688,0
ENSG00000227689,0
ENSG00000227692,3
ENSG00000227693,0
ENSG00000227694,2
ENSG00000227695,12
ENSG00000227698,0
ENSG00000227700,2
ENSG00000227702,2
ENSG00000227704,0
ENSG00000227705,0
ENSG00000227706,0
ENSG00000227707,0
ENSG00000227708,0
ENSG00000227709,0
ENSG00000227710,0
ENSG00000227711,4
ENSG00000227712,5
ENSG00000227713,1
ENSG00000227714,0
ENSG00000227716,0
ENSG00000227717,0
ENSG00000227718,0
ENSG00000227719,75
ENSG00000227721,0
ENSG00000227722,2
ENSG00000227723,0
ENSG00000227725,1
ENSG00000227726,9
ENSG00000227728,0
ENSG00000227729,0
ENSG00000227730,0
ENSG00000227733,39
ENSG00000227734,0
ENSG00000227735,1
ENSG00000227736,0
ENSG00000227737,0
ENSG00000227738,0
ENSG00000227740,7
ENSG00000227741,19
ENSG00000227742,18
ENSG00000227743,0
ENSG00000227744,0
ENSG00000227745,0
ENSG00000227747,0
ENSG00000227748,0
ENSG00000227751,0
ENSG00000227753,0
ENSG00000227755,5
ENSG00000227757,12
ENSG00000227758,0
ENSG00000227759,0
ENSG00000227760,0
ENSG00000227762,0
ENSG00000227764,0
ENSG00000227765,3
ENSG00000227766,703
ENSG00000227769,1
ENSG00000227770,0
ENSG00000227773,0
ENSG00000227775,104
ENSG00000227776,0
ENSG00000227777,0
ENSG00000227779,0
ENSG00000227782,68
ENSG00000227784,0
ENSG00000227785,0
ENSG00000227788,1
ENSG00000227789,0
ENSG00000227790,0
ENSG00000227791,3
ENSG00000227795,0
ENSG00000227799,15
ENSG00000227800,0
ENSG00000227802,0
ENSG00000227803,3
ENSG00000227805,0
ENSG00000227806,0
ENSG00000227809,0
ENSG00000227811,9
ENSG00000227813,0
ENSG00000227814,0
ENSG00000227815,0
ENSG00000227817,0
ENSG00000227818,0
ENSG00000227824,0
ENSG00000227825,131
ENSG00000227827,9
ENSG00000227830,0
ENSG00000227832,0
ENSG00000227834,0
ENSG00000227835,0
ENSG00000227836,1
ENSG00000227837,0
ENSG00000227838,0
ENSG00000227840,0
ENSG00000227841,0
ENSG00000227842,0
ENSG00000227845,0
ENSG00000227846,0
ENSG00000227847,0
ENSG00000227848,35
ENSG00000227850,0
ENSG00000227851,0
ENSG00000227852,1
ENSG00000227854,1
ENSG00000227855,108
ENSG00000227857,24
ENSG00000227860,0
ENSG00000227862,0
ENSG00000227863,0
ENSG00000227864,0
ENSG00000227867,0
ENSG00000227868,0
ENSG00000227869,0
ENSG00000227871,0
ENSG00000227873,0
ENSG00000227874,0
ENSG00000227875,0
ENSG00000227877,2
ENSG00000227878,0
ENSG00000227879,1
ENSG00000227880,1
ENSG00000227881,0
ENSG00000227882,0
ENSG00000227883,0
ENSG00000227885,7
ENSG00000227887,0
ENSG00000227888,44
ENSG00000227890,0
ENSG00000227892,1
ENSG00000227893,0
ENSG00000227895,0
ENSG00000227896,30
ENSG00000227902,0
ENSG00000227905,0
ENSG00000227906,8
ENSG00000227907,0
ENSG00000227908,2
ENSG00000227910,27
ENSG00000227911,0
ENSG00000227912,0
ENSG00000227913,0
ENSG00000227914,0
ENSG00000227915,0
ENSG00000227917,0
ENSG00000227919,0
ENSG00000227920,2
ENSG00000227922,1
ENSG00000227923,0
ENSG00000227924,0
ENSG00000227925,0
ENSG00000227927,0
ENSG00000227929,0
ENSG00000227930,0
ENSG00000227932,0
ENSG00000227933,3
ENSG00000227934,1
ENSG00000227935,0
ENSG00000227937,0
ENSG00000227938,0
ENSG00000227939,27
ENSG00000227940,0
ENSG00000227941,0
ENSG00000227942,1
ENSG00000227945,0
ENSG00000227946,73
ENSG00000227947,3
ENSG00000227948,0
ENSG00000227949,0
ENSG00000227950,0
ENSG00000227952,0
ENSG00000227953,43
ENSG00000227954,1
ENSG00000227958,0
ENSG00000227959,1
ENSG00000227960,0
ENSG00000227962,1
ENSG00000227963,17
ENSG00000227964,2
ENSG00000227965,0
ENSG00000227968,0
ENSG00000227969,0
ENSG00000227970,0
ENSG00000227971,0
ENSG00000227972,3
ENSG00000227973,5
ENSG00000227979,0
ENSG00000227981,0
ENSG00000227982,0
ENSG00000227983,0
ENSG00000227986,152
ENSG00000227987,0
ENSG00000227988,0
ENSG00000227989,0
ENSG00000227992,26
ENSG00000227994,0
ENSG00000227995,0
ENSG00000227999,11
ENSG00000228000,1
ENSG00000228002,0
ENSG00000228004,0
ENSG00000228005,0
ENSG00000228007,1
ENSG00000228008,10
ENSG00000228010,7
ENSG00000228012,0
ENSG00000228013,14
ENSG00000228014,3
ENSG00000228015,1
ENSG00000228016,1
ENSG00000228019,1
ENSG00000228020,0
ENSG00000228021,5
ENSG00000228022,11
ENSG00000228024,0
ENSG00000228027,0
ENSG00000228028,0
ENSG00000228030,0
ENSG00000228031,0
ENSG00000228033,0
ENSG00000228034,0
ENSG00000228035,0
ENSG00000228036,0
ENSG00000228037,3
ENSG00000228038,3
ENSG00000228039,1
ENSG00000228040,0
ENSG00000228041,0
ENSG00000228042,0
ENSG00000228043,18
ENSG00000228044,0
ENSG00000228045,0
ENSG00000228046,0
ENSG00000228048,0
ENSG00000228049,0
ENSG00000228050,0
ENSG00000228051,0
ENSG00000228053,6
ENSG00000228054,0
ENSG00000228055,0
ENSG00000228056,0
ENSG00000228057,22
ENSG00000228058,40
ENSG00000228060,6
ENSG00000228061,0
ENSG00000228063,1
ENSG00000228064,0
ENSG00000228065,44
ENSG00000228067,1
ENSG00000228069,0
ENSG00000228071,9
ENSG00000228072,0
ENSG00000228073,0
ENSG00000228074,0
ENSG00000228075,0
ENSG00000228076,0
ENSG00000228078,10
ENSG00000228079,0
ENSG00000228081,0
ENSG00000228082,0
ENSG00000228083,0
ENSG00000228084,62
ENSG00000228085,0
ENSG00000228086,1
ENSG00000228089,0
ENSG00000228092,0
ENSG00000228095,0
ENSG00000228097,0
ENSG00000228098,0
ENSG00000228100,0
ENSG00000228105,0
ENSG00000228106,264
ENSG00000228107,12
ENSG00000228108,0
ENSG00000228109,157
ENSG00000228110,2
ENSG00000228111,0
ENSG00000228112,0
ENSG00000228113,42
ENSG00000228115,2
ENSG00000228118,0
ENSG00000228120,0
ENSG00000228121,1
ENSG00000228122,0
ENSG00000228123,0
ENSG00000228124,2
ENSG00000228125,0
ENSG00000228126,40
ENSG00000228127,39
ENSG00000228131,0
ENSG00000228132,0
ENSG00000228133,16
ENSG00000228134,0
ENSG00000228135,0
ENSG00000228136,0
ENSG00000228137,12
ENSG00000228139,4
ENSG00000228140,4
ENSG00000228141,1
ENSG00000228142,0
ENSG00000228143,0
ENSG00000228144,1
ENSG00000228146,104
ENSG00000228149,1
ENSG00000228150,7
ENSG00000228151,1
ENSG00000228153,1
ENSG00000228154,0
ENSG00000228156,2
ENSG00000228157,80
ENSG00000228158,17
ENSG00000228159,0
ENSG00000228160,0
ENSG00000228161,0
ENSG00000228162,0
ENSG00000228165,0
ENSG00000228166,0
ENSG00000228167,0
ENSG00000228168,7
ENSG00000228169,2
ENSG00000228170,0
ENSG00000228171,0
ENSG00000228172,79
ENSG00000228173,0
ENSG00000228174,0
ENSG00000228175,54
ENSG00000228176,0
ENSG00000228181,0
ENSG00000228182,0
ENSG00000228184,0
ENSG00000228187,0
ENSG00000228189,0
ENSG00000228190,0
ENSG00000228191,0
ENSG00000228192,13
ENSG00000228193,0
ENSG00000228194,0
ENSG00000228195,0
ENSG00000228196,0
ENSG00000228198,0
ENSG00000228201,20
ENSG00000228203,11
ENSG00000228204,10
ENSG00000228205,10
ENSG00000228206,0
ENSG00000228207,0
ENSG00000228208,0
ENSG00000228209,0
ENSG00000228210,0
ENSG00000228211,2
ENSG00000228212,0
ENSG00000228213,0
ENSG00000228214,1
ENSG00000228215,0
ENSG00000228216,0
ENSG00000228217,0
ENSG00000228218,3
ENSG00000228219,0
ENSG00000228221,10
ENSG00000228222,0
ENSG00000228223,256
ENSG00000228224,12
ENSG00000228225,0
ENSG00000228226,0
ENSG00000228229,0
ENSG00000228231,0
ENSG00000228232,334
ENSG00000228234,0
ENSG00000228235,0
ENSG00000228236,2
ENSG00000228237,1
ENSG00000228238,0
ENSG00000228239,0
ENSG00000228240,0
ENSG00000228241,0
ENSG00000228242,60
ENSG00000228247,2
ENSG00000228248,0
ENSG00000228251,8
ENSG00000228252,73
ENSG00000228253,30457
ENSG00000228255,0
ENSG00000228257,0
ENSG00000228259,0
ENSG00000228261,5
ENSG00000228262,1
ENSG00000228264,0
ENSG00000228265,98
ENSG00000228271,0
ENSG00000228272,0
ENSG00000228274,55
ENSG00000228275,1
ENSG00000228277,0
ENSG00000228278,2
ENSG00000228280,0
ENSG00000228283,2
ENSG00000228285,2
ENSG00000228286,2
ENSG00000228288,116
ENSG00000228289,0
ENSG00000228290,1
ENSG00000228291,0
ENSG00000228292,0
ENSG00000228293,1
ENSG00000228294,0
ENSG00000228295,0
ENSG00000228296,0
ENSG00000228300,1664
ENSG00000228301,0
ENSG00000228302,30
ENSG00000228303,0
ENSG00000228304,0
ENSG00000228305,6
ENSG00000228307,1
ENSG00000228308,0
ENSG00000228309,0
ENSG00000228312,0
ENSG00000228314,148
ENSG00000228315,20
ENSG00000228316,0
ENSG00000228317,1
ENSG00000228318,5
ENSG00000228319,0
ENSG00000228322,0
ENSG00000228323,36
ENSG00000228325,0
ENSG00000228327,13
ENSG00000228328,2
ENSG00000228329,0
ENSG00000228330,1
ENSG00000228331,0
ENSG00000228334,0
ENSG00000228335,37
ENSG00000228336,0
ENSG00000228337,0
ENSG00000228338,0
ENSG00000228339,0
ENSG00000228340,32
ENSG00000228341,0
ENSG00000228343,151
ENSG00000228345,0
ENSG00000228347,0
ENSG00000228348,0
ENSG00000228349,9
ENSG00000228350,21
ENSG00000228351,0
ENSG00000228352,8
ENSG00000228353,0
ENSG00000228354,0
ENSG00000228355,0
ENSG00000228358,0
ENSG00000228360,3
ENSG00000228361,0
ENSG00000228363,14
ENSG00000228364,0
ENSG00000228365,0
ENSG00000228366,0
ENSG00000228367,0
ENSG00000228368,0
ENSG00000228369,1
ENSG00000228372,0
ENSG00000228373,0
ENSG00000228374,0
ENSG00000228375,0
ENSG00000228376,4
ENSG00000228379,0
ENSG00000228380,0
ENSG00000228382,0
ENSG00000228383,0
ENSG00000228384,1
ENSG00000228386,1
ENSG00000228389,4
ENSG00000228391,0
ENSG00000228392,0
ENSG00000228393,65
ENSG00000228395,78
ENSG00000228397,0
ENSG00000228398,0
ENSG00000228399,1
ENSG00000228400,0
ENSG00000228401,8
ENSG00000228403,0
ENSG00000228404,1
ENSG00000228407,0
ENSG00000228408,0
ENSG00000228409,201
ENSG00000228410,0
ENSG00000228411,0
ENSG00000228412,0
ENSG00000228413,0
ENSG00000228414,3
ENSG00000228415,0
ENSG00000228417,1
ENSG00000228420,17
ENSG00000228421,12
ENSG00000228422,0
ENSG00000228423,0
ENSG00000228426,0
ENSG00000228427,37
ENSG00000228429,1
ENSG00000228430,0
ENSG00000228431,0
ENSG00000228432,3
ENSG00000228433,0
ENSG00000228434,15
ENSG00000228436,16
ENSG00000228437,0
ENSG00000228438,0
ENSG00000228439,119
ENSG00000228440,0
ENSG00000228444,9
ENSG00000228445,0
ENSG00000228446,3
ENSG00000228450,0
ENSG00000228451,151
ENSG00000228452,29
ENSG00000228453,0
ENSG00000228459,4
ENSG00000228460,0
ENSG00000228462,1
ENSG00000228463,3
ENSG00000228464,0
ENSG00000228465,0
ENSG00000228466,0
ENSG00000228467,0
ENSG00000228470,0
ENSG00000228471,0
ENSG00000228473,0
ENSG00000228474,6203
ENSG00000228476,0
ENSG00000228477,49
ENSG00000228478,3
ENSG00000228480,0
ENSG00000228481,0
ENSG00000228482,0
ENSG00000228484,0
ENSG00000228485,1
ENSG00000228486,121
ENSG00000228487,5
ENSG00000228488,0
ENSG00000228489,0
ENSG00000228492,29
ENSG00000228495,6
ENSG00000228496,0
ENSG00000228499,1
ENSG00000228501,1
ENSG00000228502,53
ENSG00000228503,0
ENSG00000228504,0
ENSG00000228505,0
ENSG00000228506,167
ENSG00000228507,5
ENSG00000228509,1
ENSG00000228510,2
ENSG00000228512,0
ENSG00000228513,0
ENSG00000228517,0
ENSG00000228518,0
ENSG00000228519,4
ENSG00000228521,0
ENSG00000228522,0
ENSG00000228523,0
ENSG00000228525,0
ENSG00000228526,4
ENSG00000228527,0
ENSG00000228528,0
ENSG00000228530,0
ENSG00000228532,1
ENSG00000228536,1
ENSG00000228538,0
ENSG00000228539,0
ENSG00000228540,0
ENSG00000228541,2
ENSG00000228543,1
ENSG00000228544,123
ENSG00000228546,2
ENSG00000228547,0
ENSG00000228548,0
ENSG00000228549,38
ENSG00000228550,0
ENSG00000228551,5
ENSG00000228553,0
ENSG00000228554,0
ENSG00000228557,0
ENSG00000228559,23
ENSG00000228560,0
ENSG00000228561,0
ENSG00000228563,0
ENSG00000228564,0
ENSG00000228566,0
ENSG00000228567,0
ENSG00000228568,0
ENSG00000228569,5
ENSG00000228570,13
ENSG00000228571,0
ENSG00000228572,0
ENSG00000228573,0
ENSG00000228577,0
ENSG00000228578,0
ENSG00000228585,0
ENSG00000228586,0
ENSG00000228587,0
ENSG00000228589,4
ENSG00000228590,0
ENSG00000228592,0
ENSG00000228593,0
ENSG00000228594,663
ENSG00000228595,0
ENSG00000228596,0
ENSG00000228597,0
ENSG00000228598,0
ENSG00000228599,0
ENSG00000228600,0
ENSG00000228601,0
ENSG00000228604,0
ENSG00000228606,25
ENSG00000228607,3
ENSG00000228610,0
ENSG00000228611,0
ENSG00000228612,14
ENSG00000228613,5
ENSG00000228614,9
ENSG00000228615,0
ENSG00000228616,0
ENSG00000228618,0
ENSG00000228620,0
ENSG00000228622,0
ENSG00000228623,25
ENSG00000228624,13
ENSG00000228625,0
ENSG00000228626,0
ENSG00000228627,0
ENSG00000228629,0
ENSG00000228630,9
ENSG00000228634,8
ENSG00000228636,0
ENSG00000228638,345
ENSG00000228639,0
ENSG00000228643,4
ENSG00000228645,0
ENSG00000228646,0
ENSG00000228648,0
ENSG00000228649,10
ENSG00000228650,0
ENSG00000228651,11
ENSG00000228653,59
ENSG00000228655,1
ENSG00000228656,0
ENSG00000228657,1
ENSG00000228658,0
ENSG00000228659,0
ENSG00000228660,0
ENSG00000228661,20
ENSG00000228663,9
ENSG00000228664,0
ENSG00000228665,0
ENSG00000228666,2
ENSG00000228667,0
ENSG00000228668,0
ENSG00000228669,0
ENSG00000228670,0
ENSG00000228672,402
ENSG00000228674,0
ENSG00000228675,0
ENSG00000228677,3
ENSG00000228679,1
ENSG00000228680,1
ENSG00000228681,0
ENSG00000228683,2
ENSG00000228685,0
ENSG00000228686,7
ENSG00000228687,0
ENSG00000228688,0
ENSG00000228689,0
ENSG00000228692,0
ENSG00000228694,0
ENSG00000228695,0
ENSG00000228696,58
ENSG00000228697,0
ENSG00000228700,1
ENSG00000228701,1
ENSG00000228702,4
ENSG00000228703,0
ENSG00000228704,0
ENSG00000228705,0
ENSG00000228707,0
ENSG00000228708,0
ENSG00000228709,1
ENSG00000228711,0
ENSG00000228714,0
ENSG00000228716,760
ENSG00000228717,0
ENSG00000228718,5
ENSG00000228719,2
ENSG00000228721,0
ENSG00000228723,0
ENSG00000228725,0
ENSG00000228727,9
ENSG00000228728,0
ENSG00000228729,0
ENSG00000228730,0
ENSG00000228734,0
ENSG00000228735,0
ENSG00000228737,3
ENSG00000228739,0
ENSG00000228740,0
ENSG00000228741,1
ENSG00000228742,2
ENSG00000228744,0
ENSG00000228748,25
ENSG00000228750,0
ENSG00000228751,0
ENSG00000228753,0
ENSG00000228754,0
ENSG00000228755,0
ENSG00000228757,0
ENSG00000228759,0
ENSG00000228763,1
ENSG00000228764,0
ENSG00000228766,1
ENSG00000228767,0
ENSG00000228768,1
ENSG00000228769,0
ENSG00000228770,0
ENSG00000228771,0
ENSG00000228772,0
ENSG00000228775,27
ENSG00000228776,0
ENSG00000228777,0
ENSG00000228778,0
ENSG00000228779,1
ENSG00000228780,0
ENSG00000228781,0
ENSG00000228782,149
ENSG00000228783,0
ENSG00000228784,13
ENSG00000228786,0
ENSG00000228787,0
ENSG00000228789,2
ENSG00000228790,0
ENSG00000228791,56
ENSG00000228792,1
ENSG00000228793,0
ENSG00000228794,431
ENSG00000228797,7
ENSG00000228798,1
ENSG00000228799,1
ENSG00000228800,0
ENSG00000228801,170
ENSG00000228802,0
ENSG00000228803,0
ENSG00000228804,1
ENSG00000228806,0
ENSG00000228807,0
ENSG00000228808,1
ENSG00000228809,1
ENSG00000228810,0
ENSG00000228812,8
ENSG00000228814,0
ENSG00000228815,0
ENSG00000228816,2
ENSG00000228817,1
ENSG00000228818,2
ENSG00000228819,0
ENSG00000228820,0
ENSG00000228823,0
ENSG00000228824,1
ENSG00000228825,0
ENSG00000228826,0
ENSG00000228827,0
ENSG00000228828,0
ENSG00000228829,0
ENSG00000228830,0
ENSG00000228833,1
ENSG00000228834,34
ENSG00000228835,0
ENSG00000228836,0
ENSG00000228837,0
ENSG00000228838,0
ENSG00000228839,8
ENSG00000228842,0
ENSG00000228843,0
ENSG00000228844,0
ENSG00000228847,1
ENSG00000228848,1
ENSG00000228850,0
ENSG00000228851,0
ENSG00000228852,14
ENSG00000228853,0
ENSG00000228855,0
ENSG00000228856,0
ENSG00000228857,0
ENSG00000228860,0
ENSG00000228861,0
ENSG00000228862,1
ENSG00000228863,2
ENSG00000228868,2
ENSG00000228869,0
ENSG00000228872,0
ENSG00000228873,0
ENSG00000228874,0
ENSG00000228876,0
ENSG00000228877,3
ENSG00000228878,124
ENSG00000228879,0
ENSG00000228882,0
ENSG00000228884,0
ENSG00000228886,1
ENSG00000228887,17
ENSG00000228888,0
ENSG00000228889,94
ENSG00000228890,0
ENSG00000228897,2
ENSG00000228898,0
ENSG00000228901,0
ENSG00000228902,0
ENSG00000228903,1841
ENSG00000228906,28
ENSG00000228909,0
ENSG00000228914,1
ENSG00000228915,5
ENSG00000228917,0
ENSG00000228918,0
ENSG00000228919,0
ENSG00000228922,0
ENSG00000228923,0
ENSG00000228925,3
ENSG00000228927,0
ENSG00000228928,2
ENSG00000228929,21
ENSG00000228930,0
ENSG00000228933,1
ENSG00000228935,0
ENSG00000228937,0
ENSG00000228938,0
ENSG00000228939,0
ENSG00000228940,0
ENSG00000228941,0
ENSG00000228943,0
ENSG00000228944,0
ENSG00000228945,0
ENSG00000228948,0
ENSG00000228949,0
ENSG00000228950,3
ENSG00000228951,1
ENSG00000228952,0
ENSG00000228953,0
ENSG00000228955,2
ENSG00000228956,9
ENSG00000228957,0
ENSG00000228958,0
ENSG00000228959,2
ENSG00000228960,14
ENSG00000228961,0
ENSG00000228962,2
ENSG00000228963,0
ENSG00000228965,0
ENSG00000228966,0
ENSG00000228968,0
ENSG00000228970,9
ENSG00000228971,0
ENSG00000228973,2
ENSG00000228974,1
ENSG00000228976,0
ENSG00000228979,4
ENSG00000228980,0
ENSG00000228981,464
ENSG00000228982,0
ENSG00000228983,0
ENSG00000228984,0
ENSG00000228985,0
ENSG00000228986,1
ENSG00000228988,0
ENSG00000228989,119
ENSG00000228992,0
ENSG00000228995,0
ENSG00000228997,0
ENSG00000228998,0
ENSG00000228999,0
ENSG00000229000,0
ENSG00000229001,0
ENSG00000229002,0
ENSG00000229005,0
ENSG00000229007,30
ENSG00000229009,0
ENSG00000229010,0
ENSG00000229011,0
ENSG00000229012,0
ENSG00000229013,0
ENSG00000229014,0
ENSG00000229015,0
ENSG00000229016,0
ENSG00000229017,8
ENSG00000229018,1
ENSG00000229019,0
ENSG00000229020,0
ENSG00000229021,2
ENSG00000229022,0
ENSG00000229023,0
ENSG00000229025,0
ENSG00000229027,0
ENSG00000229028,138
ENSG00000229029,5
ENSG00000229030,0
ENSG00000229031,0
ENSG00000229032,8
ENSG00000229035,0
ENSG00000229036,104
ENSG00000229037,2
ENSG00000229042,0
ENSG00000229043,316
ENSG00000229044,0
ENSG00000229046,0
ENSG00000229047,0
ENSG00000229048,0
ENSG00000229051,2
ENSG00000229052,0
ENSG00000229054,0
ENSG00000229056,4
ENSG00000229057,1
ENSG00000229060,0
ENSG00000229063,0
ENSG00000229064,4
ENSG00000229065,3
ENSG00000229066,0
ENSG00000229067,0
ENSG00000229068,1
ENSG00000229072,0
ENSG00000229079,0
ENSG00000229080,0
ENSG00000229081,0
ENSG00000229082,0
ENSG00000229083,1
ENSG00000229086,0
ENSG00000229087,0
ENSG00000229088,0
ENSG00000229089,27
ENSG00000229090,0
ENSG00000229091,13
ENSG00000229092,0
ENSG00000229093,0
ENSG00000229097,8
ENSG00000229101,0
ENSG00000229102,2
ENSG00000229104,0
ENSG00000229105,0
ENSG00000229106,0
ENSG00000229107,1
ENSG00000229108,1
ENSG00000229109,11
ENSG00000229110,0
ENSG00000229111,3
ENSG00000229112,0
ENSG00000229115,0
ENSG00000229116,18
ENSG00000229117,12208
ENSG00000229118,0
ENSG00000229119,42
ENSG00000229120,0
ENSG00000229122,15
ENSG00000229124,13
ENSG00000229127,16
ENSG00000229129,1
ENSG00000229131,0
ENSG00000229132,21
ENSG00000229133,4
ENSG00000229138,0
ENSG00000229140,4
ENSG00000229142,0
ENSG00000229143,0
ENSG00000229145,1
ENSG00000229146,0
ENSG00000229147,0
ENSG00000229150,0
ENSG00000229151,0
ENSG00000229152,146
ENSG00000229153,8
ENSG00000229154,0
ENSG00000229155,0
ENSG00000229156,2
ENSG00000229159,0
ENSG00000229160,1
ENSG00000229161,5
ENSG00000229162,2
ENSG00000229163,0
ENSG00000229165,0
ENSG00000229167,69
ENSG00000229168,0
ENSG00000229169,0
ENSG00000229172,0
ENSG00000229173,0
ENSG00000229175,0
ENSG00000229177,0
ENSG00000229178,2
ENSG00000229180,403
ENSG00000229182,0
ENSG00000229183,0
ENSG00000229184,0
ENSG00000229186,0
ENSG00000229188,0
ENSG00000229190,0
ENSG00000229191,1
ENSG00000229192,0
ENSG00000229195,3
ENSG00000229196,39
ENSG00000229197,1
ENSG00000229201,0
ENSG00000229203,7
ENSG00000229204,27
ENSG00000229205,0
ENSG00000229206,0
ENSG00000229207,0
ENSG00000229208,0
ENSG00000229209,0
ENSG00000229211,0
ENSG00000229212,2
ENSG00000229213,0
ENSG00000229214,24
ENSG00000229217,0
ENSG00000229220,0
ENSG00000229221,0
ENSG00000229222,9
ENSG00000229224,0
ENSG00000229225,0
ENSG00000229226,0
ENSG00000229227,0
ENSG00000229228,2
ENSG00000229229,0
ENSG00000229230,3
ENSG00000229231,8
ENSG00000229232,0
ENSG00000229233,0
ENSG00000229234,0
ENSG00000229235,0
ENSG00000229236,0
ENSG00000229237,46
ENSG00000229238,0
ENSG00000229239,0
ENSG00000229240,0
ENSG00000229241,0
ENSG00000229242,0
ENSG00000229243,0
ENSG00000229245,1
ENSG00000229246,1
ENSG00000229247,0
ENSG00000229248,0
ENSG00000229249,0
ENSG00000229250,0
ENSG00000229251,3
ENSG00000229254,0
ENSG00000229255,0
ENSG00000229256,0
ENSG00000229257,0
ENSG00000229258,0
ENSG00000229259,1
ENSG00000229261,0
ENSG00000229262,2
ENSG00000229263,0
ENSG00000229266,0
ENSG00000229267,2
ENSG00000229268,0
ENSG00000229269,0
ENSG00000229271,0
ENSG00000229272,4
ENSG00000229273,0
ENSG00000229274,0
ENSG00000229275,9
ENSG00000229276,0
ENSG00000229278,4
ENSG00000229280,1
ENSG00000229281,0
ENSG00000229282,0
ENSG00000229283,0
ENSG00000229286,0
ENSG00000229287,0
ENSG00000229288,0
ENSG00000229289,0
ENSG00000229291,3
ENSG00000229292,0
ENSG00000229294,0
ENSG00000229297,0
ENSG00000229298,7
ENSG00000229299,0
ENSG00000229301,0
ENSG00000229302,0
ENSG00000229303,0
ENSG00000229305,0
ENSG00000229306,0
ENSG00000229307,1
ENSG00000229308,0
ENSG00000229309,0
ENSG00000229310,0
ENSG00000229311,0
ENSG00000229312,0
ENSG00000229313,0
ENSG00000229314,1
ENSG00000229315,0
ENSG00000229316,0
ENSG00000229320,177
ENSG00000229321,2
ENSG00000229322,0
ENSG00000229323,1
ENSG00000229324,1
ENSG00000229325,1
ENSG00000229326,3
ENSG00000229327,0
ENSG00000229330,0
ENSG00000229331,0
ENSG00000229332,0
ENSG00000229334,14
ENSG00000229335,0
ENSG00000229336,0
ENSG00000229337,0
ENSG00000229338,0
ENSG00000229339,0
ENSG00000229343,0
ENSG00000229344,106
ENSG00000229345,0
ENSG00000229347,0
ENSG00000229348,12
ENSG00000229349,1
ENSG00000229351,0
ENSG00000229352,0
ENSG00000229356,2
ENSG00000229357,0
ENSG00000229358,154
ENSG00000229359,0
ENSG00000229360,0
ENSG00000229361,0
ENSG00000229365,0
ENSG00000229367,0
ENSG00000229368,7
ENSG00000229369,0
ENSG00000229370,0
ENSG00000229372,3
ENSG00000229373,3
ENSG00000229375,0
ENSG00000229376,3
ENSG00000229379,3
ENSG00000229380,0
ENSG00000229382,0
ENSG00000229384,1
ENSG00000229385,0
ENSG00000229386,0
ENSG00000229388,17
ENSG00000229389,0
ENSG00000229390,3
ENSG00000229391,875
ENSG00000229393,5
ENSG00000229395,0
ENSG00000229398,0
ENSG00000229399,2
ENSG00000229400,2
ENSG00000229401,0
ENSG00000229402,0
ENSG00000229403,0
ENSG00000229404,0
ENSG00000229405,0
ENSG00000229406,0
ENSG00000229407,6
ENSG00000229409,2
ENSG00000229413,42
ENSG00000229414,0
ENSG00000229415,0
ENSG00000229416,0
ENSG00000229417,25
ENSG00000229418,1
ENSG00000229419,96
ENSG00000229421,0
ENSG00000229422,23
ENSG00000229423,0
ENSG00000229424,0
ENSG00000229425,0
ENSG00000229427,0
ENSG00000229431,14
ENSG00000229433,0
ENSG00000229434,0
ENSG00000229435,0
ENSG00000229436,0
ENSG00000229437,0
ENSG00000229440,0
ENSG00000229442,0
ENSG00000229443,0
ENSG00000229444,0
ENSG00000229447,5
ENSG00000229452,0
ENSG00000229453,0
ENSG00000229454,0
ENSG00000229455,0
ENSG00000229456,0
ENSG00000229457,0
ENSG00000229458,0
ENSG00000229459,0
ENSG00000229462,0
ENSG00000229463,0
ENSG00000229465,0
ENSG00000229466,0
ENSG00000229468,4
ENSG00000229473,2
ENSG00000229474,147
ENSG00000229477,0
ENSG00000229478,0
ENSG00000229481,414
ENSG00000229483,0
ENSG00000229484,5
ENSG00000229485,0
ENSG00000229486,0
ENSG00000229487,1
ENSG00000229491,1
ENSG00000229492,1
ENSG00000229494,0
ENSG00000229495,1
ENSG00000229497,0
ENSG00000229498,3
ENSG00000229500,0
ENSG00000229502,0
ENSG00000229503,1
ENSG00000229505,0
ENSG00000229508,0
ENSG00000229509,0
ENSG00000229511,13
ENSG00000229512,5
ENSG00000229515,0
ENSG00000229518,0
ENSG00000229519,0
ENSG00000229520,0
ENSG00000229521,2
ENSG00000229522,0
ENSG00000229525,69
ENSG00000229526,0
ENSG00000229528,0
ENSG00000229530,0
ENSG00000229531,1
ENSG00000229532,0
ENSG00000229533,0
ENSG00000229534,2
ENSG00000229536,5
ENSG00000229537,0
ENSG00000229539,10
ENSG00000229541,0
ENSG00000229542,0
ENSG00000229543,2
ENSG00000229544,0
ENSG00000229546,0
ENSG00000229547,0
ENSG00000229549,0
ENSG00000229550,0
ENSG00000229551,0
ENSG00000229553,0
ENSG00000229554,0
ENSG00000229556,0
ENSG00000229557,0
ENSG00000229558,3
ENSG00000229559,9
ENSG00000229560,0
ENSG00000229562,1
ENSG00000229563,0
ENSG00000229565,0
ENSG00000229567,0
ENSG00000229568,0
ENSG00000229569,0
ENSG00000229570,0
ENSG00000229571,0
ENSG00000229572,0
ENSG00000229578,0
ENSG00000229579,0
ENSG00000229582,0
ENSG00000229585,0
ENSG00000229586,0
ENSG00000229587,5
ENSG00000229588,2
ENSG00000229589,85
ENSG00000229590,0
ENSG00000229591,11
ENSG00000229593,0
ENSG00000229594,0
ENSG00000229595,0
ENSG00000229596,0
ENSG00000229598,5
ENSG00000229599,0
ENSG00000229600,0
ENSG00000229601,1
ENSG00000229603,0
ENSG00000229604,20
ENSG00000229605,4
ENSG00000229606,0
ENSG00000229607,1
ENSG00000229608,0
ENSG00000229609,5
ENSG00000229611,5
ENSG00000229612,0
ENSG00000229613,0
ENSG00000229616,0
ENSG00000229618,0
ENSG00000229619,91
ENSG00000229621,0
ENSG00000229622,1
ENSG00000229623,1
ENSG00000229625,0
ENSG00000229626,0
ENSG00000229627,0
ENSG00000229628,0
ENSG00000229629,0
ENSG00000229630,8
ENSG00000229635,1
ENSG00000229636,0
ENSG00000229637,0
ENSG00000229638,87
ENSG00000229639,0
ENSG00000229641,0
ENSG00000229642,2
ENSG00000229643,0
ENSG00000229644,29
ENSG00000229646,0
ENSG00000229647,4
ENSG00000229648,0
ENSG00000229649,0
ENSG00000229652,4
ENSG00000229654,0
ENSG00000229656,6
ENSG00000229657,1
ENSG00000229658,0
ENSG00000229659,53
ENSG00000229660,34
ENSG00000229661,0
ENSG00000229662,0
ENSG00000229663,0
ENSG00000229664,2
ENSG00000229665,0
ENSG00000229666,26
ENSG00000229667,0
ENSG00000229668,0
ENSG00000229670,0
ENSG00000229671,5
ENSG00000229672,0
ENSG00000229673,0
ENSG00000229674,0
ENSG00000229676,1
ENSG00000229677,4
ENSG00000229679,0
ENSG00000229682,0
ENSG00000229686,0
ENSG00000229687,0
ENSG00000229688,0
ENSG00000229689,93
ENSG00000229690,0
ENSG00000229692,45
ENSG00000229693,0
ENSG00000229694,0
ENSG00000229695,0
ENSG00000229696,0
ENSG00000229697,0
ENSG00000229699,0
ENSG00000229700,9
ENSG00000229701,0
ENSG00000229702,0
ENSG00000229703,0
ENSG00000229704,2
ENSG00000229707,0
ENSG00000229708,0
ENSG00000229709,0
ENSG00000229711,0
ENSG00000229713,0
ENSG00000229715,12
ENSG00000229716,0
ENSG00000229717,0
ENSG00000229719,2
ENSG00000229720,1
ENSG00000229721,0
ENSG00000229722,0
ENSG00000229723,2
ENSG00000229724,0
ENSG00000229725,0
ENSG00000229727,8
ENSG00000229728,12
ENSG00000229729,81
ENSG00000229730,0
ENSG00000229731,0
ENSG00000229732,0
ENSG00000229733,0
ENSG00000229735,0
ENSG00000229738,0
ENSG00000229739,2
ENSG00000229740,0
ENSG00000229742,1
ENSG00000229743,0
ENSG00000229744,0
ENSG00000229745,0
ENSG00000229747,0
ENSG00000229749,0
ENSG00000229750,3
ENSG00000229751,0
ENSG00000229752,0
ENSG00000229753,0
ENSG00000229754,76
ENSG00000229755,0
ENSG00000229756,0
ENSG00000229757,0
ENSG00000229758,0
ENSG00000229759,1
ENSG00000229760,0
ENSG00000229761,0
ENSG00000229762,0
ENSG00000229765,0
ENSG00000229766,1
ENSG00000229769,0
ENSG00000229770,18
ENSG00000229771,1
ENSG00000229774,0
ENSG00000229775,0
ENSG00000229776,0
ENSG00000229779,0
ENSG00000229780,6
ENSG00000229781,0
ENSG00000229782,0
ENSG00000229785,0
ENSG00000229786,0
ENSG00000229788,0
ENSG00000229791,0
ENSG00000229792,0
ENSG00000229794,0
ENSG00000229795,1
ENSG00000229797,0
ENSG00000229798,0
ENSG00000229800,5
ENSG00000229805,0
ENSG00000229806,3
ENSG00000229807,7782
ENSG00000229808,21
ENSG00000229809,1375
ENSG00000229814,1
ENSG00000229815,0
ENSG00000229816,4
ENSG00000229817,0
ENSG00000229818,0
ENSG00000229820,0
ENSG00000229821,0
ENSG00000229822,0
ENSG00000229824,0
ENSG00000229825,0
ENSG00000229826,0
ENSG00000229827,0
ENSG00000229828,1
ENSG00000229829,0
ENSG00000229830,0
ENSG00000229831,0
ENSG00000229832,3
ENSG00000229833,527
ENSG00000229834,0
ENSG00000229835,1
ENSG00000229836,77
ENSG00000229839,5
ENSG00000229840,0
ENSG00000229842,0
ENSG00000229846,0
ENSG00000229847,36
ENSG00000229848,56
ENSG00000229849,0
ENSG00000229851,0
ENSG00000229852,191
ENSG00000229853,0
ENSG00000229854,8
ENSG00000229855,0
ENSG00000229857,0
ENSG00000229858,0
ENSG00000229859,1
ENSG00000229862,0
ENSG00000229863,0
ENSG00000229865,0
ENSG00000229867,13
ENSG00000229869,3
ENSG00000229870,2
ENSG00000229871,0
ENSG00000229873,4
ENSG00000229875,0
ENSG00000229876,0
ENSG00000229877,0
ENSG00000229878,0
ENSG00000229880,0
ENSG00000229881,0
ENSG00000229882,0
ENSG00000229885,0
ENSG00000229886,25
ENSG00000229887,1
ENSG00000229890,0
ENSG00000229891,25
ENSG00000229892,0
ENSG00000229893,0
ENSG00000229894,0
ENSG00000229896,3
ENSG00000229897,0
ENSG00000229899,0
ENSG00000229900,0
ENSG00000229901,15
ENSG00000229905,0
ENSG00000229906,0
ENSG00000229907,0
ENSG00000229909,0
ENSG00000229910,0
ENSG00000229911,0
ENSG00000229912,1
ENSG00000229913,0
ENSG00000229914,1
ENSG00000229915,4
ENSG00000229917,1
ENSG00000229918,0
ENSG00000229919,0
ENSG00000229920,0
ENSG00000229921,0
ENSG00000229922,0
ENSG00000229923,0
ENSG00000229924,0
ENSG00000229925,0
ENSG00000229926,0
ENSG00000229927,0
ENSG00000229928,0
ENSG00000229930,1
ENSG00000229931,12
ENSG00000229932,8
ENSG00000229935,0
ENSG00000229937,0
ENSG00000229938,0
ENSG00000229939,7
ENSG00000229940,0
ENSG00000229941,0
ENSG00000229943,0
ENSG00000229944,3
ENSG00000229946,0
ENSG00000229947,1
ENSG00000229948,0
ENSG00000229949,0
ENSG00000229950,86
ENSG00000229951,8
ENSG00000229953,67
ENSG00000229954,0
ENSG00000229955,0
ENSG00000229956,29
ENSG00000229957,0
ENSG00000229960,0
ENSG00000229961,0
ENSG00000229962,0
ENSG00000229964,0
ENSG00000229965,0
ENSG00000229967,0
ENSG00000229968,0
ENSG00000229969,0
ENSG00000229970,0
ENSG00000229971,0
ENSG00000229972,0
ENSG00000229975,0
ENSG00000229976,0
ENSG00000229977,0
ENSG00000229978,0
ENSG00000229979,0
ENSG00000229980,138
ENSG00000229981,0
ENSG00000229982,0
ENSG00000229983,0
ENSG00000229985,0
ENSG00000229986,0
ENSG00000229988,0
ENSG00000229989,2
ENSG00000229990,0
ENSG00000229991,0
ENSG00000229992,0
ENSG00000229994,6
ENSG00000229996,9
ENSG00000229999,1
ENSG00000230000,0
ENSG00000230001,0
ENSG00000230002,10
ENSG00000230003,0
ENSG00000230005,0
ENSG00000230006,2
ENSG00000230009,0
ENSG00000230010,0
ENSG00000230011,0
ENSG00000230013,2
ENSG00000230014,0
ENSG00000230015,0
ENSG00000230018,8
ENSG00000230019,0
ENSG00000230020,0
ENSG00000230021,0
ENSG00000230022,0
ENSG00000230023,1
ENSG00000230024,1
ENSG00000230025,0
ENSG00000230026,3
ENSG00000230027,0
ENSG00000230029,0
ENSG00000230030,0
ENSG00000230031,0
ENSG00000230033,0
ENSG00000230035,0
ENSG00000230037,1
ENSG00000230039,4
ENSG00000230040,0
ENSG00000230042,4
ENSG00000230043,0
ENSG00000230044,0
ENSG00000230045,0
ENSG00000230046,0
ENSG00000230047,0
ENSG00000230051,0
ENSG00000230052,0
ENSG00000230053,0
ENSG00000230054,6
ENSG00000230056,0
ENSG00000230058,1
ENSG00000230061,11
ENSG00000230062,1
ENSG00000230063,0
ENSG00000230064,0
ENSG00000230065,0
ENSG00000230066,0
ENSG00000230067,21
ENSG00000230068,0
ENSG00000230069,14
ENSG00000230071,9
ENSG00000230073,0
ENSG00000230074,132
ENSG00000230076,507
ENSG00000230077,0
ENSG00000230079,9
ENSG00000230080,0
ENSG00000230081,0
ENSG00000230082,36
ENSG00000230083,0
ENSG00000230084,17
ENSG00000230086,0
ENSG00000230087,0
ENSG00000230088,1
ENSG00000230090,0
ENSG00000230091,53
ENSG00000230092,4
ENSG00000230096,0
ENSG00000230097,0
ENSG00000230098,1
ENSG00000230099,0
ENSG00000230100,0
ENSG00000230101,0
ENSG00000230102,55
ENSG00000230104,0
ENSG00000230105,4
ENSG00000230106,0
ENSG00000230107,4
ENSG00000230109,0
ENSG00000230111,0
ENSG00000230112,0
ENSG00000230113,3
ENSG00000230114,0
ENSG00000230115,0
ENSG00000230116,1
ENSG00000230118,3
ENSG00000230119,0
ENSG00000230120,0
ENSG00000230121,0
ENSG00000230122,0
ENSG00000230123,0
ENSG00000230124,1571
ENSG00000230125,0
ENSG00000230126,1
ENSG00000230130,0
ENSG00000230131,6
ENSG00000230132,0
ENSG00000230133,0
ENSG00000230137,0
ENSG00000230138,2
ENSG00000230140,0
ENSG00000230142,0
ENSG00000230146,0
ENSG00000230147,1
ENSG00000230148,31
ENSG00000230149,22
ENSG00000230153,0
ENSG00000230154,0
ENSG00000230155,10
ENSG00000230156,0
ENSG00000230157,0
ENSG00000230158,0
ENSG00000230159,0
ENSG00000230160,1
ENSG00000230161,0
ENSG00000230162,2
ENSG00000230163,52
ENSG00000230164,0
ENSG00000230165,0
ENSG00000230166,0
ENSG00000230169,0
ENSG00000230170,0
ENSG00000230171,0
ENSG00000230172,0
ENSG00000230173,0
ENSG00000230174,2
ENSG00000230175,0
ENSG00000230176,0
ENSG00000230177,60
ENSG00000230178,0
ENSG00000230180,0
ENSG00000230182,0
ENSG00000230183,2
ENSG00000230184,0
ENSG00000230185,13
ENSG00000230186,0
ENSG00000230187,0
ENSG00000230188,5
ENSG00000230189,88
ENSG00000230190,0
ENSG00000230191,1
ENSG00000230192,0
ENSG00000230194,0
ENSG00000230196,1
ENSG00000230197,0
ENSG00000230198,0
ENSG00000230199,10
ENSG00000230201,0
ENSG00000230202,816
ENSG00000230203,1
ENSG00000230204,4
ENSG00000230205,0
ENSG00000230207,16
ENSG00000230208,0
ENSG00000230212,1
ENSG00000230213,0
ENSG00000230214,0
ENSG00000230215,1
ENSG00000230216,9
ENSG00000230219,1
ENSG00000230221,2
ENSG00000230223,0
ENSG00000230224,5
ENSG00000230225,0
ENSG00000230226,1
ENSG00000230227,0
ENSG00000230228,0
ENSG00000230229,1
ENSG00000230231,0
ENSG00000230233,0
ENSG00000230234,0
ENSG00000230237,0
ENSG00000230239,0
ENSG00000230240,0
ENSG00000230241,0
ENSG00000230243,0
ENSG00000230244,0
ENSG00000230245,0
ENSG00000230246,1
ENSG00000230247,0
ENSG00000230248,0
ENSG00000230249,0
ENSG00000230250,0
ENSG00000230251,0
ENSG00000230252,0
ENSG00000230256,0
ENSG00000230257,3
ENSG00000230258,0
ENSG00000230260,0
ENSG00000230261,0
ENSG00000230262,21
ENSG00000230265,0
ENSG00000230266,1
ENSG00000230267,0
ENSG00000230268,0
ENSG00000230269,0
ENSG00000230271,0
ENSG00000230273,0
ENSG00000230274,0
ENSG00000230275,0
ENSG00000230276,0
ENSG00000230280,9
ENSG00000230282,0
ENSG00000230283,0
ENSG00000230284,0
ENSG00000230285,1
ENSG00000230286,0
ENSG00000230287,0
ENSG00000230289,3
ENSG00000230290,2
ENSG00000230291,6
ENSG00000230292,0
ENSG00000230294,0
ENSG00000230295,33
ENSG00000230298,0
ENSG00000230299,1
ENSG00000230300,1
ENSG00000230301,0
ENSG00000230302,0
ENSG00000230303,7
ENSG00000230304,0
ENSG00000230305,3
ENSG00000230306,0
ENSG00000230307,0
ENSG00000230309,0
ENSG00000230310,4
ENSG00000230311,1
ENSG00000230312,0
ENSG00000230313,0
ENSG00000230314,3
ENSG00000230316,0
ENSG00000230317,0
ENSG00000230318,0
ENSG00000230319,10
ENSG00000230320,1
ENSG00000230321,0
ENSG00000230322,0
ENSG00000230323,2
ENSG00000230324,0
ENSG00000230325,7
ENSG00000230326,0
ENSG00000230327,0
ENSG00000230328,0
ENSG00000230330,12
ENSG00000230331,0
ENSG00000230333,12
ENSG00000230335,0
ENSG00000230337,18
ENSG00000230338,0
ENSG00000230339,0
ENSG00000230342,1
ENSG00000230343,0
ENSG00000230345,0
ENSG00000230347,0
ENSG00000230350,0
ENSG00000230352,0
ENSG00000230353,0
ENSG00000230355,0
ENSG00000230356,0
ENSG00000230358,11
ENSG00000230359,28
ENSG00000230360,1
ENSG00000230361,0
ENSG00000230362,2
ENSG00000230364,3
ENSG00000230365,0
ENSG00000230366,11
ENSG00000230368,1
ENSG00000230370,0
ENSG00000230371,0
ENSG00000230372,0
ENSG00000230373,10
ENSG00000230375,0
ENSG00000230376,0
ENSG00000230377,0
ENSG00000230379,0
ENSG00000230381,0
ENSG00000230383,6
ENSG00000230384,0
ENSG00000230385,0
ENSG00000230386,0
ENSG00000230387,9
ENSG00000230390,1
ENSG00000230391,0
ENSG00000230392,0
ENSG00000230393,175
ENSG00000230394,0
ENSG00000230395,1
ENSG00000230397,0
ENSG00000230398,0
ENSG00000230399,1
ENSG00000230400,7
ENSG00000230401,7
ENSG00000230402,0
ENSG00000230403,0
ENSG00000230404,0
ENSG00000230405,0
ENSG00000230406,0
ENSG00000230407,0
ENSG00000230408,1
ENSG00000230409,67
ENSG00000230411,0
ENSG00000230412,0
ENSG00000230415,21
ENSG00000230416,0
ENSG00000230417,30
ENSG00000230418,0
ENSG00000230423,0
ENSG00000230424,40
ENSG00000230425,0
ENSG00000230426,0
ENSG00000230427,1
ENSG00000230428,0
ENSG00000230430,0
ENSG00000230432,0
ENSG00000230433,0
ENSG00000230434,0
ENSG00000230435,5
ENSG00000230437,0
ENSG00000230438,130
ENSG00000230439,11
ENSG00000230440,0
ENSG00000230442,0
ENSG00000230444,1
ENSG00000230445,46
ENSG00000230447,2
ENSG00000230448,0
ENSG00000230449,0
ENSG00000230450,0
ENSG00000230451,16
ENSG00000230452,0
ENSG00000230453,146
ENSG00000230454,101
ENSG00000230457,5
ENSG00000230458,0
ENSG00000230459,0
ENSG00000230461,1
ENSG00000230465,0
ENSG00000230468,0
ENSG00000230469,0
ENSG00000230470,0
ENSG00000230471,0
ENSG00000230472,0
ENSG00000230474,0
ENSG00000230476,0
ENSG00000230477,0
ENSG00000230478,0
ENSG00000230479,13
ENSG00000230480,0
ENSG00000230481,0
ENSG00000230482,1
ENSG00000230483,0
ENSG00000230484,0
ENSG00000230485,0
ENSG00000230487,1242
ENSG00000230489,1
ENSG00000230490,512
ENSG00000230491,0
ENSG00000230492,0
ENSG00000230495,0
ENSG00000230496,0
ENSG00000230497,0
ENSG00000230498,1
ENSG00000230499,2
ENSG00000230500,1
ENSG00000230501,0
ENSG00000230502,0
ENSG00000230506,8
ENSG00000230507,0
ENSG00000230508,7
ENSG00000230510,81
ENSG00000230513,66
ENSG00000230515,0
ENSG00000230516,0
ENSG00000230519,2
ENSG00000230520,0
ENSG00000230521,30
ENSG00000230522,0
ENSG00000230523,2
ENSG00000230524,0
ENSG00000230525,0
ENSG00000230526,2
ENSG00000230528,0
ENSG00000230529,1
ENSG00000230530,3
ENSG00000230531,0
ENSG00000230532,0
ENSG00000230533,0
ENSG00000230534,8
ENSG00000230535,0
ENSG00000230536,1
ENSG00000230537,4
ENSG00000230538,0
ENSG00000230539,1
ENSG00000230542,0
ENSG00000230543,0
ENSG00000230546,0
ENSG00000230547,0
ENSG00000230548,0
ENSG00000230549,0
ENSG00000230550,4
ENSG00000230551,672
ENSG00000230552,40
ENSG00000230555,46
ENSG00000230556,0
ENSG00000230558,0
ENSG00000230559,0
ENSG00000230561,7
ENSG00000230562,2
ENSG00000230563,0
ENSG00000230564,0
ENSG00000230565,37
ENSG00000230568,0
ENSG00000230569,0
ENSG00000230570,0
ENSG00000230571,0
ENSG00000230572,0
ENSG00000230573,0
ENSG00000230575,0
ENSG00000230576,0
ENSG00000230578,0
ENSG00000230580,1
ENSG00000230581,4
ENSG00000230583,25
ENSG00000230584,2
ENSG00000230585,4
ENSG00000230587,5
ENSG00000230589,0
ENSG00000230590,179
ENSG00000230592,1
ENSG00000230593,1
ENSG00000230594,0
ENSG00000230595,0
ENSG00000230596,0
ENSG00000230597,1
ENSG00000230598,0
ENSG00000230599,0
ENSG00000230600,0
ENSG00000230601,7
ENSG00000230603,0
ENSG00000230604,0
ENSG00000230605,0
ENSG00000230606,16
ENSG00000230607,0
ENSG00000230609,0
ENSG00000230611,0
ENSG00000230612,5
ENSG00000230613,12
ENSG00000230614,0
ENSG00000230615,31
ENSG00000230617,0
ENSG00000230618,0
ENSG00000230621,1
ENSG00000230622,0
ENSG00000230623,1
ENSG00000230626,1
ENSG00000230627,0
ENSG00000230628,0
ENSG00000230629,34
ENSG00000230630,69
ENSG00000230631,1
ENSG00000230634,0
ENSG00000230635,0
ENSG00000230636,0
ENSG00000230637,1
ENSG00000230638,161
ENSG00000230639,0
ENSG00000230641,9
ENSG00000230643,0
ENSG00000230645,0
ENSG00000230646,6
ENSG00000230647,0
ENSG00000230648,3
ENSG00000230649,0
ENSG00000230650,28
ENSG00000230651,2
ENSG00000230654,0
ENSG00000230655,0
ENSG00000230657,0
ENSG00000230658,54
ENSG00000230659,0
ENSG00000230661,0
ENSG00000230662,0
ENSG00000230663,0
ENSG00000230665,1
ENSG00000230666,22
ENSG00000230667,6
ENSG00000230668,0
ENSG00000230671,0
ENSG00000230673,9
ENSG00000230676,1
ENSG00000230679,13
ENSG00000230680,0
ENSG00000230681,0
ENSG00000230682,0
ENSG00000230683,1
ENSG00000230684,0
ENSG00000230686,0
ENSG00000230687,0
ENSG00000230690,1
ENSG00000230691,2
ENSG00000230694,0
ENSG00000230695,1
ENSG00000230696,0
ENSG00000230697,5
ENSG00000230698,0
ENSG00000230699,0
ENSG00000230701,8
ENSG00000230702,1
ENSG00000230703,0
ENSG00000230704,0
ENSG00000230706,0
ENSG00000230707,19
ENSG00000230709,0
ENSG00000230710,0
ENSG00000230711,0
ENSG00000230712,0
ENSG00000230714,0
ENSG00000230715,188
ENSG00000230716,4
ENSG00000230718,0
ENSG00000230720,0
ENSG00000230721,5
ENSG00000230724,11
ENSG00000230725,3
ENSG00000230727,0
ENSG00000230728,1
ENSG00000230729,2
ENSG00000230730,2
ENSG00000230731,0
ENSG00000230732,8
ENSG00000230733,558
ENSG00000230734,2
ENSG00000230735,6
ENSG00000230736,3
ENSG00000230737,0
ENSG00000230739,0
ENSG00000230741,0
ENSG00000230746,0
ENSG00000230747,2
ENSG00000230748,0
ENSG00000230749,0
ENSG00000230750,1
ENSG00000230751,2
ENSG00000230753,3
ENSG00000230755,0
ENSG00000230756,0
ENSG00000230757,0
ENSG00000230758,0
ENSG00000230759,0
ENSG00000230764,0
ENSG00000230768,0
ENSG00000230769,0
ENSG00000230772,17
ENSG00000230773,1
ENSG00000230777,4
ENSG00000230778,0
ENSG00000230779,0
ENSG00000230781,0
ENSG00000230782,0
ENSG00000230783,1
ENSG00000230785,0
ENSG00000230787,0
ENSG00000230788,0
ENSG00000230789,0
ENSG00000230790,3
ENSG00000230793,3
ENSG00000230794,0
ENSG00000230795,6
ENSG00000230796,0
ENSG00000230797,89
ENSG00000230798,1
ENSG00000230799,0
ENSG00000230801,0
ENSG00000230803,0
ENSG00000230804,4
ENSG00000230805,0
ENSG00000230806,4
ENSG00000230807,1
ENSG00000230809,0
ENSG00000230812,7
ENSG00000230813,0
ENSG00000230814,0
ENSG00000230815,0
ENSG00000230817,0
ENSG00000230818,0
ENSG00000230819,0
ENSG00000230820,0
ENSG00000230821,0
ENSG00000230823,0
ENSG00000230825,1
ENSG00000230826,0
ENSG00000230828,0
ENSG00000230829,0
ENSG00000230830,0
ENSG00000230831,0
ENSG00000230832,0
ENSG00000230833,0
ENSG00000230834,0
ENSG00000230835,0
ENSG00000230836,0
ENSG00000230837,0
ENSG00000230838,46
ENSG00000230839,1
ENSG00000230840,0
ENSG00000230841,2
ENSG00000230843,0
ENSG00000230844,148
ENSG00000230845,1
ENSG00000230846,0
ENSG00000230847,8
ENSG00000230848,0
ENSG00000230849,13
ENSG00000230851,0
ENSG00000230852,0
ENSG00000230853,0
ENSG00000230854,0
ENSG00000230859,0
ENSG00000230860,0
ENSG00000230863,1
ENSG00000230864,0
ENSG00000230865,1
ENSG00000230866,0
ENSG00000230867,0
ENSG00000230869,4
ENSG00000230870,10
ENSG00000230871,0
ENSG00000230872,5
ENSG00000230873,5
ENSG00000230876,0
ENSG00000230879,0
ENSG00000230881,2
ENSG00000230882,958
ENSG00000230886,0
ENSG00000230889,0
ENSG00000230891,0
ENSG00000230894,3
ENSG00000230896,143
ENSG00000230897,13
ENSG00000230898,2
ENSG00000230899,2
ENSG00000230902,0
ENSG00000230904,0
ENSG00000230908,0
ENSG00000230910,0
ENSG00000230911,0
ENSG00000230912,4
ENSG00000230913,0
ENSG00000230914,1
ENSG00000230916,2
ENSG00000230918,0
ENSG00000230920,0
ENSG00000230921,0
ENSG00000230922,0
ENSG00000230923,0
ENSG00000230926,0
ENSG00000230927,4
ENSG00000230928,1
ENSG00000230929,4
ENSG00000230931,0
ENSG00000230932,0
ENSG00000230934,0
ENSG00000230935,0
ENSG00000230936,0
ENSG00000230937,16
ENSG00000230939,72
ENSG00000230941,0
ENSG00000230942,0
ENSG00000230943,0
ENSG00000230944,0
ENSG00000230945,0
ENSG00000230946,0
ENSG00000230947,0
ENSG00000230948,0
ENSG00000230950,0
ENSG00000230951,2
ENSG00000230952,0
ENSG00000230953,14
ENSG00000230955,0
ENSG00000230956,0
ENSG00000230958,0
ENSG00000230960,0
ENSG00000230962,0
ENSG00000230964,0
ENSG00000230965,5
ENSG00000230967,1
ENSG00000230968,0
ENSG00000230969,0
ENSG00000230970,8
ENSG00000230971,3
ENSG00000230972,0
ENSG00000230973,0
ENSG00000230975,0
ENSG00000230977,0
ENSG00000230978,3
ENSG00000230979,6
ENSG00000230980,0
ENSG00000230982,21
ENSG00000230986,0
ENSG00000230987,0
ENSG00000230988,1
ENSG00000230989,11096
ENSG00000230990,0
ENSG00000230991,0
ENSG00000230992,9
ENSG00000230993,0
ENSG00000230994,0
ENSG00000230997,0
ENSG00000230998,0
ENSG00000230999,0
ENSG00000231001,0
ENSG00000231004,0
ENSG00000231005,0
ENSG00000231006,6
ENSG00000231007,44
ENSG00000231009,0
ENSG00000231010,12
ENSG00000231011,0
ENSG00000231013,0
ENSG00000231015,0
ENSG00000231017,0
ENSG00000231018,0
ENSG00000231019,0
ENSG00000231020,0
ENSG00000231022,0
ENSG00000231023,0
ENSG00000231024,5
ENSG00000231025,642
ENSG00000231026,0
ENSG00000231027,3
ENSG00000231028,253
ENSG00000231029,0
ENSG00000231031,0
ENSG00000231032,0
ENSG00000231034,1
ENSG00000231035,0
ENSG00000231039,0
ENSG00000231040,0
ENSG00000231043,41
ENSG00000231046,0
ENSG00000231047,0
ENSG00000231049,0
ENSG00000231050,15
ENSG00000231051,0
ENSG00000231052,0
ENSG00000231053,0
ENSG00000231054,4
ENSG00000231056,0
ENSG00000231057,7
ENSG00000231058,0
ENSG00000231060,0
ENSG00000231061,0
ENSG00000231062,2
ENSG00000231063,0
ENSG00000231064,59
ENSG00000231066,1
ENSG00000231068,0
ENSG00000231069,0
ENSG00000231070,0
ENSG00000231071,0
ENSG00000231072,1
ENSG00000231073,1
ENSG00000231074,958
ENSG00000231078,0
ENSG00000231079,1
ENSG00000231080,0
ENSG00000231081,0
ENSG00000231082,0
ENSG00000231083,0
ENSG00000231084,51
ENSG00000231086,0
ENSG00000231087,0
ENSG00000231090,2
ENSG00000231092,0
ENSG00000231093,0
ENSG00000231095,1
ENSG00000231096,0
ENSG00000231098,1
ENSG00000231099,0
ENSG00000231100,0
ENSG00000231102,2
ENSG00000231103,0
ENSG00000231104,2
ENSG00000231105,4
ENSG00000231106,9
ENSG00000231107,0
ENSG00000231108,0
ENSG00000231110,0
ENSG00000231112,0
ENSG00000231113,144
ENSG00000231114,0
ENSG00000231119,23
ENSG00000231120,1
ENSG00000231121,8
ENSG00000231122,0
ENSG00000231123,0
ENSG00000231124,0
ENSG00000231125,11
ENSG00000231128,1
ENSG00000231130,2
ENSG00000231131,1
ENSG00000231132,0
ENSG00000231133,189
ENSG00000231134,0
ENSG00000231136,0
ENSG00000231137,0
ENSG00000231138,0
ENSG00000231139,0
ENSG00000231140,1
ENSG00000231141,0
ENSG00000231143,0
ENSG00000231144,0
ENSG00000231147,0
ENSG00000231148,0
ENSG00000231149,0
ENSG00000231150,1
ENSG00000231152,0
ENSG00000231153,0
ENSG00000231154,32
ENSG00000231156,1
ENSG00000231158,0
ENSG00000231159,0
ENSG00000231160,85
ENSG00000231162,0
ENSG00000231163,0
ENSG00000231164,0
ENSG00000231165,0
ENSG00000231166,0
ENSG00000231167,6
ENSG00000231169,0
ENSG00000231170,1
ENSG00000231171,0
ENSG00000231172,0
ENSG00000231173,4
ENSG00000231175,0
ENSG00000231177,47
ENSG00000231178,0
ENSG00000231181,3
ENSG00000231183,0
ENSG00000231184,0
ENSG00000231185,5
ENSG00000231187,5
ENSG00000231188,0
ENSG00000231189,0
ENSG00000231192,0
ENSG00000231193,3
ENSG00000231194,0
ENSG00000231195,0
ENSG00000231196,0
ENSG00000231198,0
ENSG00000231199,0
ENSG00000231200,0
ENSG00000231201,0
ENSG00000231202,0
ENSG00000231203,0
ENSG00000231204,0
ENSG00000231205,187
ENSG00000231206,0
ENSG00000231207,1
ENSG00000231208,0
ENSG00000231210,0
ENSG00000231211,0
ENSG00000231212,1
ENSG00000231213,0
ENSG00000231216,0
ENSG00000231217,3
ENSG00000231219,0
ENSG00000231221,0
ENSG00000231222,0
ENSG00000231226,88
ENSG00000231227,0
ENSG00000231228,0
ENSG00000231231,0
ENSG00000231232,0
ENSG00000231233,3
ENSG00000231234,32
ENSG00000231235,0
ENSG00000231236,0
ENSG00000231237,0
ENSG00000231238,0
ENSG00000231240,17
ENSG00000231241,0
ENSG00000231243,0
ENSG00000231244,0
ENSG00000231245,29
ENSG00000231246,0
ENSG00000231248,0
ENSG00000231249,4
ENSG00000231251,0
ENSG00000231252,0
ENSG00000231253,0
ENSG00000231254,0
ENSG00000231255,14
ENSG00000231256,3
ENSG00000231258,3
ENSG00000231259,42
ENSG00000231261,0
ENSG00000231264,0
ENSG00000231265,0
ENSG00000231266,0
ENSG00000231270,0
ENSG00000231271,0
ENSG00000231272,0
ENSG00000231274,1
ENSG00000231276,0
ENSG00000231278,0
ENSG00000231280,0
ENSG00000231290,8
ENSG00000231291,0
ENSG00000231292,2
ENSG00000231293,0
ENSG00000231294,0
ENSG00000231295,28
ENSG00000231296,1
ENSG00000231297,0
ENSG00000231298,1
ENSG00000231299,0
ENSG00000231300,0
ENSG00000231301,0
ENSG00000231302,1
ENSG00000231304,0
ENSG00000231305,47
ENSG00000231307,2
ENSG00000231310,0
ENSG00000231311,0
ENSG00000231312,513
ENSG00000231313,0
ENSG00000231316,0
ENSG00000231317,0
ENSG00000231322,0
ENSG00000231324,0
ENSG00000231326,0
ENSG00000231327,68
ENSG00000231328,0
ENSG00000231329,4
ENSG00000231331,0
ENSG00000231332,0
ENSG00000231333,3
ENSG00000231334,0
ENSG00000231335,12
ENSG00000231336,0
ENSG00000231340,3
ENSG00000231341,0
ENSG00000231344,1
ENSG00000231345,53
ENSG00000231346,15
ENSG00000231349,0
ENSG00000231351,0
ENSG00000231353,0
ENSG00000231355,1
ENSG00000231356,0
ENSG00000231357,0
ENSG00000231358,0
ENSG00000231359,73
ENSG00000231361,0
ENSG00000231362,0
ENSG00000231363,0
ENSG00000231364,0
ENSG00000231365,487
ENSG00000231366,0
ENSG00000231367,25
ENSG00000231368,0
ENSG00000231369,3
ENSG00000231371,0
ENSG00000231373,0
ENSG00000231375,0
ENSG00000231376,1
ENSG00000231378,0
ENSG00000231381,0
ENSG00000231382,0
ENSG00000231383,0
ENSG00000231384,0
ENSG00000231386,0
ENSG00000231388,0
ENSG00000231389,6438
ENSG00000231390,0
ENSG00000231392,0
ENSG00000231393,3
ENSG00000231394,0
ENSG00000231395,4
ENSG00000231396,0
ENSG00000231397,0
ENSG00000231398,0
ENSG00000231399,0
ENSG00000231401,0
ENSG00000231402,19
ENSG00000231403,0
ENSG00000231404,0
ENSG00000231405,1
ENSG00000231407,14
ENSG00000231409,10
ENSG00000231411,0
ENSG00000231412,0
ENSG00000231413,0
ENSG00000231414,2
ENSG00000231416,1
ENSG00000231417,0
ENSG00000231418,0
ENSG00000231419,1
ENSG00000231420,0
ENSG00000231421,0
ENSG00000231422,1
ENSG00000231423,0
ENSG00000231424,1
ENSG00000231426,2
ENSG00000231427,0
ENSG00000231428,0
ENSG00000231429,28
ENSG00000231431,1
ENSG00000231434,2
ENSG00000231435,6
ENSG00000231436,0
ENSG00000231437,48
ENSG00000231439,70
ENSG00000231440,0
ENSG00000231441,20
ENSG00000231442,0
ENSG00000231443,4
ENSG00000231445,1
ENSG00000231447,0
ENSG00000231449,2
ENSG00000231453,4
ENSG00000231454,0
ENSG00000231458,0
ENSG00000231459,5
ENSG00000231460,1
ENSG00000231461,0
ENSG00000231464,1
ENSG00000231465,0
ENSG00000231466,11
ENSG00000231467,3
ENSG00000231468,0
ENSG00000231470,0
ENSG00000231471,0
ENSG00000231473,10
ENSG00000231475,2
ENSG00000231476,0
ENSG00000231477,0
ENSG00000231478,0
ENSG00000231480,0
ENSG00000231482,0
ENSG00000231483,0
ENSG00000231484,0
ENSG00000231485,2
ENSG00000231487,0
ENSG00000231489,0
ENSG00000231490,0
ENSG00000231491,0
ENSG00000231492,0
ENSG00000231494,2
ENSG00000231495,0
ENSG00000231496,0
ENSG00000231500,63959
ENSG00000231501,0
ENSG00000231503,18
ENSG00000231504,0
ENSG00000231505,1
ENSG00000231507,7
ENSG00000231508,0
ENSG00000231509,0
ENSG00000231510,0
ENSG00000231512,0
ENSG00000231513,0
ENSG00000231514,0
ENSG00000231515,0
ENSG00000231516,0
ENSG00000231518,0
ENSG00000231519,6
ENSG00000231521,3
ENSG00000231523,0
ENSG00000231525,0
ENSG00000231527,7
ENSG00000231528,31
ENSG00000231529,0
ENSG00000231530,2
ENSG00000231531,1
ENSG00000231532,0
ENSG00000231533,0
ENSG00000231534,0
ENSG00000231535,0
ENSG00000231536,0
ENSG00000231537,0
ENSG00000231538,0
ENSG00000231539,0
ENSG00000231540,0
ENSG00000231541,0
ENSG00000231542,0
ENSG00000231544,0
ENSG00000231546,0
ENSG00000231547,0
ENSG00000231548,0
ENSG00000231549,0
ENSG00000231550,0
ENSG00000231551,49
ENSG00000231552,0
ENSG00000231553,0
ENSG00000231556,2
ENSG00000231557,0
ENSG00000231559,1
ENSG00000231560,0
ENSG00000231561,21
ENSG00000231562,0
ENSG00000231563,2
ENSG00000231564,0
ENSG00000231565,0
ENSG00000231566,0
ENSG00000231567,0
ENSG00000231568,0
ENSG00000231569,0
ENSG00000231570,0
ENSG00000231574,0
ENSG00000231575,0
ENSG00000231576,0
ENSG00000231579,0
ENSG00000231582,0
ENSG00000231583,0
ENSG00000231584,243
ENSG00000231585,0
ENSG00000231586,0
ENSG00000231587,12
ENSG00000231588,0
ENSG00000231589,0
ENSG00000231590,0
ENSG00000231593,0
ENSG00000231595,39
ENSG00000231597,0
ENSG00000231599,0
ENSG00000231600,0
ENSG00000231601,0
ENSG00000231603,0
ENSG00000231604,0
ENSG00000231605,0
ENSG00000231606,0
ENSG00000231607,410
ENSG00000231609,20
ENSG00000231610,0
ENSG00000231612,4
ENSG00000231613,2
ENSG00000231615,0
ENSG00000231616,3
ENSG00000231619,0
ENSG00000231620,0
ENSG00000231621,1
ENSG00000231622,0
ENSG00000231625,4
ENSG00000231626,0
ENSG00000231628,10
ENSG00000231630,0
ENSG00000231633,0
ENSG00000231635,0
ENSG00000231636,2
ENSG00000231637,0
ENSG00000231638,1
ENSG00000231643,1
ENSG00000231645,1
ENSG00000231646,5
ENSG00000231648,0
ENSG00000231649,0
ENSG00000231650,0
ENSG00000231651,7
ENSG00000231652,1
ENSG00000231653,0
ENSG00000231654,0
ENSG00000231655,1
ENSG00000231656,0
ENSG00000231660,0
ENSG00000231662,0
ENSG00000231663,76
ENSG00000231665,1
ENSG00000231666,11
ENSG00000231667,0
ENSG00000231668,1
ENSG00000231671,0
ENSG00000231672,6
ENSG00000231674,0
ENSG00000231675,0
ENSG00000231678,0
ENSG00000231680,5
ENSG00000231681,0
ENSG00000231682,0
ENSG00000231683,0
ENSG00000231684,1
ENSG00000231686,1
ENSG00000231688,0
ENSG00000231689,0
ENSG00000231690,3
ENSG00000231691,3
ENSG00000231694,0
ENSG00000231697,0
ENSG00000231698,0
ENSG00000231699,1
ENSG00000231700,0
ENSG00000231701,0
ENSG00000231702,0
ENSG00000231703,0
ENSG00000231704,1
ENSG00000231705,0
ENSG00000231706,0
ENSG00000231707,1
ENSG00000231709,2
ENSG00000231711,143
ENSG00000231712,0
ENSG00000231713,1
ENSG00000231714,0
ENSG00000231715,0
ENSG00000231716,0
ENSG00000231718,0
ENSG00000231720,0
ENSG00000231721,232
ENSG00000231722,0
ENSG00000231723,0
ENSG00000231724,0
ENSG00000231725,1
ENSG00000231726,0
ENSG00000231728,6
ENSG00000231729,0
ENSG00000231731,15
ENSG00000231735,0
ENSG00000231738,0
ENSG00000231739,0
ENSG00000231740,0
ENSG00000231741,13
ENSG00000231742,40
ENSG00000231743,0
ENSG00000231744,0
ENSG00000231747,37
ENSG00000231748,0
ENSG00000231749,0
ENSG00000231750,0
ENSG00000231752,171
ENSG00000231754,2
ENSG00000231755,0
ENSG00000231756,1
ENSG00000231758,0
ENSG00000231760,24
ENSG00000231762,0
ENSG00000231763,0
ENSG00000231764,3
ENSG00000231765,0
ENSG00000231766,0
ENSG00000231767,8
ENSG00000231768,2
ENSG00000231769,7
ENSG00000231770,270
ENSG00000231772,0
ENSG00000231774,0
ENSG00000231776,0
ENSG00000231777,0
ENSG00000231780,0
ENSG00000231781,0
ENSG00000231782,0
ENSG00000231784,14
ENSG00000231787,1
ENSG00000231788,0
ENSG00000231789,68
ENSG00000231791,0
ENSG00000231793,0
ENSG00000231794,4
ENSG00000231795,0
ENSG00000231799,3
ENSG00000231801,0
ENSG00000231802,0
ENSG00000231804,1
ENSG00000231806,11
ENSG00000231808,0
ENSG00000231809,0
ENSG00000231810,0
ENSG00000231811,0
ENSG00000231812,3
ENSG00000231814,0
ENSG00000231815,0
ENSG00000231816,0
ENSG00000231817,0
ENSG00000231821,0
ENSG00000231822,5
ENSG00000231824,0
ENSG00000231826,1
ENSG00000231827,1
ENSG00000231829,1
ENSG00000231830,2
ENSG00000231831,19
ENSG00000231837,0
ENSG00000231838,0
ENSG00000231839,0
ENSG00000231840,1
ENSG00000231841,3
ENSG00000231842,6
ENSG00000231845,0
ENSG00000231846,0
ENSG00000231848,1
ENSG00000231849,0
ENSG00000231851,4
ENSG00000231852,23
ENSG00000231855,0
ENSG00000231856,68
ENSG00000231857,0
ENSG00000231858,1
ENSG00000231859,0
ENSG00000231861,2
ENSG00000231863,0
ENSG00000231864,0
ENSG00000231865,2
ENSG00000231866,1
ENSG00000231867,0
ENSG00000231868,0
ENSG00000231870,0
ENSG00000231871,5
ENSG00000231873,0
ENSG00000231874,0
ENSG00000231875,1
ENSG00000231876,0
ENSG00000231877,0
ENSG00000231878,1
ENSG00000231879,0
ENSG00000231880,0
ENSG00000231881,2
ENSG00000231882,0
ENSG00000231883,0
ENSG00000231884,0
ENSG00000231887,17
ENSG00000231888,0
ENSG00000231889,83
ENSG00000231890,51
ENSG00000231892,0
ENSG00000231894,0
ENSG00000231896,0
ENSG00000231897,0
ENSG00000231898,0
ENSG00000231900,0
ENSG00000231901,0
ENSG00000231902,0
ENSG00000231903,4
ENSG00000231905,0
ENSG00000231906,0
ENSG00000231907,0
ENSG00000231908,13
ENSG00000231909,0
ENSG00000231910,1
ENSG00000231911,0
ENSG00000231912,0
ENSG00000231913,0
ENSG00000231914,0
ENSG00000231915,0
ENSG00000231916,1
ENSG00000231918,0
ENSG00000231920,43
ENSG00000231922,0
ENSG00000231923,0
ENSG00000231924,1
ENSG00000231925,28928
ENSG00000231926,0
ENSG00000231927,1
ENSG00000231929,0
ENSG00000231930,0
ENSG00000231931,0
ENSG00000231933,0
ENSG00000231934,0
ENSG00000231937,0
ENSG00000231940,1
ENSG00000231942,1
ENSG00000231943,0
ENSG00000231944,2
ENSG00000231947,0
ENSG00000231948,3
ENSG00000231949,0
ENSG00000231951,0
ENSG00000231952,21
ENSG00000231953,0
ENSG00000231954,0
ENSG00000231955,0
ENSG00000231956,0
ENSG00000231957,0
ENSG00000231961,0
ENSG00000231963,0
ENSG00000231964,3
ENSG00000231965,0
ENSG00000231966,1
ENSG00000231967,6
ENSG00000231969,9
ENSG00000231970,1
ENSG00000231971,2
ENSG00000231976,0
ENSG00000231977,8
ENSG00000231978,0
ENSG00000231979,0
ENSG00000231980,27
ENSG00000231981,0
ENSG00000231982,1
ENSG00000231983,0
ENSG00000231984,0
ENSG00000231985,7
ENSG00000231986,0
ENSG00000231987,0
ENSG00000231988,0
ENSG00000231989,0
ENSG00000231990,1
ENSG00000231991,244
ENSG00000231992,0
ENSG00000231993,3
ENSG00000231995,1
ENSG00000231996,0
ENSG00000231999,7
ENSG00000232000,0
ENSG00000232001,0
ENSG00000232002,0
ENSG00000232003,0
ENSG00000232004,23
ENSG00000232006,1
ENSG00000232009,0
ENSG00000232010,0
ENSG00000232015,0
ENSG00000232018,0
ENSG00000232019,0
ENSG00000232021,15
ENSG00000232022,88
ENSG00000232023,0
ENSG00000232024,31
ENSG00000232025,0
ENSG00000232027,6
ENSG00000232028,0
ENSG00000232029,0
ENSG00000232030,0
ENSG00000232031,0
ENSG00000232032,2
ENSG00000232034,0
ENSG00000232035,0
ENSG00000232036,0
ENSG00000232037,4
ENSG00000232039,0
ENSG00000232040,1
ENSG00000232041,0
ENSG00000232042,0
ENSG00000232043,21
ENSG00000232044,0
ENSG00000232046,0
ENSG00000232048,0
ENSG00000232050,0
ENSG00000232053,0
ENSG00000232054,0
ENSG00000232056,0
ENSG00000232057,0
ENSG00000232058,0
ENSG00000232059,2
ENSG00000232060,0
ENSG00000232063,20
ENSG00000232064,0
ENSG00000232065,20
ENSG00000232068,0
ENSG00000232069,0
ENSG00000232070,9
ENSG00000232072,2
ENSG00000232073,0
ENSG00000232075,0
ENSG00000232077,0
ENSG00000232079,0
ENSG00000232080,0
ENSG00000232081,0
ENSG00000232082,5
ENSG00000232083,0
ENSG00000232084,69
ENSG00000232085,0
ENSG00000232086,0
ENSG00000232087,0
ENSG00000232089,0
ENSG00000232090,0
ENSG00000232091,0
ENSG00000232093,117
ENSG00000232096,0
ENSG00000232097,0
ENSG00000232098,184
ENSG00000232100,0
ENSG00000232101,0
ENSG00000232102,0
ENSG00000232104,75
ENSG00000232105,0
ENSG00000232109,0
ENSG00000232110,9
ENSG00000232111,0
ENSG00000232112,5749
ENSG00000232113,0
ENSG00000232114,0
ENSG00000232115,0
ENSG00000232117,0
ENSG00000232118,1
ENSG00000232119,2058
ENSG00000232120,0
ENSG00000232121,0
ENSG00000232124,0
ENSG00000232125,0
ENSG00000232128,0
ENSG00000232130,0
ENSG00000232131,0
ENSG00000232132,0
ENSG00000232133,0
ENSG00000232134,8
ENSG00000232135,0
ENSG00000232136,0
ENSG00000232138,0
ENSG00000232139,0
ENSG00000232140,0
ENSG00000232142,0
ENSG00000232144,1
ENSG00000232145,0
ENSG00000232148,0
ENSG00000232149,10
ENSG00000232150,4
ENSG00000232153,0
ENSG00000232154,0
ENSG00000232155,0
ENSG00000232158,0
ENSG00000232159,0
ENSG00000232160,65
ENSG00000232161,0
ENSG00000232162,0
ENSG00000232163,0
ENSG00000232164,0
ENSG00000232165,0
ENSG00000232166,0
ENSG00000232167,0
ENSG00000232168,0
ENSG00000232170,0
ENSG00000232172,0
ENSG00000232173,0
ENSG00000232174,0
ENSG00000232175,0
ENSG00000232176,10
ENSG00000232177,136
ENSG00000232179,0
ENSG00000232183,0
ENSG00000232184,0
ENSG00000232185,0
ENSG00000232186,13
ENSG00000232187,17
ENSG00000232188,0
ENSG00000232190,0
ENSG00000232192,0
ENSG00000232193,0
ENSG00000232194,0
ENSG00000232195,0
ENSG00000232196,1
ENSG00000232197,0
ENSG00000232198,0
ENSG00000232199,0
ENSG00000232200,0
ENSG00000232202,1
ENSG00000232203,0
ENSG00000232204,0
ENSG00000232205,0
ENSG00000232208,0
ENSG00000232211,0
ENSG00000232212,0
ENSG00000232215,0
ENSG00000232216,5
ENSG00000232217,0
ENSG00000232218,4
ENSG00000232220,0
ENSG00000232223,0
ENSG00000232224,91
ENSG00000232225,0
ENSG00000232226,0
ENSG00000232227,0
ENSG00000232228,0
ENSG00000232229,166
ENSG00000232230,0
ENSG00000232233,3
ENSG00000232234,0
ENSG00000232235,0
ENSG00000232237,1
ENSG00000232238,0
ENSG00000232239,0
ENSG00000232240,0
ENSG00000232241,1
ENSG00000232242,0
ENSG00000232243,0
ENSG00000232245,0
ENSG00000232249,0
ENSG00000232252,0
ENSG00000232254,0
ENSG00000232258,0
ENSG00000232259,1
ENSG00000232260,0
ENSG00000232261,0
ENSG00000232263,0
ENSG00000232264,0
ENSG00000232265,4
ENSG00000232267,0
ENSG00000232268,0
ENSG00000232271,0
ENSG00000232273,0
ENSG00000232277,0
ENSG00000232281,0
ENSG00000232282,0
ENSG00000232283,1
ENSG00000232284,30
ENSG00000232285,0
ENSG00000232286,0
ENSG00000232287,0
ENSG00000232290,0
ENSG00000232292,0
ENSG00000232293,0
ENSG00000232294,0
ENSG00000232295,73
ENSG00000232296,0
ENSG00000232298,2
ENSG00000232299,0
ENSG00000232300,3
ENSG00000232301,13
ENSG00000232303,0
ENSG00000232305,0
ENSG00000232306,0
ENSG00000232307,0
ENSG00000232309,0
ENSG00000232310,11
ENSG00000232311,1
ENSG00000232314,0
ENSG00000232316,0
ENSG00000232320,8
ENSG00000232324,1
ENSG00000232325,0
ENSG00000232327,0
ENSG00000232328,0
ENSG00000232332,1
ENSG00000232333,0
ENSG00000232334,1
ENSG00000232335,0
ENSG00000232337,0
ENSG00000232341,13
ENSG00000232342,0
ENSG00000232344,8
ENSG00000232346,17
ENSG00000232347,0
ENSG00000232348,0
ENSG00000232349,0
ENSG00000232350,0
ENSG00000232352,154
ENSG00000232353,0
ENSG00000232354,28
ENSG00000232355,8
ENSG00000232358,0
ENSG00000232359,0
ENSG00000232360,2
ENSG00000232361,0
ENSG00000232362,0
ENSG00000232363,1
ENSG00000232366,0
ENSG00000232368,30
ENSG00000232369,0
ENSG00000232370,0
ENSG00000232372,25
ENSG00000232373,0
ENSG00000232374,0
ENSG00000232375,3
ENSG00000232377,0
ENSG00000232378,0
ENSG00000232379,0
ENSG00000232380,1
ENSG00000232381,0
ENSG00000232382,0
ENSG00000232383,1
ENSG00000232385,2
ENSG00000232386,71
ENSG00000232387,4
ENSG00000232388,1586
ENSG00000232389,2
ENSG00000232390,0
ENSG00000232391,0
ENSG00000232392,0
ENSG00000232393,0
ENSG00000232394,0
ENSG00000232395,0
ENSG00000232396,0
ENSG00000232398,2
ENSG00000232399,0
ENSG00000232400,0
ENSG00000232401,0
ENSG00000232403,0
ENSG00000232406,2
ENSG00000232407,0
ENSG00000232408,0
ENSG00000232409,0
ENSG00000232411,5
ENSG00000232412,3
ENSG00000232413,0
ENSG00000232415,425
ENSG00000232416,0
ENSG00000232418,0
ENSG00000232419,0
ENSG00000232420,0
ENSG00000232422,1
ENSG00000232423,0
ENSG00000232424,0
ENSG00000232429,0
ENSG00000232430,0
ENSG00000232431,0
ENSG00000232433,1
ENSG00000232434,2198
ENSG00000232436,0
ENSG00000232437,0
ENSG00000232439,2
ENSG00000232442,129
ENSG00000232444,0
ENSG00000232445,212
ENSG00000232446,0
ENSG00000232447,0
ENSG00000232448,12
ENSG00000232450,77
ENSG00000232451,0
ENSG00000232453,129
ENSG00000232454,12
ENSG00000232455,0
ENSG00000232456,0
ENSG00000232457,5
ENSG00000232458,0
ENSG00000232459,0
ENSG00000232460,0
ENSG00000232461,1
ENSG00000232462,0
ENSG00000232463,0
ENSG00000232464,1
ENSG00000232465,0
ENSG00000232466,0
ENSG00000232467,0
ENSG00000232470,2
ENSG00000232471,0
ENSG00000232472,57
ENSG00000232474,0
ENSG00000232475,0
ENSG00000232479,4
ENSG00000232480,3
ENSG00000232482,2
ENSG00000232485,56
ENSG00000232486,0
ENSG00000232487,5
ENSG00000232489,4
ENSG00000232490,2
ENSG00000232491,1
ENSG00000232492,0
ENSG00000232493,0
ENSG00000232494,0
ENSG00000232496,0
ENSG00000232497,0
ENSG00000232498,0
ENSG00000232499,4
ENSG00000232500,0
ENSG00000232502,17
ENSG00000232503,0
ENSG00000232504,6
ENSG00000232505,0
ENSG00000232508,0
ENSG00000232511,0
ENSG00000232512,0
ENSG00000232514,0
ENSG00000232515,0
ENSG00000232517,13
ENSG00000232518,0
ENSG00000232519,2
ENSG00000232520,0
ENSG00000232522,0
ENSG00000232524,0
ENSG00000232525,0
ENSG00000232526,0
ENSG00000232527,79
ENSG00000232528,8
ENSG00000232529,0
ENSG00000232530,0
ENSG00000232531,2
ENSG00000232532,0
ENSG00000232533,129
ENSG00000232535,0
ENSG00000232536,1
ENSG00000232537,0
ENSG00000232539,2
ENSG00000232540,0
ENSG00000232542,0
ENSG00000232543,0
ENSG00000232545,7
ENSG00000232546,19
ENSG00000232548,0
ENSG00000232549,1
ENSG00000232551,0
ENSG00000232553,0
ENSG00000232554,0
ENSG00000232555,1
ENSG00000232556,0
ENSG00000232557,1
ENSG00000232558,0
ENSG00000232559,228
ENSG00000232560,0
ENSG00000232562,0
ENSG00000232563,0
ENSG00000232564,0
ENSG00000232568,0
ENSG00000232573,3244
ENSG00000232576,0
ENSG00000232578,1
ENSG00000232579,0
ENSG00000232581,0
ENSG00000232582,0
ENSG00000232583,0
ENSG00000232585,0
ENSG00000232586,0
ENSG00000232587,3
ENSG00000232590,0
ENSG00000232591,1
ENSG00000232593,23
ENSG00000232594,0
ENSG00000232595,0
ENSG00000232596,0
ENSG00000232597,0
ENSG00000232598,0
ENSG00000232599,0
ENSG00000232600,8
ENSG00000232601,0
ENSG00000232603,0
ENSG00000232604,0
ENSG00000232605,0
ENSG00000232606,0
ENSG00000232608,2
ENSG00000232610,1
ENSG00000232611,121
ENSG00000232612,0
ENSG00000232613,0
ENSG00000232614,0
ENSG00000232615,6
ENSG00000232617,0
ENSG00000232618,0
ENSG00000232620,0
ENSG00000232621,0
ENSG00000232622,0
ENSG00000232623,1
ENSG00000232624,0
ENSG00000232625,1
ENSG00000232626,2
ENSG00000232627,0
ENSG00000232628,9
ENSG00000232629,394
ENSG00000232630,33
ENSG00000232631,0
ENSG00000232633,0
ENSG00000232634,0
ENSG00000232636,0
ENSG00000232638,207
ENSG00000232640,70
ENSG00000232642,5
ENSG00000232643,0
ENSG00000232644,0
ENSG00000232645,18
ENSG00000232646,0
ENSG00000232647,0
ENSG00000232648,45
ENSG00000232650,5
ENSG00000232653,63
ENSG00000232654,2
ENSG00000232655,0
ENSG00000232656,1
ENSG00000232658,0
ENSG00000232661,0
ENSG00000232662,0
ENSG00000232663,0
ENSG00000232664,0
ENSG00000232665,0
ENSG00000232667,0
ENSG00000232668,0
ENSG00000232671,16
ENSG00000232672,0
ENSG00000232675,0
ENSG00000232676,0
ENSG00000232677,1803
ENSG00000232678,0
ENSG00000232679,2
ENSG00000232680,15
ENSG00000232682,0
ENSG00000232684,0
ENSG00000232685,0
ENSG00000232687,0
ENSG00000232688,0
ENSG00000232690,0
ENSG00000232692,8
ENSG00000232693,0
ENSG00000232695,0
ENSG00000232696,0
ENSG00000232698,0
ENSG00000232699,1
ENSG00000232701,0
ENSG00000232702,2
ENSG00000232706,1
ENSG00000232707,0
ENSG00000232709,3
ENSG00000232710,0
ENSG00000232712,1
ENSG00000232713,18
ENSG00000232714,0
ENSG00000232715,3
ENSG00000232716,0
ENSG00000232717,1
ENSG00000232718,0
ENSG00000232719,1
ENSG00000232721,5
ENSG00000232722,0
ENSG00000232723,0
ENSG00000232724,14
ENSG00000232725,4
ENSG00000232727,2
ENSG00000232728,0
ENSG00000232729,2
ENSG00000232730,0
ENSG00000232732,0
ENSG00000232734,0
ENSG00000232735,0
ENSG00000232736,0
ENSG00000232738,0
ENSG00000232739,0
ENSG00000232740,0
ENSG00000232742,5
ENSG00000232743,0
ENSG00000232744,0
ENSG00000232746,0
ENSG00000232747,0
ENSG00000232748,18
ENSG00000232749,0
ENSG00000232750,1
ENSG00000232751,2
ENSG00000232752,0
ENSG00000232754,0
ENSG00000232756,1
ENSG00000232757,0
ENSG00000232759,4
ENSG00000232760,0
ENSG00000232762,0
ENSG00000232764,0
ENSG00000232765,0
ENSG00000232766,0
ENSG00000232767,5
ENSG00000232768,0
ENSG00000232771,0
ENSG00000232772,0
ENSG00000232773,0
ENSG00000232774,14
ENSG00000232775,1
ENSG00000232777,0
ENSG00000232778,0
ENSG00000232780,1
ENSG00000232783,0
ENSG00000232784,0
ENSG00000232786,0
ENSG00000232787,0
ENSG00000232788,8
ENSG00000232789,0
ENSG00000232790,0
ENSG00000232791,0
ENSG00000232792,0
ENSG00000232793,0
ENSG00000232794,0
ENSG00000232795,0
ENSG00000232797,0
ENSG00000232798,0
ENSG00000232799,0
ENSG00000232800,0
ENSG00000232801,1
ENSG00000232803,0
ENSG00000232805,0
ENSG00000232806,0
ENSG00000232807,173
ENSG00000232808,0
ENSG00000232809,0
ENSG00000232810,59
ENSG00000232811,49
ENSG00000232812,1
ENSG00000232813,0
ENSG00000232814,4
ENSG00000232815,28
ENSG00000232817,0
ENSG00000232818,47
ENSG00000232821,0
ENSG00000232823,0
ENSG00000232824,0
ENSG00000232825,0
ENSG00000232827,0
ENSG00000232828,0
ENSG00000232829,0
ENSG00000232830,0
ENSG00000232832,2
ENSG00000232834,0
ENSG00000232835,0
ENSG00000232837,3
ENSG00000232838,217
ENSG00000232841,0
ENSG00000232842,0
ENSG00000232843,0
ENSG00000232845,0
ENSG00000232846,0
ENSG00000232848,1
ENSG00000232849,0
ENSG00000232850,5
ENSG00000232851,0
ENSG00000232852,0
ENSG00000232853,0
ENSG00000232855,5
ENSG00000232857,1
ENSG00000232858,3
ENSG00000232859,919
ENSG00000232860,31
ENSG00000232862,4
ENSG00000232864,0
ENSG00000232867,0
ENSG00000232869,1
ENSG00000232871,22
ENSG00000232872,2
ENSG00000232873,0
ENSG00000232874,5
ENSG00000232875,0
ENSG00000232876,8
ENSG00000232878,0
ENSG00000232879,2
ENSG00000232880,0
ENSG00000232881,0
ENSG00000232882,4
ENSG00000232883,7
ENSG00000232884,4
ENSG00000232885,0
ENSG00000232886,0
ENSG00000232887,0
ENSG00000232888,15
ENSG00000232889,4
ENSG00000232891,0
ENSG00000232892,1
ENSG00000232893,0
ENSG00000232894,0
ENSG00000232895,0
ENSG00000232896,0
ENSG00000232897,0
ENSG00000232899,0
ENSG00000232900,0
ENSG00000232901,9
ENSG00000232903,0
ENSG00000232905,0
ENSG00000232906,4
ENSG00000232907,8
ENSG00000232908,0
ENSG00000232909,10
ENSG00000232910,0
ENSG00000232912,1
ENSG00000232913,0
ENSG00000232914,0
ENSG00000232915,1
ENSG00000232916,0
ENSG00000232917,1
ENSG00000232918,0
ENSG00000232920,0
ENSG00000232922,0
ENSG00000232924,0
ENSG00000232925,0
ENSG00000232926,4
ENSG00000232927,0
ENSG00000232928,21
ENSG00000232930,0
ENSG00000232931,193
ENSG00000232934,10
ENSG00000232935,0
ENSG00000232936,0
ENSG00000232937,0
ENSG00000232938,23
ENSG00000232939,0
ENSG00000232940,50
ENSG00000232943,0
ENSG00000232944,0
ENSG00000232946,0
ENSG00000232947,0
ENSG00000232948,0
ENSG00000232949,0
ENSG00000232950,0
ENSG00000232951,1
ENSG00000232952,3
ENSG00000232953,0
ENSG00000232954,0
ENSG00000232956,1140
ENSG00000232958,0
ENSG00000232959,0
ENSG00000232963,0
ENSG00000232964,0
ENSG00000232965,0
ENSG00000232968,0
ENSG00000232969,0
ENSG00000232970,0
ENSG00000232971,0
ENSG00000232973,7
ENSG00000232975,0
ENSG00000232976,0
ENSG00000232977,12
ENSG00000232978,0
ENSG00000232979,0
ENSG00000232981,0
ENSG00000232982,0
ENSG00000232983,1
ENSG00000232985,0
ENSG00000232986,16
ENSG00000232987,6
ENSG00000232989,0
ENSG00000232990,0
ENSG00000232991,0
ENSG00000232992,1
ENSG00000232993,0
ENSG00000232994,0
ENSG00000232995,47
ENSG00000232998,1
ENSG00000232999,0
ENSG00000233002,1
ENSG00000233003,0
ENSG00000233005,0
ENSG00000233006,268
ENSG00000233007,0
ENSG00000233008,36
ENSG00000233009,0
ENSG00000233010,0
ENSG00000233011,0
ENSG00000233012,2
ENSG00000233013,1
ENSG00000233014,0
ENSG00000233015,0
ENSG00000233016,1737
ENSG00000233017,23
ENSG00000233018,0
ENSG00000233020,0
ENSG00000233021,0
ENSG00000233024,4
ENSG00000233025,10
ENSG00000233026,0
ENSG00000233028,2
ENSG00000233029,1
ENSG00000233030,20
ENSG00000233031,0
ENSG00000233033,0
ENSG00000233036,0
ENSG00000233037,0
ENSG00000233038,145
ENSG00000233039,0
ENSG00000233040,0
ENSG00000233041,4789
ENSG00000233044,0
ENSG00000233045,2
ENSG00000233047,0
ENSG00000233048,3
ENSG00000233050,0
ENSG00000233052,0
ENSG00000233055,0
ENSG00000233056,3
ENSG00000233057,6
ENSG00000233058,293
ENSG00000233060,0
ENSG00000233061,0
ENSG00000233063,2
ENSG00000233064,0
ENSG00000233067,0
ENSG00000233068,25
ENSG00000233069,0
ENSG00000233070,0
ENSG00000233071,2
ENSG00000233072,0
ENSG00000233073,6
ENSG00000233077,83
ENSG00000233078,0
ENSG00000233079,0
ENSG00000233080,0
ENSG00000233081,1
ENSG00000233082,0
ENSG00000233083,0
ENSG00000233084,8
ENSG00000233085,0
ENSG00000233086,0
ENSG00000233087,1
ENSG00000233090,8
ENSG00000233093,1
ENSG00000233096,0
ENSG00000233098,37
ENSG00000233099,0
ENSG00000233101,3
ENSG00000233103,0
ENSG00000233105,0
ENSG00000233106,0
ENSG00000233107,0
ENSG00000233108,0
ENSG00000233109,0
ENSG00000233110,14
ENSG00000233111,4
ENSG00000233114,0
ENSG00000233115,0
ENSG00000233117,58
ENSG00000233118,0
ENSG00000233120,0
ENSG00000233121,5
ENSG00000233122,6
ENSG00000233123,1
ENSG00000233124,0
ENSG00000233125,1
ENSG00000233126,0
ENSG00000233128,0
ENSG00000233129,0
ENSG00000233131,0
ENSG00000233132,0
ENSG00000233133,0
ENSG00000233134,0
ENSG00000233135,0
ENSG00000233136,0
ENSG00000233138,0
ENSG00000233139,2
ENSG00000233143,0
ENSG00000233144,3
ENSG00000233145,0
ENSG00000233146,0
ENSG00000233147,0
ENSG00000233148,1
ENSG00000233153,3
ENSG00000233154,7
ENSG00000233155,15
ENSG00000233156,0
ENSG00000233157,0
ENSG00000233158,0
ENSG00000233159,0
ENSG00000233162,0
ENSG00000233163,1
ENSG00000233167,0
ENSG00000233170,28
ENSG00000233173,0
ENSG00000233175,13
ENSG00000233176,0
ENSG00000233178,12
ENSG00000233179,0
ENSG00000233183,91
ENSG00000233184,225
ENSG00000233186,0
ENSG00000233189,0
ENSG00000233190,3
ENSG00000233191,43
ENSG00000233193,0
ENSG00000233196,1
ENSG00000233197,0
ENSG00000233198,7
ENSG00000233200,1
ENSG00000233203,15
ENSG00000233204,0
ENSG00000233205,1
ENSG00000233206,0
ENSG00000233208,0
ENSG00000233211,0
ENSG00000233213,0
ENSG00000233214,2
ENSG00000233215,0
ENSG00000233216,0
ENSG00000233217,0
ENSG00000233219,0
ENSG00000233220,3
ENSG00000233221,0
ENSG00000233222,0
ENSG00000233223,334
ENSG00000233225,33
ENSG00000233228,1
ENSG00000233229,1
ENSG00000233230,26
ENSG00000233231,6
ENSG00000233232,4
ENSG00000233234,0
ENSG00000233235,0
ENSG00000233236,0
ENSG00000233237,603
ENSG00000233238,0
ENSG00000233242,5
ENSG00000233243,0
ENSG00000233246,3
ENSG00000233247,4
ENSG00000233248,0
ENSG00000233250,16
ENSG00000233251,16
ENSG00000233252,0
ENSG00000233254,2
ENSG00000233255,7
ENSG00000233256,0
ENSG00000233258,0
ENSG00000233259,0
ENSG00000233260,0
ENSG00000233261,1
ENSG00000233262,0
ENSG00000233263,0
ENSG00000233264,3
ENSG00000233265,3
ENSG00000233266,10
ENSG00000233268,2
ENSG00000233270,5
ENSG00000233271,0
ENSG00000233272,0
ENSG00000233273,0
ENSG00000233275,0
ENSG00000233276,12155
ENSG00000233277,0
ENSG00000233278,1
ENSG00000233285,0
ENSG00000233286,0
ENSG00000233287,3
ENSG00000233288,0
ENSG00000233290,0
ENSG00000233291,0
ENSG00000233292,1
ENSG00000233293,0
ENSG00000233295,0
ENSG00000233296,11
ENSG00000233297,48
ENSG00000233299,2
ENSG00000233300,0
ENSG00000233301,0
ENSG00000233303,0
ENSG00000233304,1
ENSG00000233306,1
ENSG00000233307,0
ENSG00000233308,0
ENSG00000233309,1
ENSG00000233311,0
ENSG00000233313,0
ENSG00000233316,0
ENSG00000233318,0
ENSG00000233319,1
ENSG00000233321,0
ENSG00000233324,0
ENSG00000233325,75
ENSG00000233327,1
ENSG00000233328,7
ENSG00000233329,0
ENSG00000233330,11
ENSG00000233332,26
ENSG00000233333,0
ENSG00000233334,0
ENSG00000233335,0
ENSG00000233336,0
ENSG00000233337,10
ENSG00000233338,0
ENSG00000233339,0
ENSG00000233340,0
ENSG00000233342,0
ENSG00000233343,0
ENSG00000233347,1
ENSG00000233349,0
ENSG00000233351,0
ENSG00000233352,0
ENSG00000233353,0
ENSG00000233354,0
ENSG00000233355,0
ENSG00000233357,0
ENSG00000233358,0
ENSG00000233359,0
ENSG00000233360,5
ENSG00000233363,0
ENSG00000233365,0
ENSG00000233366,0
ENSG00000233367,0
ENSG00000233369,551
ENSG00000233370,0
ENSG00000233372,0
ENSG00000233373,0
ENSG00000233376,0
ENSG00000233377,0
ENSG00000233378,0
ENSG00000233379,0
ENSG00000233380,0
ENSG00000233381,1
ENSG00000233382,40
ENSG00000233383,0
ENSG00000233384,1
ENSG00000233385,0
ENSG00000233387,0
ENSG00000233388,2
ENSG00000233392,2
ENSG00000233393,1
ENSG00000233395,0
ENSG00000233396,9
ENSG00000233397,0
ENSG00000233399,0
ENSG00000233401,0
ENSG00000233402,0
ENSG00000233403,0
ENSG00000233405,0
ENSG00000233406,5
ENSG00000233407,0
ENSG00000233408,0
ENSG00000233409,0
ENSG00000233410,0
ENSG00000233411,31
ENSG00000233412,0
ENSG00000233415,0
ENSG00000233416,1
ENSG00000233417,0
ENSG00000233419,0
ENSG00000233420,0
ENSG00000233421,12
ENSG00000233423,1
ENSG00000233424,0
ENSG00000233425,1
ENSG00000233426,165
ENSG00000233427,4
ENSG00000233428,3
ENSG00000233429,72
ENSG00000233430,0
ENSG00000233431,0
ENSG00000233432,0
ENSG00000233433,0
ENSG00000233435,4
ENSG00000233436,1
ENSG00000233437,0
ENSG00000233438,10
ENSG00000233440,0
ENSG00000233441,0
ENSG00000233442,0
ENSG00000233444,0
ENSG00000233445,0
ENSG00000233446,0
ENSG00000233447,0
ENSG00000233448,0
ENSG00000233449,0
ENSG00000233451,0
ENSG00000233452,95
ENSG00000233454,0
ENSG00000233455,0
ENSG00000233456,0
ENSG00000233457,0
ENSG00000233459,0
ENSG00000233460,0
ENSG00000233461,92
ENSG00000233464,0
ENSG00000233467,3
ENSG00000233469,6
ENSG00000233470,0
ENSG00000233471,0
ENSG00000233472,2
ENSG00000233473,0
ENSG00000233476,228
ENSG00000233477,0
ENSG00000233478,1
ENSG00000233479,1
ENSG00000233480,0
ENSG00000233482,0
ENSG00000233483,26
ENSG00000233484,0
ENSG00000233485,0
ENSG00000233487,83
ENSG00000233489,0
ENSG00000233491,1
ENSG00000233492,0
ENSG00000233493,373
ENSG00000233494,0
ENSG00000233496,0
ENSG00000233497,0
ENSG00000233499,0
ENSG00000233501,0
ENSG00000233502,0
ENSG00000233503,0
ENSG00000233508,165
ENSG00000233509,6
ENSG00000233511,0
ENSG00000233514,0
ENSG00000233515,0
ENSG00000233516,0
ENSG00000233517,1
ENSG00000233518,0
ENSG00000233519,0
ENSG00000233521,7
ENSG00000233522,0
ENSG00000233523,0
ENSG00000233524,1
ENSG00000233526,0
ENSG00000233527,185
ENSG00000233528,0
ENSG00000233529,0
ENSG00000233531,0
ENSG00000233532,1
ENSG00000233533,0
ENSG00000233534,0
ENSG00000233535,3
ENSG00000233536,0
ENSG00000233537,0
ENSG00000233538,1
ENSG00000233539,0
ENSG00000233540,1
ENSG00000233541,0
ENSG00000233542,89
ENSG00000233543,0
ENSG00000233544,0
ENSG00000233545,0
ENSG00000233546,0
ENSG00000233547,2
ENSG00000233548,0
ENSG00000233549,0
ENSG00000233550,0
ENSG00000233551,0
ENSG00000233553,0
ENSG00000233554,20
ENSG00000233555,0
ENSG00000233557,0
ENSG00000233558,14
ENSG00000233559,8
ENSG00000233560,8
ENSG00000233562,0
ENSG00000233563,0
ENSG00000233565,1
ENSG00000233569,0
ENSG00000233570,0
ENSG00000233571,0
ENSG00000233574,0
ENSG00000233575,0
ENSG00000233576,1
ENSG00000233577,0
ENSG00000233578,1
ENSG00000233579,7
ENSG00000233581,0
ENSG00000233583,0
ENSG00000233585,8
ENSG00000233586,3
ENSG00000233587,0
ENSG00000233588,7
ENSG00000233589,0
ENSG00000233590,5
ENSG00000233593,222
ENSG00000233594,1
ENSG00000233595,0
ENSG00000233597,4
ENSG00000233601,0
ENSG00000233602,0
ENSG00000233603,0
ENSG00000233605,0
ENSG00000233606,0
ENSG00000233607,0
ENSG00000233608,22
ENSG00000233609,1
ENSG00000233610,1
ENSG00000233611,0
ENSG00000233613,3
ENSG00000233614,1
ENSG00000233615,0
ENSG00000233616,0
ENSG00000233619,0
ENSG00000233620,0
ENSG00000233621,795
ENSG00000233622,143
ENSG00000233623,1
ENSG00000233625,1
ENSG00000233626,9
ENSG00000233627,0
ENSG00000233632,0
ENSG00000233633,0
ENSG00000233634,0
ENSG00000233635,0
ENSG00000233639,0
ENSG00000233640,0
ENSG00000233642,0
ENSG00000233643,2
ENSG00000233644,0
ENSG00000233645,1
ENSG00000233646,0
ENSG00000233647,0
ENSG00000233648,1
ENSG00000233651,0
ENSG00000233652,0
ENSG00000233653,0
ENSG00000233654,22
ENSG00000233655,0
ENSG00000233656,0
ENSG00000233659,0
ENSG00000233661,0
ENSG00000233662,0
ENSG00000233663,0
ENSG00000233664,0
ENSG00000233665,2
ENSG00000233668,4
ENSG00000233670,2
ENSG00000233671,0
ENSG00000233672,37
ENSG00000233673,0
ENSG00000233674,0
ENSG00000233676,0
ENSG00000233677,0
ENSG00000233680,2
ENSG00000233681,3
ENSG00000233682,1
ENSG00000233683,0
ENSG00000233684,2
ENSG00000233685,0
ENSG00000233686,0
ENSG00000233688,0
ENSG00000233689,0
ENSG00000233690,0
ENSG00000233691,0
ENSG00000233693,1
ENSG00000233694,1
ENSG00000233695,96
ENSG00000233699,0
ENSG00000233701,0
ENSG00000233702,0
ENSG00000233703,0
ENSG00000233705,115
ENSG00000233706,0
ENSG00000233707,0
ENSG00000233708,0
ENSG00000233709,0
ENSG00000233710,0
ENSG00000233711,0
ENSG00000233712,0
ENSG00000233713,0
ENSG00000233714,0
ENSG00000233716,0
ENSG00000233717,0
ENSG00000233718,0
ENSG00000233719,4
ENSG00000233720,0
ENSG00000233721,2
ENSG00000233723,4
ENSG00000233724,0
ENSG00000233725,0
ENSG00000233727,0
ENSG00000233728,0
ENSG00000233729,0
ENSG00000233730,0
ENSG00000233732,0
ENSG00000233733,0
ENSG00000233735,0
ENSG00000233737,0
ENSG00000233739,0
ENSG00000233740,0
ENSG00000233741,0
ENSG00000233746,0
ENSG00000233747,0
ENSG00000233750,2
ENSG00000233751,0
ENSG00000233752,0
ENSG00000233754,0
ENSG00000233755,0
ENSG00000233756,0
ENSG00000233757,14
ENSG00000233760,7
ENSG00000233762,220
ENSG00000233764,0
ENSG00000233765,5
ENSG00000233766,0
ENSG00000233767,1
ENSG00000233771,0
ENSG00000233774,0
ENSG00000233775,1
ENSG00000233776,1
ENSG00000233778,4
ENSG00000233780,0
ENSG00000233782,1
ENSG00000233783,1
ENSG00000233785,1
ENSG00000233786,0
ENSG00000233787,0
ENSG00000233791,24
ENSG00000233792,1
ENSG00000233797,2
ENSG00000233799,8
ENSG00000233800,2
ENSG00000233802,0
ENSG00000233803,0
ENSG00000233805,0
ENSG00000233806,6
ENSG00000233807,0
ENSG00000233810,0
ENSG00000233814,0
ENSG00000233816,0
ENSG00000233817,3
ENSG00000233818,10
ENSG00000233819,0
ENSG00000233820,45
ENSG00000233821,1
ENSG00000233822,303
ENSG00000233823,21
ENSG00000233824,0
ENSG00000233825,0
ENSG00000233827,0
ENSG00000233828,1
ENSG00000233829,0
ENSG00000233830,7
ENSG00000233832,0
ENSG00000233833,0
ENSG00000233834,89
ENSG00000233835,0
ENSG00000233836,113
ENSG00000233837,7
ENSG00000233838,0
ENSG00000233839,0
ENSG00000233840,0
ENSG00000233842,0
ENSG00000233843,0
ENSG00000233844,0
ENSG00000233845,1
ENSG00000233846,5
ENSG00000233847,1
ENSG00000233848,0
ENSG00000233849,0
ENSG00000233850,1
ENSG00000233851,0
ENSG00000233852,0
ENSG00000233854,0
ENSG00000233858,2
ENSG00000233859,1
ENSG00000233860,0
ENSG00000233861,0
ENSG00000233862,9
ENSG00000233864,0
ENSG00000233866,0
ENSG00000233867,0
ENSG00000233868,1
ENSG00000233869,0
ENSG00000233870,0
ENSG00000233871,24
ENSG00000233872,6
ENSG00000233873,1
ENSG00000233874,0
ENSG00000233875,0
ENSG00000233876,3
ENSG00000233877,0
ENSG00000233878,24
ENSG00000233880,0
ENSG00000233882,0
ENSG00000233884,0
ENSG00000233885,28
ENSG00000233887,0
ENSG00000233888,0
ENSG00000233891,0
ENSG00000233892,6
ENSG00000233893,2
ENSG00000233894,0
ENSG00000233895,22
ENSG00000233896,0
ENSG00000233900,0
ENSG00000233901,161
ENSG00000233902,0
ENSG00000233903,35
ENSG00000233905,0
ENSG00000233906,2
ENSG00000233907,0
ENSG00000233908,0
ENSG00000233909,0
ENSG00000233910,0
ENSG00000233912,14
ENSG00000233913,2318
ENSG00000233915,0
ENSG00000233916,4
ENSG00000233917,0
ENSG00000233918,0
ENSG00000233919,0
ENSG00000233920,0
ENSG00000233921,0
ENSG00000233922,3
ENSG00000233924,0
ENSG00000233926,1
ENSG00000233927,9849
ENSG00000233928,0
ENSG00000233929,2
ENSG00000233930,185
ENSG00000233932,4
ENSG00000233933,0
ENSG00000233934,0
ENSG00000233936,0
ENSG00000233937,74
ENSG00000233939,0
ENSG00000233940,0
ENSG00000233941,0
ENSG00000233942,49
ENSG00000233943,0
ENSG00000233944,0
ENSG00000233945,0
ENSG00000233946,0
ENSG00000233947,0
ENSG00000233951,0
ENSG00000233952,0
ENSG00000233953,0
ENSG00000233954,104
ENSG00000233955,0
ENSG00000233956,0
ENSG00000233960,0
ENSG00000233962,0
ENSG00000233963,1
ENSG00000233966,6
ENSG00000233967,14
ENSG00000233968,0
ENSG00000233969,4
ENSG00000233970,2
ENSG00000233971,0
ENSG00000233973,0
ENSG00000233974,1
ENSG00000233975,4
ENSG00000233977,1
ENSG00000233978,0
ENSG00000233979,0
ENSG00000233980,0
ENSG00000233981,0
ENSG00000233983,0
ENSG00000233984,10
ENSG00000233985,0
ENSG00000233987,0
ENSG00000233990,1
ENSG00000233993,0
ENSG00000233994,3
ENSG00000233995,0
ENSG00000233996,0
ENSG00000233997,0
ENSG00000233998,0
ENSG00000233999,0
ENSG00000234001,0
ENSG00000234003,0
ENSG00000234004,0
ENSG00000234005,3
ENSG00000234006,1
ENSG00000234008,0
ENSG00000234009,31
ENSG00000234015,0
ENSG00000234016,0
ENSG00000234017,0
ENSG00000234019,0
ENSG00000234020,0
ENSG00000234021,0
ENSG00000234022,0
ENSG00000234025,0
ENSG00000234026,1
ENSG00000234028,91
ENSG00000234030,0
ENSG00000234031,0
ENSG00000234033,0
ENSG00000234034,0
ENSG00000234036,0
ENSG00000234039,0
ENSG00000234040,5
ENSG00000234041,0
ENSG00000234042,18
ENSG00000234043,1
ENSG00000234044,0
ENSG00000234048,0
ENSG00000234050,2
ENSG00000234052,0
ENSG00000234055,0
ENSG00000234056,0
ENSG00000234059,0
ENSG00000234060,0
ENSG00000234061,2
ENSG00000234062,125
ENSG00000234064,0
ENSG00000234065,0
ENSG00000234066,0
ENSG00000234067,0
ENSG00000234068,0
ENSG00000234069,0
ENSG00000234070,0
ENSG00000234071,0
ENSG00000234072,65
ENSG00000234073,0
ENSG00000234075,0
ENSG00000234076,1
ENSG00000234080,2
ENSG00000234081,0
ENSG00000234083,0
ENSG00000234084,14
ENSG00000234085,0
ENSG00000234087,0
ENSG00000234088,0
ENSG00000234089,0
ENSG00000234091,1
ENSG00000234093,7
ENSG00000234099,0
ENSG00000234102,0
ENSG00000234104,0
ENSG00000234105,0
ENSG00000234106,4
ENSG00000234107,1
ENSG00000234108,1
ENSG00000234109,0
ENSG00000234110,0
ENSG00000234111,6
ENSG00000234112,2
ENSG00000234113,0
ENSG00000234115,0
ENSG00000234116,0
ENSG00000234117,0
ENSG00000234118,4
ENSG00000234119,0
ENSG00000234120,0
ENSG00000234121,0
ENSG00000234122,0
ENSG00000234123,0
ENSG00000234124,3
ENSG00000234125,0
ENSG00000234127,5579
ENSG00000234129,15
ENSG00000234130,14
ENSG00000234131,0
ENSG00000234132,0
ENSG00000234134,5
ENSG00000234135,0
ENSG00000234136,0
ENSG00000234139,4
ENSG00000234141,2
ENSG00000234142,0
ENSG00000234143,0
ENSG00000234144,0
ENSG00000234145,1
ENSG00000234146,0
ENSG00000234147,14
ENSG00000234148,0
ENSG00000234149,0
ENSG00000234152,0
ENSG00000234155,0
ENSG00000234156,0
ENSG00000234158,0
ENSG00000234159,0
ENSG00000234160,158
ENSG00000234161,0
ENSG00000234162,0
ENSG00000234163,0
ENSG00000234165,1
ENSG00000234166,0
ENSG00000234167,0
ENSG00000234168,0
ENSG00000234169,0
ENSG00000234170,0
ENSG00000234171,202
ENSG00000234172,0
ENSG00000234173,0
ENSG00000234174,2
ENSG00000234175,41
ENSG00000234176,45
ENSG00000234177,1
ENSG00000234178,0
ENSG00000234179,0
ENSG00000234181,0
ENSG00000234182,0
ENSG00000234183,1
ENSG00000234184,0
ENSG00000234185,1
ENSG00000234186,0
ENSG00000234187,1
ENSG00000234189,0
ENSG00000234190,0
ENSG00000234191,0
ENSG00000234192,6
ENSG00000234193,15
ENSG00000234197,0
ENSG00000234199,1
ENSG00000234200,0
ENSG00000234201,0
ENSG00000234202,0
ENSG00000234203,9
ENSG00000234204,0
ENSG00000234206,0
ENSG00000234207,0
ENSG00000234208,0
ENSG00000234210,7
ENSG00000234211,0
ENSG00000234213,0
ENSG00000234215,2
ENSG00000234217,0
ENSG00000234219,1
ENSG00000234222,21
ENSG00000234223,0
ENSG00000234224,0
ENSG00000234225,0
ENSG00000234226,0
ENSG00000234227,0
ENSG00000234228,0
ENSG00000234229,0
ENSG00000234230,2
ENSG00000234231,33
ENSG00000234232,3
ENSG00000234233,0
ENSG00000234234,0
ENSG00000234235,2
ENSG00000234238,0
ENSG00000234239,0
ENSG00000234241,2
ENSG00000234244,0
ENSG00000234247,0
ENSG00000234248,0
ENSG00000234252,9
ENSG00000234253,1
ENSG00000234255,1
ENSG00000234256,0
ENSG00000234257,0
ENSG00000234259,1
ENSG00000234261,0
ENSG00000234262,0
ENSG00000234263,5
ENSG00000234264,1
ENSG00000234265,0
ENSG00000234267,0
ENSG00000234268,3
ENSG00000234269,0
ENSG00000234270,0
ENSG00000234271,0
ENSG00000234272,1
ENSG00000234273,0
ENSG00000234274,0
ENSG00000234275,0
ENSG00000234276,0
ENSG00000234277,0
ENSG00000234278,0
ENSG00000234279,0
ENSG00000234281,3
ENSG00000234282,0
ENSG00000234283,0
ENSG00000234284,158
ENSG00000234285,1
ENSG00000234286,11
ENSG00000234287,7
ENSG00000234288,0
ENSG00000234289,0
ENSG00000234290,67
ENSG00000234292,1
ENSG00000234293,0
ENSG00000234296,0
ENSG00000234297,1
ENSG00000234300,0
ENSG00000234303,0
ENSG00000234304,0
ENSG00000234306,0
ENSG00000234308,0
ENSG00000234309,0
ENSG00000234311,2
ENSG00000234312,0
ENSG00000234315,0
ENSG00000234318,0
ENSG00000234319,0
ENSG00000234320,0
ENSG00000234322,0
ENSG00000234323,3
ENSG00000234324,0
ENSG00000234325,0
ENSG00000234327,125
ENSG00000234329,18
ENSG00000234332,0
ENSG00000234333,0
ENSG00000234335,8
ENSG00000234336,10
ENSG00000234337,5
ENSG00000234338,42
ENSG00000234340,0
ENSG00000234345,1
ENSG00000234349,0
ENSG00000234350,17
ENSG00000234352,0
ENSG00000234353,5
ENSG00000234354,5
ENSG00000234355,0
ENSG00000234356,0
ENSG00000234358,0
ENSG00000234359,0
ENSG00000234360,0
ENSG00000234361,0
ENSG00000234362,4
ENSG00000234363,0
ENSG00000234367,0
ENSG00000234369,1
ENSG00000234371,1
ENSG00000234373,51
ENSG00000234376,0
ENSG00000234377,2
ENSG00000234378,0
ENSG00000234379,0
ENSG00000234380,35
ENSG00000234381,0
ENSG00000234382,0
ENSG00000234383,3
ENSG00000234384,0
ENSG00000234385,0
ENSG00000234386,0
ENSG00000234387,0
ENSG00000234388,0
ENSG00000234389,0
ENSG00000234390,408
ENSG00000234391,0
ENSG00000234393,0
ENSG00000234394,1
ENSG00000234396,2
ENSG00000234397,8
ENSG00000234398,0
ENSG00000234399,0
ENSG00000234402,0
ENSG00000234404,0
ENSG00000234405,4
ENSG00000234406,0
ENSG00000234409,113
ENSG00000234413,0
ENSG00000234414,0
ENSG00000234415,0
ENSG00000234418,2
ENSG00000234419,0
ENSG00000234420,319
ENSG00000234421,0
ENSG00000234422,0
ENSG00000234423,0
ENSG00000234424,3
ENSG00000234425,1
ENSG00000234426,0
ENSG00000234427,0
ENSG00000234428,2
ENSG00000234429,1
ENSG00000234431,0
ENSG00000234432,66
ENSG00000234435,0
ENSG00000234436,0
ENSG00000234438,0
ENSG00000234439,0
ENSG00000234441,0
ENSG00000234442,0
ENSG00000234444,835
ENSG00000234445,0
ENSG00000234446,0
ENSG00000234448,0
ENSG00000234449,36
ENSG00000234450,2
ENSG00000234451,0
ENSG00000234452,0
ENSG00000234455,0
ENSG00000234456,187
ENSG00000234457,0
ENSG00000234458,0
ENSG00000234459,2
ENSG00000234460,0
ENSG00000234463,0
ENSG00000234464,0
ENSG00000234465,42
ENSG00000234466,1
ENSG00000234467,0
ENSG00000234469,1
ENSG00000234471,0
ENSG00000234473,0
ENSG00000234474,0
ENSG00000234476,3
ENSG00000234477,1
ENSG00000234478,2
ENSG00000234479,0
ENSG00000234480,0
ENSG00000234481,0
ENSG00000234484,0
ENSG00000234485,0
ENSG00000234488,0
ENSG00000234489,0
ENSG00000234491,0
ENSG00000234492,11
ENSG00000234493,0
ENSG00000234494,289
ENSG00000234496,0
ENSG00000234497,1
ENSG00000234498,38
ENSG00000234500,18
ENSG00000234502,0
ENSG00000234503,0
ENSG00000234504,0
ENSG00000234506,4
ENSG00000234509,11
ENSG00000234511,4
ENSG00000234512,2
ENSG00000234513,7
ENSG00000234515,1
ENSG00000234518,68
ENSG00000234519,0
ENSG00000234520,0
ENSG00000234521,9
ENSG00000234522,0
ENSG00000234523,0
ENSG00000234524,0
ENSG00000234527,0
ENSG00000234529,0
ENSG00000234534,3
ENSG00000234535,137
ENSG00000234536,7
ENSG00000234537,0
ENSG00000234538,0
ENSG00000234540,0
ENSG00000234541,0
ENSG00000234542,0
ENSG00000234544,0
ENSG00000234545,358
ENSG00000234546,29
ENSG00000234548,0
ENSG00000234551,0
ENSG00000234553,0
ENSG00000234556,0
ENSG00000234557,0
ENSG00000234558,0
ENSG00000234559,0
ENSG00000234560,0
ENSG00000234562,0
ENSG00000234564,0
ENSG00000234565,0
ENSG00000234566,1
ENSG00000234567,0
ENSG00000234568,0
ENSG00000234569,0
ENSG00000234570,0
ENSG00000234571,6
ENSG00000234572,18
ENSG00000234573,0
ENSG00000234575,0
ENSG00000234576,0
ENSG00000234577,0
ENSG00000234578,0
ENSG00000234579,0
ENSG00000234580,0
ENSG00000234583,0
ENSG00000234584,3
ENSG00000234585,161
ENSG00000234586,0
ENSG00000234587,0
ENSG00000234588,0
ENSG00000234589,11
ENSG00000234590,0
ENSG00000234592,0
ENSG00000234593,1
ENSG00000234594,0
ENSG00000234595,0
ENSG00000234597,0
ENSG00000234601,0
ENSG00000234602,10
ENSG00000234604,0
ENSG00000234607,0
ENSG00000234608,655
ENSG00000234611,0
ENSG00000234612,0
ENSG00000234613,0
ENSG00000234614,123
ENSG00000234616,941
ENSG00000234617,24
ENSG00000234618,38
ENSG00000234619,1
ENSG00000234620,0
ENSG00000234622,0
ENSG00000234624,0
ENSG00000234625,0
ENSG00000234626,0
ENSG00000234627,0
ENSG00000234629,0
ENSG00000234630,7
ENSG00000234632,0
ENSG00000234634,0
ENSG00000234636,21
ENSG00000234637,0
ENSG00000234638,0
ENSG00000234639,0
ENSG00000234640,0
ENSG00000234644,0
ENSG00000234645,8
ENSG00000234646,0
ENSG00000234647,0
ENSG00000234648,7
ENSG00000234650,0
ENSG00000234652,0
ENSG00000234653,0
ENSG00000234655,0
ENSG00000234658,0
ENSG00000234660,0
ENSG00000234661,0
ENSG00000234663,0
ENSG00000234664,59
ENSG00000234665,161
ENSG00000234667,1
ENSG00000234670,0
ENSG00000234671,0
ENSG00000234675,0
ENSG00000234676,1
ENSG00000234677,0
ENSG00000234678,46
ENSG00000234680,0
ENSG00000234682,0
ENSG00000234683,0
ENSG00000234684,431
ENSG00000234685,6
ENSG00000234686,0
ENSG00000234688,0
ENSG00000234689,0
ENSG00000234690,20
ENSG00000234692,1
ENSG00000234693,8
ENSG00000234694,26
ENSG00000234695,0
ENSG00000234696,1
ENSG00000234698,2
ENSG00000234699,4
ENSG00000234700,0
ENSG00000234701,0
ENSG00000234702,0
ENSG00000234703,0
ENSG00000234705,17
ENSG00000234706,0
ENSG00000234707,1
ENSG00000234709,7
ENSG00000234710,0
ENSG00000234711,1
ENSG00000234712,0
ENSG00000234713,1
ENSG00000234714,0
ENSG00000234715,3
ENSG00000234716,0
ENSG00000234717,0
ENSG00000234718,0
ENSG00000234719,123
ENSG00000234720,0
ENSG00000234721,1
ENSG00000234722,1
ENSG00000234723,0
ENSG00000234724,0
ENSG00000234726,0
ENSG00000234730,0
ENSG00000234731,0
ENSG00000234732,0
ENSG00000234735,0
ENSG00000234736,0
ENSG00000234737,3
ENSG00000234740,2
ENSG00000234741,3520
ENSG00000234742,153
ENSG00000234743,2
ENSG00000234744,0
ENSG00000234745,172468
ENSG00000234748,0
ENSG00000234749,0
ENSG00000234750,8
ENSG00000234751,0
ENSG00000234752,1
ENSG00000234753,85
ENSG00000234754,0
ENSG00000234756,0
ENSG00000234758,0
ENSG00000234761,0
ENSG00000234763,0
ENSG00000234764,0
ENSG00000234765,0
ENSG00000234766,0
ENSG00000234767,0
ENSG00000234768,0
ENSG00000234769,30
ENSG00000234770,23
ENSG00000234771,72
ENSG00000234772,1
ENSG00000234773,96
ENSG00000234775,0
ENSG00000234776,12
ENSG00000234777,0
ENSG00000234779,3
ENSG00000234780,0
ENSG00000234781,0
ENSG00000234782,10
ENSG00000234784,0
ENSG00000234785,3
ENSG00000234787,0
ENSG00000234788,1
ENSG00000234789,3
ENSG00000234790,1
ENSG00000234791,0
ENSG00000234792,0
ENSG00000234793,0
ENSG00000234795,0
ENSG00000234796,3
ENSG00000234797,31
ENSG00000234800,0
ENSG00000234801,1
ENSG00000234803,0
ENSG00000234805,0
ENSG00000234806,0
ENSG00000234807,67
ENSG00000234810,0
ENSG00000234811,0
ENSG00000234812,0
ENSG00000234813,0
ENSG00000234814,8
ENSG00000234816,3
ENSG00000234817,16
ENSG00000234818,1
ENSG00000234819,0
ENSG00000234821,0
ENSG00000234825,4
ENSG00000234826,0
ENSG00000234828,0
ENSG00000234829,0
ENSG00000234830,0
ENSG00000234832,1
ENSG00000234835,1
ENSG00000234837,0
ENSG00000234838,2
ENSG00000234839,0
ENSG00000234840,1
ENSG00000234841,0
ENSG00000234842,0
ENSG00000234844,0
ENSG00000234848,1
ENSG00000234850,0
ENSG00000234851,56
ENSG00000234853,2
ENSG00000234854,0
ENSG00000234855,0
ENSG00000234857,45
ENSG00000234859,8
ENSG00000234860,1
ENSG00000234861,0
ENSG00000234862,0
ENSG00000234863,0
ENSG00000234864,0
ENSG00000234865,0
ENSG00000234869,12
ENSG00000234871,0
ENSG00000234872,0
ENSG00000234877,0
ENSG00000234878,0
ENSG00000234880,0
ENSG00000234881,0
ENSG00000234882,79
ENSG00000234883,17
ENSG00000234884,0
ENSG00000234886,0
ENSG00000234888,0
ENSG00000234889,0
ENSG00000234890,0
ENSG00000234891,0
ENSG00000234892,0
ENSG00000234894,0
ENSG00000234895,1
ENSG00000234896,0
ENSG00000234898,0
ENSG00000234899,7
ENSG00000234900,0
ENSG00000234901,0
ENSG00000234902,0
ENSG00000234903,0
ENSG00000234906,21
ENSG00000234907,0
ENSG00000234910,0
ENSG00000234911,5
ENSG00000234912,328
ENSG00000234913,2
ENSG00000234915,0
ENSG00000234917,8
ENSG00000234918,1
ENSG00000234919,0
ENSG00000234921,0
ENSG00000234922,0
ENSG00000234925,38
ENSG00000234927,0
ENSG00000234928,6
ENSG00000234929,3
ENSG00000234931,0
ENSG00000234932,0
ENSG00000234933,0
ENSG00000234934,0
ENSG00000234936,5
ENSG00000234937,5
ENSG00000234938,0
ENSG00000234939,0
ENSG00000234940,0
ENSG00000234941,0
ENSG00000234942,0
ENSG00000234943,0
ENSG00000234944,0
ENSG00000234945,8
ENSG00000234946,1
ENSG00000234948,1
ENSG00000234949,229
ENSG00000234950,0
ENSG00000234952,0
ENSG00000234953,0
ENSG00000234956,0
ENSG00000234958,0
ENSG00000234961,4
ENSG00000234962,0
ENSG00000234964,0
ENSG00000234965,2
ENSG00000234967,0
ENSG00000234969,18
ENSG00000234973,0
ENSG00000234975,16
ENSG00000234977,0
ENSG00000234979,201
ENSG00000234981,2
ENSG00000234982,2
ENSG00000234983,0
ENSG00000234984,0
ENSG00000234985,1
ENSG00000234986,0
ENSG00000234988,0
ENSG00000234993,0
ENSG00000234995,1
ENSG00000234996,1
ENSG00000234997,3
ENSG00000234998,1
ENSG00000234999,0
ENSG00000235001,7
ENSG00000235002,0
ENSG00000235004,0
ENSG00000235005,0
ENSG00000235007,10
ENSG00000235008,0
ENSG00000235009,0
ENSG00000235010,10
ENSG00000235011,0
ENSG00000235012,0
ENSG00000235013,0
ENSG00000235014,0
ENSG00000235015,0
ENSG00000235016,78
ENSG00000235018,0
ENSG00000235020,0
ENSG00000235021,0
ENSG00000235023,2
ENSG00000235024,0
ENSG00000235026,0
ENSG00000235027,43
ENSG00000235028,0
ENSG00000235029,0
ENSG00000235032,0
ENSG00000235033,7
ENSG00000235034,2
ENSG00000235035,0
ENSG00000235036,0
ENSG00000235038,0
ENSG00000235039,0
ENSG00000235040,0
ENSG00000235042,0
ENSG00000235043,58
ENSG00000235044,1
ENSG00000235045,2
ENSG00000235047,0
ENSG00000235049,218
ENSG00000235050,0
ENSG00000235051,5
ENSG00000235052,21
ENSG00000235054,1
ENSG00000235055,0
ENSG00000235056,0
ENSG00000235058,0
ENSG00000235059,0
ENSG00000235060,0
ENSG00000235061,0
ENSG00000235062,1
ENSG00000235064,0
ENSG00000235065,42
ENSG00000235066,0
ENSG00000235069,1
ENSG00000235070,0
ENSG00000235071,3
ENSG00000235072,3
ENSG00000235076,5
ENSG00000235077,2
ENSG00000235078,5
ENSG00000235079,8
ENSG00000235080,0
ENSG00000235081,5
ENSG00000235082,8
ENSG00000235083,0
ENSG00000235084,18
ENSG00000235085,0
ENSG00000235086,0
ENSG00000235088,0
ENSG00000235089,0
ENSG00000235090,0
ENSG00000235091,7
ENSG00000235092,6
ENSG00000235094,0
ENSG00000235095,0
ENSG00000235096,0
ENSG00000235097,0
ENSG00000235098,387
ENSG00000235099,0
ENSG00000235100,10
ENSG00000235101,0
ENSG00000235102,0
ENSG00000235105,13
ENSG00000235106,3384
ENSG00000235108,0
ENSG00000235109,680
ENSG00000235110,0
ENSG00000235111,4
ENSG00000235112,0
ENSG00000235113,0
ENSG00000235115,2
ENSG00000235118,0
ENSG00000235119,0
ENSG00000235120,0
ENSG00000235121,3
ENSG00000235122,0
ENSG00000235123,0
ENSG00000235124,0
ENSG00000235126,0
ENSG00000235127,0
ENSG00000235128,1
ENSG00000235129,0
ENSG00000235131,0
ENSG00000235133,0
ENSG00000235136,0
ENSG00000235137,0
ENSG00000235138,27
ENSG00000235139,0
ENSG00000235140,0
ENSG00000235141,0
ENSG00000235142,1
ENSG00000235143,0
ENSG00000235145,0
ENSG00000235146,0
ENSG00000235147,0
ENSG00000235148,0
ENSG00000235149,0
ENSG00000235150,0
ENSG00000235151,3
ENSG00000235152,0
ENSG00000235154,0
ENSG00000235156,0
ENSG00000235158,0
ENSG00000235159,7
ENSG00000235160,0
ENSG00000235162,437
ENSG00000235163,0
ENSG00000235165,0
ENSG00000235166,0
ENSG00000235168,0
ENSG00000235169,589
ENSG00000235170,0
ENSG00000235172,2
ENSG00000235173,2589
ENSG00000235174,96
ENSG00000235175,5
ENSG00000235180,0
ENSG00000235181,0
ENSG00000235182,0
ENSG00000235183,0
ENSG00000235185,0
ENSG00000235186,0
ENSG00000235189,2
ENSG00000235190,0
ENSG00000235191,2
ENSG00000235192,3
ENSG00000235193,0
ENSG00000235194,837
ENSG00000235196,0
ENSG00000235197,0
ENSG00000235198,0
ENSG00000235199,0
ENSG00000235200,0
ENSG00000235201,0
ENSG00000235202,0
ENSG00000235203,0
ENSG00000235204,2
ENSG00000235205,1
ENSG00000235207,1
ENSG00000235208,0
ENSG00000235209,1
ENSG00000235211,0
ENSG00000235213,6
ENSG00000235214,5
ENSG00000235215,0
ENSG00000235217,2435
ENSG00000235218,0
ENSG00000235219,0
ENSG00000235221,0
ENSG00000235224,0
ENSG00000235225,3
ENSG00000235226,0
ENSG00000235227,0
ENSG00000235232,0
ENSG00000235235,0
ENSG00000235236,13
ENSG00000235237,1
ENSG00000235238,4
ENSG00000235239,1
ENSG00000235240,0
ENSG00000235241,38
ENSG00000235242,0
ENSG00000235243,0
ENSG00000235244,12
ENSG00000235245,27
ENSG00000235246,1
ENSG00000235248,0
ENSG00000235251,0
ENSG00000235253,2
ENSG00000235254,0
ENSG00000235256,0
ENSG00000235257,309
ENSG00000235258,1
ENSG00000235262,1
ENSG00000235263,0
ENSG00000235264,1
ENSG00000235266,0
ENSG00000235267,2
ENSG00000235268,1
ENSG00000235269,0
ENSG00000235271,1
ENSG00000235272,0
ENSG00000235274,0
ENSG00000235275,1
ENSG00000235277,0
ENSG00000235278,0
ENSG00000235279,0
ENSG00000235280,71
ENSG00000235281,0
ENSG00000235282,0
ENSG00000235284,1
ENSG00000235285,1
ENSG00000235286,1
ENSG00000235288,3
ENSG00000235289,0
ENSG00000235290,26
ENSG00000235292,1
ENSG00000235293,0
ENSG00000235294,0
ENSG00000235295,0
ENSG00000235296,1
ENSG00000235297,6
ENSG00000235298,33
ENSG00000235299,0
ENSG00000235300,2
ENSG00000235301,1
ENSG00000235303,3
ENSG00000235304,0
ENSG00000235306,0
ENSG00000235308,2
ENSG00000235310,0
ENSG00000235312,0
ENSG00000235313,25
ENSG00000235314,2347
ENSG00000235315,0
ENSG00000235316,50
ENSG00000235318,0
ENSG00000235319,7
ENSG00000235321,1
ENSG00000235323,0
ENSG00000235325,0
ENSG00000235328,1
ENSG00000235329,0
ENSG00000235330,12
ENSG00000235332,0
ENSG00000235333,0
ENSG00000235334,0
ENSG00000235335,0
ENSG00000235337,0
ENSG00000235338,0
ENSG00000235339,0
ENSG00000235343,0
ENSG00000235347,0
ENSG00000235349,40
ENSG00000235350,0
ENSG00000235351,7
ENSG00000235352,0
ENSG00000235354,0
ENSG00000235355,0
ENSG00000235356,0
ENSG00000235357,0
ENSG00000235358,0
ENSG00000235361,0
ENSG00000235363,1
ENSG00000235366,0
ENSG00000235368,0
ENSG00000235369,1
ENSG00000235370,8
ENSG00000235371,0
ENSG00000235373,1
ENSG00000235374,41
ENSG00000235376,1
ENSG00000235377,0
ENSG00000235378,0
ENSG00000235379,0
ENSG00000235381,104
ENSG00000235382,0
ENSG00000235385,1
ENSG00000235386,0
ENSG00000235387,38
ENSG00000235389,0
ENSG00000235390,0
ENSG00000235397,5
ENSG00000235399,1
ENSG00000235400,11
ENSG00000235403,0
ENSG00000235407,0
ENSG00000235408,11
ENSG00000235410,0
ENSG00000235411,1
ENSG00000235412,0
ENSG00000235413,6
ENSG00000235414,0
ENSG00000235415,0
ENSG00000235416,0
ENSG00000235419,0
ENSG00000235420,0
ENSG00000235421,0
ENSG00000235422,0
ENSG00000235423,151
ENSG00000235424,0
ENSG00000235425,0
ENSG00000235426,0
ENSG00000235427,0
ENSG00000235429,0
ENSG00000235430,0
ENSG00000235431,0
ENSG00000235432,0
ENSG00000235433,0
ENSG00000235434,0
ENSG00000235435,0
ENSG00000235436,163
ENSG00000235437,3333
ENSG00000235438,26
ENSG00000235440,0
ENSG00000235444,0
ENSG00000235445,0
ENSG00000235446,0
ENSG00000235447,1
ENSG00000235448,1
ENSG00000235449,3
ENSG00000235450,1
ENSG00000235451,0
ENSG00000235453,224
ENSG00000235454,2
ENSG00000235455,0
ENSG00000235459,6
ENSG00000235461,1
ENSG00000235462,0
ENSG00000235463,0
ENSG00000235464,0
ENSG00000235467,0
ENSG00000235469,0
ENSG00000235470,4
ENSG00000235472,4
ENSG00000235475,29
ENSG00000235478,4
ENSG00000235479,0
ENSG00000235480,17
ENSG00000235481,6
ENSG00000235482,3
ENSG00000235483,0
ENSG00000235485,0
ENSG00000235486,0
ENSG00000235488,1
ENSG00000235489,0
ENSG00000235491,0
ENSG00000235492,0
ENSG00000235493,0
ENSG00000235494,0
ENSG00000235495,0
ENSG00000235497,0
ENSG00000235499,7
ENSG00000235500,2
ENSG00000235501,258
ENSG00000235503,0
ENSG00000235505,134
ENSG00000235508,28
ENSG00000235510,0
ENSG00000235511,0
ENSG00000235512,0
ENSG00000235513,52
ENSG00000235514,0
ENSG00000235518,0
ENSG00000235519,0
ENSG00000235521,0
ENSG00000235522,0
ENSG00000235523,0
ENSG00000235524,0
ENSG00000235525,0
ENSG00000235526,0
ENSG00000235527,12
ENSG00000235529,17
ENSG00000235530,6
ENSG00000235531,90
ENSG00000235532,0
ENSG00000235533,0
ENSG00000235534,0
ENSG00000235535,0
ENSG00000235537,0
ENSG00000235538,0
ENSG00000235539,0
ENSG00000235544,0
ENSG00000235545,1
ENSG00000235546,4
ENSG00000235547,0
ENSG00000235548,0
ENSG00000235549,1
ENSG00000235550,0
ENSG00000235552,267
ENSG00000235554,5
ENSG00000235555,0
ENSG00000235558,0
ENSG00000235559,29
ENSG00000235560,72
ENSG00000235563,0
ENSG00000235564,0
ENSG00000235565,24
ENSG00000235568,375
ENSG00000235570,0
ENSG00000235571,11
ENSG00000235572,0
ENSG00000235573,0
ENSG00000235574,1
ENSG00000235575,0
ENSG00000235576,4
ENSG00000235578,4
ENSG00000235579,0
ENSG00000235581,0
ENSG00000235582,0
ENSG00000235583,0
ENSG00000235584,2655
ENSG00000235586,1
ENSG00000235587,14
ENSG00000235590,2
ENSG00000235592,0
ENSG00000235593,0
ENSG00000235594,0
ENSG00000235595,0
ENSG00000235597,2
ENSG00000235598,0
ENSG00000235601,0
ENSG00000235602,4
ENSG00000235605,13
ENSG00000235606,0
ENSG00000235608,0
ENSG00000235609,148
ENSG00000235610,0
ENSG00000235612,0
ENSG00000235613,3
ENSG00000235615,0
ENSG00000235616,0
ENSG00000235617,0
ENSG00000235618,9
ENSG00000235619,1
ENSG00000235620,1
ENSG00000235621,0
ENSG00000235623,0
ENSG00000235625,0
ENSG00000235626,1
ENSG00000235627,0
ENSG00000235628,0
ENSG00000235629,2
ENSG00000235631,0
ENSG00000235635,2
ENSG00000235636,32
ENSG00000235637,0
ENSG00000235638,0
ENSG00000235639,0
ENSG00000235640,0
ENSG00000235641,3
ENSG00000235642,0
ENSG00000235643,0
ENSG00000235644,0
ENSG00000235645,0
ENSG00000235646,0
ENSG00000235647,0
ENSG00000235649,10
ENSG00000235651,10
ENSG00000235652,103
ENSG00000235653,0
ENSG00000235655,64
ENSG00000235656,0
ENSG00000235659,1
ENSG00000235660,0
ENSG00000235661,0
ENSG00000235663,18
ENSG00000235665,4
ENSG00000235669,0
ENSG00000235670,3
ENSG00000235672,1
ENSG00000235673,0
ENSG00000235674,1
ENSG00000235677,0
ENSG00000235678,0
ENSG00000235679,0
ENSG00000235681,6
ENSG00000235683,0
ENSG00000235685,0
ENSG00000235686,1
ENSG00000235687,1
ENSG00000235688,3
ENSG00000235689,0
ENSG00000235690,0
ENSG00000235691,0
ENSG00000235695,0
ENSG00000235698,0
ENSG00000235699,0
ENSG00000235700,0
ENSG00000235701,2
ENSG00000235703,233
ENSG00000235705,0
ENSG00000235706,300
ENSG00000235707,0
ENSG00000235710,0
ENSG00000235711,0
ENSG00000235713,42
ENSG00000235716,0
ENSG00000235717,0
ENSG00000235718,0
ENSG00000235719,0
ENSG00000235720,0
ENSG00000235721,10
ENSG00000235724,9
ENSG00000235725,0
ENSG00000235726,0
ENSG00000235728,0
ENSG00000235729,0
ENSG00000235730,0
ENSG00000235731,0
ENSG00000235733,2
ENSG00000235734,27
ENSG00000235735,0
ENSG00000235736,0
ENSG00000235737,0
ENSG00000235738,0
ENSG00000235740,1
ENSG00000235741,0
ENSG00000235742,0
ENSG00000235743,0
ENSG00000235746,0
ENSG00000235748,1
ENSG00000235749,7
ENSG00000235750,6249
ENSG00000235751,0
ENSG00000235756,0
ENSG00000235759,0
ENSG00000235760,3
ENSG00000235761,0
ENSG00000235763,0
ENSG00000235768,0
ENSG00000235770,54
ENSG00000235772,5
ENSG00000235774,0
ENSG00000235775,0
ENSG00000235776,54
ENSG00000235777,0
ENSG00000235778,0
ENSG00000235779,2
ENSG00000235780,0
ENSG00000235781,2
ENSG00000235782,1
ENSG00000235784,0
ENSG00000235785,0
ENSG00000235786,0
ENSG00000235787,0
ENSG00000235790,4
ENSG00000235794,0
ENSG00000235795,7
ENSG00000235797,0
ENSG00000235802,4
ENSG00000235803,0
ENSG00000235804,0
ENSG00000235805,0
ENSG00000235806,1
ENSG00000235808,1
ENSG00000235810,0
ENSG00000235811,0
ENSG00000235812,0
ENSG00000235813,0
ENSG00000235815,2
ENSG00000235816,0
ENSG00000235817,0
ENSG00000235818,0
ENSG00000235819,0
ENSG00000235820,0
ENSG00000235821,4
ENSG00000235822,0
ENSG00000235823,1118
ENSG00000235824,0
ENSG00000235825,0
ENSG00000235827,0
ENSG00000235828,4
ENSG00000235829,0
ENSG00000235830,25
ENSG00000235831,64
ENSG00000235832,0
ENSG00000235833,0
ENSG00000235834,0
ENSG00000235836,15
ENSG00000235837,5
ENSG00000235838,0
ENSG00000235840,0
ENSG00000235843,0
ENSG00000235845,0
ENSG00000235847,9
ENSG00000235848,2
ENSG00000235849,0
ENSG00000235852,1
ENSG00000235855,0
ENSG00000235857,0
ENSG00000235858,0
ENSG00000235859,430
ENSG00000235861,1
ENSG00000235862,0
ENSG00000235863,1030
ENSG00000235864,0
ENSG00000235865,13
ENSG00000235868,0
ENSG00000235869,0
ENSG00000235871,0
ENSG00000235872,3
ENSG00000235875,0
ENSG00000235876,0
ENSG00000235879,0
ENSG00000235880,0
ENSG00000235881,0
ENSG00000235884,4
ENSG00000235885,0
ENSG00000235886,0
ENSG00000235887,0
ENSG00000235888,12
ENSG00000235890,45
ENSG00000235892,1
ENSG00000235893,0
ENSG00000235895,0
ENSG00000235897,20
ENSG00000235899,0
ENSG00000235901,0
ENSG00000235902,0
ENSG00000235903,7
ENSG00000235904,0
ENSG00000235907,1
ENSG00000235908,3
ENSG00000235910,1
ENSG00000235911,0
ENSG00000235912,16
ENSG00000235914,0
ENSG00000235916,0
ENSG00000235917,0
ENSG00000235919,35
ENSG00000235920,0
ENSG00000235922,0
ENSG00000235924,0
ENSG00000235926,0
ENSG00000235927,2
ENSG00000235929,0
ENSG00000235930,0
ENSG00000235931,0
ENSG00000235932,0
ENSG00000235933,0
ENSG00000235934,0
ENSG00000235937,1
ENSG00000235939,0
ENSG00000235940,0
ENSG00000235942,0
ENSG00000235943,0
ENSG00000235944,54
ENSG00000235945,0
ENSG00000235946,3
ENSG00000235947,6
ENSG00000235949,73
ENSG00000235951,0
ENSG00000235954,445
ENSG00000235955,0
ENSG00000235957,0
ENSG00000235958,8
ENSG00000235959,0
ENSG00000235961,0
ENSG00000235962,3
ENSG00000235963,0
ENSG00000235964,0
ENSG00000235965,0
ENSG00000235967,0
ENSG00000235968,0
ENSG00000235969,0
ENSG00000235972,0
ENSG00000235974,1
ENSG00000235975,0
ENSG00000235976,0
ENSG00000235978,227
ENSG00000235979,1
ENSG00000235981,0
ENSG00000235982,0
ENSG00000235984,0
ENSG00000235988,0
ENSG00000235989,5
ENSG00000235990,0
ENSG00000235991,0
ENSG00000235992,0
ENSG00000235993,0
ENSG00000235994,2
ENSG00000235995,0
ENSG00000235996,0
ENSG00000235997,29
ENSG00000235998,0
ENSG00000236003,0
ENSG00000236004,0
ENSG00000236005,2
ENSG00000236007,0
ENSG00000236008,27
ENSG00000236009,0
ENSG00000236012,1
ENSG00000236013,0
ENSG00000236015,34
ENSG00000236017,187
ENSG00000236018,2
ENSG00000236021,4
ENSG00000236022,0
ENSG00000236024,1
ENSG00000236025,0
ENSG00000236026,0
ENSG00000236027,0
ENSG00000236028,1
ENSG00000236030,0
ENSG00000236031,5
ENSG00000236032,0
ENSG00000236035,0
ENSG00000236036,0
ENSG00000236039,0
ENSG00000236040,0
ENSG00000236041,0
ENSG00000236042,0
ENSG00000236044,0
ENSG00000236045,7
ENSG00000236046,0
ENSG00000236047,1
ENSG00000236048,0
ENSG00000236049,0
ENSG00000236051,10
ENSG00000236052,0
ENSG00000236053,0
ENSG00000236054,19
ENSG00000236056,0
ENSG00000236058,11
ENSG00000236060,41
ENSG00000236062,0
ENSG00000236064,0
ENSG00000236065,1
ENSG00000236066,3
ENSG00000236068,0
ENSG00000236069,0
ENSG00000236072,0
ENSG00000236073,0
ENSG00000236075,0
ENSG00000236076,0
ENSG00000236077,0
ENSG00000236078,0
ENSG00000236079,0
ENSG00000236080,0
ENSG00000236081,2
ENSG00000236082,0
ENSG00000236083,0
ENSG00000236085,0
ENSG00000236086,7
ENSG00000236088,308
ENSG00000236090,35
ENSG00000236091,0
ENSG00000236094,0
ENSG00000236095,1
ENSG00000236097,0
ENSG00000236098,2
ENSG00000236099,0
ENSG00000236101,0
ENSG00000236102,1
ENSG00000236104,1562
ENSG00000236105,0
ENSG00000236106,0
ENSG00000236107,0
ENSG00000236108,0
ENSG00000236109,0
ENSG00000236110,0
ENSG00000236111,3
ENSG00000236114,2
ENSG00000236115,0
ENSG00000236116,1
ENSG00000236117,0
ENSG00000236118,0
ENSG00000236119,0
ENSG00000236120,33
ENSG00000236121,0
ENSG00000236123,0
ENSG00000236124,0
ENSG00000236125,0
ENSG00000236126,0
ENSG00000236129,0
ENSG00000236130,0
ENSG00000236131,0
ENSG00000236132,0
ENSG00000236133,0
ENSG00000236136,0
ENSG00000236137,22
ENSG00000236138,4
ENSG00000236140,2
ENSG00000236141,0
ENSG00000236144,279
ENSG00000236145,0
ENSG00000236146,3
ENSG00000236148,1
ENSG00000236151,0
ENSG00000236152,1
ENSG00000236153,0
ENSG00000236154,2
ENSG00000236155,55
ENSG00000236156,0
ENSG00000236158,0
ENSG00000236159,0
ENSG00000236160,0
ENSG00000236162,0
ENSG00000236164,0
ENSG00000236165,17
ENSG00000236166,0
ENSG00000236167,0
ENSG00000236168,0
ENSG00000236169,0
ENSG00000236170,0
ENSG00000236171,0
ENSG00000236172,0
ENSG00000236173,2
ENSG00000236175,0
ENSG00000236176,0
ENSG00000236179,0
ENSG00000236180,0
ENSG00000236182,2
ENSG00000236184,6
ENSG00000236185,0
ENSG00000236187,1
ENSG00000236188,0
ENSG00000236189,0
ENSG00000236190,0
ENSG00000236191,0
ENSG00000236193,0
ENSG00000236194,0
ENSG00000236195,0
ENSG00000236197,0
ENSG00000236198,1
ENSG00000236199,81
ENSG00000236200,36
ENSG00000236202,0
ENSG00000236204,63
ENSG00000236205,0
ENSG00000236206,0
ENSG00000236208,0
ENSG00000236209,0
ENSG00000236211,0
ENSG00000236212,0
ENSG00000236213,0
ENSG00000236216,0
ENSG00000236217,0
ENSG00000236226,0
ENSG00000236229,1
ENSG00000236230,2
ENSG00000236231,0
ENSG00000236232,0
ENSG00000236234,2
ENSG00000236235,0
ENSG00000236238,0
ENSG00000236240,0
ENSG00000236241,0
ENSG00000236242,0
ENSG00000236243,0
ENSG00000236244,0
ENSG00000236246,0
ENSG00000236248,0
ENSG00000236252,0
ENSG00000236253,0
ENSG00000236254,0
ENSG00000236255,51
ENSG00000236256,0
ENSG00000236257,3
ENSG00000236258,0
ENSG00000236259,0
ENSG00000236261,0
ENSG00000236262,0
ENSG00000236263,0
ENSG00000236264,2
ENSG00000236266,1
ENSG00000236267,0
ENSG00000236268,5
ENSG00000236269,0
ENSG00000236272,1
ENSG00000236274,0
ENSG00000236276,0
ENSG00000236277,0
ENSG00000236278,0
ENSG00000236279,0
ENSG00000236280,0
ENSG00000236281,1
ENSG00000236283,19
ENSG00000236284,0
ENSG00000236285,0
ENSG00000236287,1813
ENSG00000236289,6
ENSG00000236290,0
ENSG00000236292,0
ENSG00000236295,0
ENSG00000236296,2
ENSG00000236297,8
ENSG00000236299,0
ENSG00000236300,0
ENSG00000236301,0
ENSG00000236303,0
ENSG00000236304,9
ENSG00000236305,46
ENSG00000236306,0
ENSG00000236307,5
ENSG00000236308,3
ENSG00000236309,0
ENSG00000236310,0
ENSG00000236311,33
ENSG00000236312,1
ENSG00000236313,0
ENSG00000236316,0
ENSG00000236317,3
ENSG00000236318,0
ENSG00000236319,0
ENSG00000236320,1
ENSG00000236323,0
ENSG00000236324,0
ENSG00000236325,0
ENSG00000236326,0
ENSG00000236327,0
ENSG00000236330,2
ENSG00000236332,0
ENSG00000236333,0
ENSG00000236334,0
ENSG00000236335,0
ENSG00000236336,0
ENSG00000236337,3
ENSG00000236339,0
ENSG00000236340,0
ENSG00000236341,0
ENSG00000236343,0
ENSG00000236345,1
ENSG00000236347,0
ENSG00000236348,1
ENSG00000236349,13
ENSG00000236352,1
ENSG00000236354,0
ENSG00000236355,0
ENSG00000236356,0
ENSG00000236357,0
ENSG00000236358,3
ENSG00000236359,0
ENSG00000236360,9
ENSG00000236362,0
ENSG00000236364,8
ENSG00000236365,0
ENSG00000236366,0
ENSG00000236371,0
ENSG00000236372,0
ENSG00000236373,0
ENSG00000236375,1
ENSG00000236376,0
ENSG00000236377,1
ENSG00000236378,0
ENSG00000236379,0
ENSG00000236380,0
ENSG00000236382,0
ENSG00000236383,85
ENSG00000236384,0
ENSG00000236385,0
ENSG00000236386,0
ENSG00000236387,0
ENSG00000236388,0
ENSG00000236389,0
ENSG00000236390,1
ENSG00000236391,0
ENSG00000236392,0
ENSG00000236393,5
ENSG00000236394,4
ENSG00000236395,0
ENSG00000236396,0
ENSG00000236397,2
ENSG00000236398,0
ENSG00000236400,0
ENSG00000236401,0
ENSG00000236403,0
ENSG00000236404,10
ENSG00000236405,0
ENSG00000236407,0
ENSG00000236408,0
ENSG00000236409,4
ENSG00000236411,11
ENSG00000236412,0
ENSG00000236413,0
ENSG00000236414,0
ENSG00000236417,0
ENSG00000236420,0
ENSG00000236423,25
ENSG00000236424,0
ENSG00000236425,0
ENSG00000236426,0
ENSG00000236427,0
ENSG00000236429,0
ENSG00000236430,0
ENSG00000236431,24
ENSG00000236432,40
ENSG00000236433,0
ENSG00000236434,3
ENSG00000236435,0
ENSG00000236436,0
ENSG00000236437,0
ENSG00000236438,0
ENSG00000236439,281
ENSG00000236440,0
ENSG00000236442,0
ENSG00000236444,3
ENSG00000236445,0
ENSG00000236446,0
ENSG00000236447,0
ENSG00000236449,1
ENSG00000236450,0
ENSG00000236451,0
ENSG00000236452,0
ENSG00000236453,1
ENSG00000236456,16
ENSG00000236457,0
ENSG00000236459,0
ENSG00000236460,0
ENSG00000236461,0
ENSG00000236463,0
ENSG00000236464,12
ENSG00000236466,0
ENSG00000236467,10
ENSG00000236468,1
ENSG00000236469,1
ENSG00000236471,0
ENSG00000236472,3
ENSG00000236473,0
ENSG00000236474,0
ENSG00000236475,1
ENSG00000236476,0
ENSG00000236477,0
ENSG00000236478,0
ENSG00000236480,1
ENSG00000236481,2
ENSG00000236483,2
ENSG00000236484,0
ENSG00000236485,0
ENSG00000236487,0
ENSG00000236489,0
ENSG00000236491,3
ENSG00000236493,3
ENSG00000236494,0
ENSG00000236495,1
ENSG00000236496,20
ENSG00000236497,0
ENSG00000236498,8
ENSG00000236499,1
ENSG00000236500,0
ENSG00000236501,70
ENSG00000236502,0
ENSG00000236503,0
ENSG00000236504,0
ENSG00000236505,0
ENSG00000236507,0
ENSG00000236508,0
ENSG00000236509,0
ENSG00000236510,0
ENSG00000236511,0
ENSG00000236512,0
ENSG00000236513,0
ENSG00000236514,7
ENSG00000236516,11
ENSG00000236519,4
ENSG00000236520,0
ENSG00000236521,0
ENSG00000236523,0
ENSG00000236525,0
ENSG00000236526,7
ENSG00000236527,1
ENSG00000236528,0
ENSG00000236529,6
ENSG00000236530,0
ENSG00000236531,0
ENSG00000236532,1
ENSG00000236533,1
ENSG00000236534,9
ENSG00000236535,0
ENSG00000236536,3
ENSG00000236538,0
ENSG00000236539,4
ENSG00000236540,56
ENSG00000236541,0
ENSG00000236542,1
ENSG00000236543,0
ENSG00000236544,0
ENSG00000236545,1
ENSG00000236546,1
ENSG00000236548,13
ENSG00000236549,0
ENSG00000236550,0
ENSG00000236552,206
ENSG00000236554,5
ENSG00000236555,0
ENSG00000236556,0
ENSG00000236559,4
ENSG00000236562,0
ENSG00000236564,0
ENSG00000236565,6
ENSG00000236567,1
ENSG00000236569,0
ENSG00000236570,0
ENSG00000236571,0
ENSG00000236572,0
ENSG00000236574,0
ENSG00000236576,0
ENSG00000236577,1
ENSG00000236580,0
ENSG00000236581,3
ENSG00000236582,0
ENSG00000236583,0
ENSG00000236590,0
ENSG00000236591,2
ENSG00000236592,0
ENSG00000236594,0
ENSG00000236595,1
ENSG00000236596,0
ENSG00000236597,0
ENSG00000236599,0
ENSG00000236601,0
ENSG00000236603,5
ENSG00000236604,0
ENSG00000236605,0
ENSG00000236606,0
ENSG00000236607,1
ENSG00000236608,1
ENSG00000236609,1724
ENSG00000236610,0
ENSG00000236611,1
ENSG00000236612,0
ENSG00000236615,0
ENSG00000236616,0
ENSG00000236617,21
ENSG00000236618,188
ENSG00000236620,0
ENSG00000236621,0
ENSG00000236626,0
ENSG00000236627,0
ENSG00000236634,0
ENSG00000236635,0
ENSG00000236636,0
ENSG00000236637,0
ENSG00000236638,0
ENSG00000236641,0
ENSG00000236643,0
ENSG00000236646,1
ENSG00000236647,0
ENSG00000236648,0
ENSG00000236651,0
ENSG00000236653,0
ENSG00000236654,1
ENSG00000236655,0
ENSG00000236656,0
ENSG00000236658,0
ENSG00000236660,0
ENSG00000236662,2
ENSG00000236663,14
ENSG00000236664,0
ENSG00000236665,0
ENSG00000236666,0
ENSG00000236667,0
ENSG00000236668,0
ENSG00000236670,2
ENSG00000236671,1
ENSG00000236673,0
ENSG00000236674,0
ENSG00000236675,88
ENSG00000236676,0
ENSG00000236677,0
ENSG00000236678,0
ENSG00000236679,0
ENSG00000236680,0
ENSG00000236681,0
ENSG00000236682,54
ENSG00000236683,0
ENSG00000236686,1
ENSG00000236687,0
ENSG00000236689,0
ENSG00000236690,0
ENSG00000236691,0
ENSG00000236692,0
ENSG00000236695,1
ENSG00000236698,6
ENSG00000236699,118
ENSG00000236700,0
ENSG00000236701,0
ENSG00000236703,1
ENSG00000236704,0
ENSG00000236708,0
ENSG00000236709,0
ENSG00000236710,6
ENSG00000236711,0
ENSG00000236712,0
ENSG00000236713,0
ENSG00000236714,3
ENSG00000236716,0
ENSG00000236717,0
ENSG00000236718,0
ENSG00000236719,0
ENSG00000236720,0
ENSG00000236722,0
ENSG00000236723,21
ENSG00000236724,0
ENSG00000236731,0
ENSG00000236732,3
ENSG00000236733,0
ENSG00000236735,3
ENSG00000236736,0
ENSG00000236737,0
ENSG00000236739,0
ENSG00000236740,5
ENSG00000236741,0
ENSG00000236743,0
ENSG00000236744,0
ENSG00000236745,0
ENSG00000236747,0
ENSG00000236748,0
ENSG00000236750,0
ENSG00000236751,0
ENSG00000236753,206
ENSG00000236754,0
ENSG00000236756,2
ENSG00000236758,0
ENSG00000236760,0
ENSG00000236761,0
ENSG00000236762,3
ENSG00000236763,0
ENSG00000236764,0
ENSG00000236768,7
ENSG00000236769,0
ENSG00000236770,0
ENSG00000236772,24
ENSG00000236773,5
ENSG00000236775,0
ENSG00000236776,0
ENSG00000236777,0
ENSG00000236778,76
ENSG00000236779,0
ENSG00000236780,2
ENSG00000236782,12
ENSG00000236783,0
ENSG00000236785,0
ENSG00000236786,0
ENSG00000236790,37
ENSG00000236791,0
ENSG00000236792,1
ENSG00000236794,1
ENSG00000236795,0
ENSG00000236796,6
ENSG00000236797,1
ENSG00000236799,0
ENSG00000236800,0
ENSG00000236801,12
ENSG00000236803,0
ENSG00000236804,4
ENSG00000236806,2
ENSG00000236807,0
ENSG00000236809,66
ENSG00000236810,73
ENSG00000236811,4
ENSG00000236813,1
ENSG00000236814,13
ENSG00000236816,0
ENSG00000236817,0
ENSG00000236818,0
ENSG00000236819,1
ENSG00000236822,0
ENSG00000236823,0
ENSG00000236824,40
ENSG00000236825,0
ENSG00000236827,0
ENSG00000236828,0
ENSG00000236829,42
ENSG00000236830,107
ENSG00000236831,0
ENSG00000236832,0
ENSG00000236833,0
ENSG00000236834,0
ENSG00000236836,0
ENSG00000236837,0
ENSG00000236838,0
ENSG00000236839,0
ENSG00000236841,9
ENSG00000236842,0
ENSG00000236844,1
ENSG00000236846,4
ENSG00000236847,0
ENSG00000236848,4
ENSG00000236849,0
ENSG00000236850,74
ENSG00000236852,0
ENSG00000236853,0
ENSG00000236854,0
ENSG00000236856,0
ENSG00000236857,0
ENSG00000236858,0
ENSG00000236859,158
ENSG00000236860,0
ENSG00000236861,23
ENSG00000236862,1
ENSG00000236863,0
ENSG00000236864,0
ENSG00000236866,2
ENSG00000236867,0
ENSG00000236869,5
ENSG00000236870,0
ENSG00000236871,81
ENSG00000236872,0
ENSG00000236874,0
ENSG00000236875,0
ENSG00000236876,3
ENSG00000236877,0
ENSG00000236878,1
ENSG00000236880,0
ENSG00000236882,0
ENSG00000236883,0
ENSG00000236885,0
ENSG00000236886,0
ENSG00000236887,0
ENSG00000236888,0
ENSG00000236889,0
ENSG00000236890,1
ENSG00000236892,0
ENSG00000236893,1
ENSG00000236894,0
ENSG00000236896,0
ENSG00000236897,0
ENSG00000236900,0
ENSG00000236901,274
ENSG00000236905,3
ENSG00000236907,0
ENSG00000236908,67
ENSG00000236909,0
ENSG00000236911,0
ENSG00000236913,1
ENSG00000236914,70
ENSG00000236915,0
ENSG00000236917,0
ENSG00000236919,0
ENSG00000236920,0
ENSG00000236921,0
ENSG00000236922,1
ENSG00000236924,8
ENSG00000236928,6
ENSG00000236929,0
ENSG00000236930,0
ENSG00000236932,0
ENSG00000236935,1
ENSG00000236936,0
ENSG00000236937,6
ENSG00000236938,0
ENSG00000236939,7
ENSG00000236940,1
ENSG00000236941,0
ENSG00000236942,1
ENSG00000236944,0
ENSG00000236946,1
ENSG00000236947,69
ENSG00000236948,0
ENSG00000236950,0
ENSG00000236951,0
ENSG00000236953,8
ENSG00000236956,0
ENSG00000236957,0
ENSG00000236958,0
ENSG00000236959,0
ENSG00000236960,0
ENSG00000236961,0
ENSG00000236963,14
ENSG00000236965,0
ENSG00000236966,0
ENSG00000236968,0
ENSG00000236969,0
ENSG00000236972,0
ENSG00000236973,0
ENSG00000236975,3
ENSG00000236976,2
ENSG00000236977,0
ENSG00000236978,0
ENSG00000236980,0
ENSG00000236981,0
ENSG00000236982,0
ENSG00000236983,6
ENSG00000236985,0
ENSG00000236986,1
ENSG00000236987,0
ENSG00000236988,0
ENSG00000236989,0
ENSG00000236990,0
ENSG00000236991,5
ENSG00000236992,6
ENSG00000236993,0
ENSG00000236994,0
ENSG00000236996,0
ENSG00000236998,0
ENSG00000236999,0
ENSG00000237000,0
ENSG00000237001,0
ENSG00000237002,0
ENSG00000237003,0
ENSG00000237004,13
ENSG00000237005,0
ENSG00000237007,1
ENSG00000237008,0
ENSG00000237009,1
ENSG00000237011,0
ENSG00000237013,0
ENSG00000237014,0
ENSG00000237015,17
ENSG00000237016,0
ENSG00000237017,23
ENSG00000237019,0
ENSG00000237020,0
ENSG00000237021,5
ENSG00000237023,0
ENSG00000237024,0
ENSG00000237025,0
ENSG00000237026,4
ENSG00000237027,0
ENSG00000237031,0
ENSG00000237032,8
ENSG00000237033,0
ENSG00000237035,0
ENSG00000237036,157
ENSG00000237037,84
ENSG00000237038,0
ENSG00000237039,113
ENSG00000237040,0
ENSG00000237041,0
ENSG00000237042,0
ENSG00000237048,0
ENSG00000237049,0
ENSG00000237053,32
ENSG00000237054,6
ENSG00000237055,0
ENSG00000237057,0
ENSG00000237058,0
ENSG00000237061,0
ENSG00000237062,0
ENSG00000237063,3
ENSG00000237064,1
ENSG00000237065,0
ENSG00000237068,0
ENSG00000237069,0
ENSG00000237070,0
ENSG00000237072,0
ENSG00000237073,7
ENSG00000237074,0
ENSG00000237076,7
ENSG00000237077,1
ENSG00000237080,3
ENSG00000237082,7
ENSG00000237083,0
ENSG00000237085,0
ENSG00000237087,0
ENSG00000237088,0
ENSG00000237089,0
ENSG00000237090,0
ENSG00000237092,0
ENSG00000237094,16
ENSG00000237099,0
ENSG00000237101,15
ENSG00000237104,0
ENSG00000237106,0
ENSG00000237107,0
ENSG00000237109,0
ENSG00000237110,0
ENSG00000237111,0
ENSG00000237115,7
ENSG00000237118,18
ENSG00000237119,0
ENSG00000237121,0
ENSG00000237122,0
ENSG00000237124,0
ENSG00000237125,6
ENSG00000237126,55
ENSG00000237127,0
ENSG00000237128,0
ENSG00000237129,0
ENSG00000237130,0
ENSG00000237131,0
ENSG00000237133,10
ENSG00000237135,1
ENSG00000237136,1
ENSG00000237137,0
ENSG00000237138,0
ENSG00000237139,0
ENSG00000237140,0
ENSG00000237141,0
ENSG00000237148,0
ENSG00000237149,16
ENSG00000237152,5
ENSG00000237153,0
ENSG00000237154,6
ENSG00000237158,0
ENSG00000237159,0
ENSG00000237160,1
ENSG00000237161,0
ENSG00000237162,0
ENSG00000237163,0
ENSG00000237164,0
ENSG00000237166,0
ENSG00000237167,0
ENSG00000237169,7
ENSG00000237170,0
ENSG00000237171,0
ENSG00000237172,1574
ENSG00000237173,0
ENSG00000237174,0
ENSG00000237175,0
ENSG00000237176,4
ENSG00000237178,2
ENSG00000237179,0
ENSG00000237180,0
ENSG00000237181,50
ENSG00000237182,0
ENSG00000237183,0
ENSG00000237185,1
ENSG00000237186,0
ENSG00000237187,56
ENSG00000237188,73
ENSG00000237189,0
ENSG00000237190,2297
ENSG00000237193,0
ENSG00000237194,0
ENSG00000237195,0
ENSG00000237197,0
ENSG00000237200,3
ENSG00000237202,0
ENSG00000237205,0
ENSG00000237206,1
ENSG00000237207,0
ENSG00000237208,0
ENSG00000237210,0
ENSG00000237211,0
ENSG00000237212,22
ENSG00000237213,0
ENSG00000237214,22
ENSG00000237215,0
ENSG00000237217,0
ENSG00000237220,0
ENSG00000237221,0
ENSG00000237222,14
ENSG00000237223,0
ENSG00000237224,2
ENSG00000237225,0
ENSG00000237226,0
ENSG00000237227,0
ENSG00000237230,0
ENSG00000237232,2
ENSG00000237233,3
ENSG00000237234,1
ENSG00000237235,0
ENSG00000237236,0
ENSG00000237238,9
ENSG00000237242,0
ENSG00000237243,0
ENSG00000237247,0
ENSG00000237248,53
ENSG00000237249,0
ENSG00000237250,0
ENSG00000237251,0
ENSG00000237252,0
ENSG00000237254,0
ENSG00000237256,0
ENSG00000237257,0
ENSG00000237259,0
ENSG00000237260,1
ENSG00000237261,0
ENSG00000237262,0
ENSG00000237263,0
ENSG00000237264,10
ENSG00000237265,1
ENSG00000237266,0
ENSG00000237267,0
ENSG00000237268,0
ENSG00000237269,0
ENSG00000237271,0
ENSG00000237272,0
ENSG00000237273,1
ENSG00000237274,0
ENSG00000237275,0
ENSG00000237276,55
ENSG00000237278,0
ENSG00000237279,0
ENSG00000237280,0
ENSG00000237281,128
ENSG00000237282,0
ENSG00000237283,0
ENSG00000237285,0
ENSG00000237286,0
ENSG00000237289,1969
ENSG00000237290,0
ENSG00000237292,0
ENSG00000237293,0
ENSG00000237294,1
ENSG00000237296,8
ENSG00000237297,0
ENSG00000237298,238
ENSG00000237299,0
ENSG00000237300,0
ENSG00000237301,10
ENSG00000237302,0
ENSG00000237303,1
ENSG00000237306,0
ENSG00000237307,4
ENSG00000237308,0
ENSG00000237309,0
ENSG00000237310,220
ENSG00000237311,0
ENSG00000237312,0
ENSG00000237314,0
ENSG00000237316,0
ENSG00000237317,0
ENSG00000237319,0
ENSG00000237320,0
ENSG00000237321,0
ENSG00000237322,0
ENSG00000237323,0
ENSG00000237324,0
ENSG00000237325,0
ENSG00000237326,0
ENSG00000237327,0
ENSG00000237328,0
ENSG00000237329,0
ENSG00000237330,39
ENSG00000237331,0
ENSG00000237336,0
ENSG00000237337,0
ENSG00000237338,0
ENSG00000237339,0
ENSG00000237341,1
ENSG00000237342,0
ENSG00000237343,0
ENSG00000237345,0
ENSG00000237346,0
ENSG00000237347,0
ENSG00000237349,0
ENSG00000237350,4
ENSG00000237351,2
ENSG00000237352,1
ENSG00000237353,0
ENSG00000237354,0
ENSG00000237356,25
ENSG00000237357,4
ENSG00000237358,0
ENSG00000237359,2
ENSG00000237360,0
ENSG00000237361,636
ENSG00000237363,0
ENSG00000237365,0
ENSG00000237370,0
ENSG00000237371,8
ENSG00000237372,11
ENSG00000237373,0
ENSG00000237374,0
ENSG00000237377,0
ENSG00000237378,0
ENSG00000237379,0
ENSG00000237380,238
ENSG00000237381,0
ENSG00000237382,1
ENSG00000237383,0
ENSG00000237385,0
ENSG00000237387,0
ENSG00000237388,0
ENSG00000237389,0
ENSG00000237390,0
ENSG00000237396,0
ENSG00000237398,7
ENSG00000237399,19
ENSG00000237400,0
ENSG00000237401,0
ENSG00000237402,1
ENSG00000237404,0
ENSG00000237406,0
ENSG00000237407,0
ENSG00000237408,0
ENSG00000237409,1
ENSG00000237410,1
ENSG00000237412,0
ENSG00000237413,0
ENSG00000237414,0
ENSG00000237415,0
ENSG00000237416,1
ENSG00000237417,1
ENSG00000237418,5
ENSG00000237419,0
ENSG00000237422,4
ENSG00000237423,28
ENSG00000237424,49
ENSG00000237425,0
ENSG00000237426,0
ENSG00000237427,0
ENSG00000237428,0
ENSG00000237429,124
ENSG00000237432,0
ENSG00000237433,2
ENSG00000237434,1
ENSG00000237435,0
ENSG00000237436,8
ENSG00000237437,23
ENSG00000237438,212
ENSG00000237439,0
ENSG00000237440,792
ENSG00000237441,7507
ENSG00000237442,0
ENSG00000237443,0
ENSG00000237444,0
ENSG00000237445,0
ENSG00000237446,1
ENSG00000237447,1
ENSG00000237449,0
ENSG00000237450,0
ENSG00000237451,5
ENSG00000237452,1
ENSG00000237453,0
ENSG00000237456,0
ENSG00000237457,0
ENSG00000237458,0
ENSG00000237460,0
ENSG00000237461,10
ENSG00000237463,1
ENSG00000237464,0
ENSG00000237466,0
ENSG00000237467,0
ENSG00000237468,0
ENSG00000237469,0
ENSG00000237470,0
ENSG00000237471,0
ENSG00000237472,0
ENSG00000237473,0
ENSG00000237475,0
ENSG00000237476,84
ENSG00000237477,0
ENSG00000237478,0
ENSG00000237479,0
ENSG00000237480,0
ENSG00000237481,4
ENSG00000237483,0
ENSG00000237484,8
ENSG00000237485,3
ENSG00000237487,135
ENSG00000237489,183
ENSG00000237490,0
ENSG00000237491,14
ENSG00000237492,0
ENSG00000237493,12
ENSG00000237494,0
ENSG00000237498,0
ENSG00000237499,21
ENSG00000237500,0
ENSG00000237501,0
ENSG00000237503,0
ENSG00000237505,22
ENSG00000237506,4
ENSG00000237510,3
ENSG00000237512,37
ENSG00000237513,2
ENSG00000237514,0
ENSG00000237515,1
ENSG00000237517,70
ENSG00000237520,1
ENSG00000237521,0
ENSG00000237522,27
ENSG00000237523,18
ENSG00000237524,0
ENSG00000237525,1
ENSG00000237527,0
ENSG00000237528,1
ENSG00000237529,8
ENSG00000237530,0
ENSG00000237531,1
ENSG00000237532,1
ENSG00000237534,0
ENSG00000237539,0
ENSG00000237540,0
ENSG00000237541,719
ENSG00000237542,0
ENSG00000237546,0
ENSG00000237547,0
ENSG00000237548,3
ENSG00000237549,0
ENSG00000237550,2378
ENSG00000237551,0
ENSG00000237552,0
ENSG00000237553,0
ENSG00000237555,3
ENSG00000237556,0
ENSG00000237557,2
ENSG00000237558,0
ENSG00000237560,0
ENSG00000237563,0
ENSG00000237565,0
ENSG00000237566,0
ENSG00000237567,1
ENSG00000237568,0
ENSG00000237569,0
ENSG00000237571,0
ENSG00000237572,0
ENSG00000237574,1
ENSG00000237575,33
ENSG00000237576,0
ENSG00000237578,0
ENSG00000237579,1
ENSG00000237580,0
ENSG00000237581,0
ENSG00000237583,0
ENSG00000237584,0
ENSG00000237585,2
ENSG00000237586,0
ENSG00000237588,0
ENSG00000237589,0
ENSG00000237590,0
ENSG00000237592,0
ENSG00000237593,0
ENSG00000237594,4
ENSG00000237595,13
ENSG00000237596,5
ENSG00000237601,0
ENSG00000237603,0
ENSG00000237604,1
ENSG00000237605,5
ENSG00000237606,0
ENSG00000237609,3
ENSG00000237610,0
ENSG00000237611,0
ENSG00000237612,0
ENSG00000237613,0
ENSG00000237614,35
ENSG00000237616,0
ENSG00000237617,0
ENSG00000237618,0
ENSG00000237619,0
ENSG00000237620,1
ENSG00000237621,0
ENSG00000237622,0
ENSG00000237623,0
ENSG00000237624,2
ENSG00000237626,0
ENSG00000237628,0
ENSG00000237629,1
ENSG00000237630,0
ENSG00000237631,1
ENSG00000237632,0
ENSG00000237633,0
ENSG00000237635,0
ENSG00000237636,0
ENSG00000237637,27
ENSG00000237638,1
ENSG00000237639,0
ENSG00000237640,10
ENSG00000237641,4
ENSG00000237642,0
ENSG00000237643,1
ENSG00000237645,0
ENSG00000237646,1
ENSG00000237647,0
ENSG00000237649,546
ENSG00000237650,0
ENSG00000237651,314
ENSG00000237653,0
ENSG00000237654,1
ENSG00000237655,0
ENSG00000237658,0
ENSG00000237659,0
ENSG00000237661,0
ENSG00000237662,0
ENSG00000237663,0
ENSG00000237664,0
ENSG00000237665,0
ENSG00000237666,0
ENSG00000237667,27
ENSG00000237668,1
ENSG00000237669,58
ENSG00000237670,0
ENSG00000237671,0
ENSG00000237672,5
ENSG00000237674,0
ENSG00000237675,0
ENSG00000237676,3
ENSG00000237679,0
ENSG00000237682,0
ENSG00000237684,0
ENSG00000237685,3
ENSG00000237686,16
ENSG00000237687,0
ENSG00000237689,0
ENSG00000237691,0
ENSG00000237693,2
ENSG00000237699,0
ENSG00000237700,0
ENSG00000237701,0
ENSG00000237702,1
ENSG00000237704,0
ENSG00000237705,0
ENSG00000237706,0
ENSG00000237707,0
ENSG00000237708,1
ENSG00000237709,4
ENSG00000237711,0
ENSG00000237713,0
ENSG00000237714,2
ENSG00000237716,0
ENSG00000237717,0
ENSG00000237718,3
ENSG00000237719,3
ENSG00000237720,0
ENSG00000237721,20
ENSG00000237722,0
ENSG00000237726,1
ENSG00000237728,0
ENSG00000237729,4
ENSG00000237730,0
ENSG00000237731,0
ENSG00000237732,2
ENSG00000237734,0
ENSG00000237735,0
ENSG00000237737,19
ENSG00000237738,0
ENSG00000237740,0
ENSG00000237741,0
ENSG00000237742,3
ENSG00000237743,0
ENSG00000237745,0
ENSG00000237746,0
ENSG00000237747,0
ENSG00000237748,3
ENSG00000237749,4
ENSG00000237750,0
ENSG00000237751,0
ENSG00000237752,1
ENSG00000237753,86
ENSG00000237754,0
ENSG00000237756,0
ENSG00000237757,3
ENSG00000237758,28
ENSG00000237759,0
ENSG00000237760,0
ENSG00000237761,0
ENSG00000237763,0
ENSG00000237764,1
ENSG00000237765,561
ENSG00000237766,4
ENSG00000237767,0
ENSG00000237768,0
ENSG00000237770,0
ENSG00000237772,0
ENSG00000237773,2
ENSG00000237774,1
ENSG00000237775,2
ENSG00000237781,16
ENSG00000237782,0
ENSG00000237783,0
ENSG00000237784,0
ENSG00000237786,1
ENSG00000237787,0
ENSG00000237788,7
ENSG00000237790,0
ENSG00000237793,0
ENSG00000237797,11
ENSG00000237798,1
ENSG00000237799,0
ENSG00000237801,0
ENSG00000237802,0
ENSG00000237803,0
ENSG00000237804,1
ENSG00000237806,0
ENSG00000237807,12
ENSG00000237810,0
ENSG00000237813,5
ENSG00000237815,5
ENSG00000237816,1
ENSG00000237818,2
ENSG00000237819,1
ENSG00000237821,7
ENSG00000237823,0
ENSG00000237824,0
ENSG00000237827,0
ENSG00000237828,2
ENSG00000237831,0
ENSG00000237832,0
ENSG00000237833,0
ENSG00000237835,0
ENSG00000237836,25
ENSG00000237837,0
ENSG00000237838,1
ENSG00000237840,18
ENSG00000237841,0
ENSG00000237842,0
ENSG00000237843,0
ENSG00000237844,0
ENSG00000237845,1
ENSG00000237846,77
ENSG00000237847,0
ENSG00000237848,0
ENSG00000237849,0
ENSG00000237850,0
ENSG00000237851,0
ENSG00000237852,0
ENSG00000237853,0
ENSG00000237854,210
ENSG00000237856,0
ENSG00000237857,35
ENSG00000237859,2
ENSG00000237860,0
ENSG00000237861,2
ENSG00000237862,0
ENSG00000237863,0
ENSG00000237864,3
ENSG00000237868,0
ENSG00000237870,4
ENSG00000237872,0
ENSG00000237873,0
ENSG00000237874,0
ENSG00000237875,0
ENSG00000237876,0
ENSG00000237877,10
ENSG00000237879,28
ENSG00000237880,0
ENSG00000237882,1
ENSG00000237883,50
ENSG00000237885,0
ENSG00000237886,6
ENSG00000237887,1
ENSG00000237888,0
ENSG00000237891,0
ENSG00000237892,0
ENSG00000237896,0
ENSG00000237897,0
ENSG00000237899,13
ENSG00000237901,0
ENSG00000237902,0
ENSG00000237903,1
ENSG00000237904,0
ENSG00000237906,0
ENSG00000237907,0
ENSG00000237910,0
ENSG00000237911,0
ENSG00000237913,0
ENSG00000237914,0
ENSG00000237916,1
ENSG00000237917,12
ENSG00000237919,0
ENSG00000237920,0
ENSG00000237921,1
ENSG00000237922,0
ENSG00000237923,0
ENSG00000237924,0
ENSG00000237926,0
ENSG00000237927,10
ENSG00000237928,3
ENSG00000237929,0
ENSG00000237930,0
ENSG00000237931,0
ENSG00000237934,2
ENSG00000237936,0
ENSG00000237937,1
ENSG00000237938,10
ENSG00000237939,0
ENSG00000237940,15
ENSG00000237941,0
ENSG00000237943,6
ENSG00000237945,59
ENSG00000237947,0
ENSG00000237948,0
ENSG00000237949,0
ENSG00000237950,5
ENSG00000237951,1
ENSG00000237952,0
ENSG00000237953,0
ENSG00000237954,0
ENSG00000237955,0
ENSG00000237956,0
ENSG00000237957,0
ENSG00000237959,0
ENSG00000237961,0
ENSG00000237963,0
ENSG00000237964,0
ENSG00000237968,0
ENSG00000237970,0
ENSG00000237971,0
ENSG00000237972,1
ENSG00000237973,3338
ENSG00000237974,0
ENSG00000237975,17
ENSG00000237976,24
ENSG00000237977,9
ENSG00000237978,9
ENSG00000237979,0
ENSG00000237980,1
ENSG00000237982,0
ENSG00000237984,20
ENSG00000237986,0
ENSG00000237987,0
ENSG00000237988,2
ENSG00000237989,14
ENSG00000237990,0
ENSG00000237991,30
ENSG00000237992,0
ENSG00000237993,1
ENSG00000237994,0
ENSG00000237997,0
ENSG00000237999,1
ENSG00000238000,31
ENSG00000238001,0
ENSG00000238002,0
ENSG00000238003,0
ENSG00000238004,0
ENSG00000238005,58
ENSG00000238007,0
ENSG00000238008,0
ENSG00000238009,6
ENSG00000238010,1
ENSG00000238012,0
ENSG00000238013,0
ENSG00000238015,0
ENSG00000238018,16
ENSG00000238019,0
ENSG00000238020,0
ENSG00000238021,1
ENSG00000238022,0
ENSG00000238024,1
ENSG00000238025,0
ENSG00000238026,0
ENSG00000238029,0
ENSG00000238031,0
ENSG00000238032,0
ENSG00000238033,0
ENSG00000238034,0
ENSG00000238035,16
ENSG00000238037,0
ENSG00000238038,0
ENSG00000238039,8
ENSG00000238040,0
ENSG00000238041,0
ENSG00000238042,1
ENSG00000238043,0
ENSG00000238045,245
ENSG00000238046,0
ENSG00000238047,0
ENSG00000238048,0
ENSG00000238049,0
ENSG00000238051,0
ENSG00000238054,0
ENSG00000238055,4
ENSG00000238057,11
ENSG00000238058,41
ENSG00000238059,0
ENSG00000238061,1
ENSG00000238062,1
ENSG00000238063,0
ENSG00000238065,0
ENSG00000238066,0
ENSG00000238067,0
ENSG00000238069,0
ENSG00000238072,30
ENSG00000238073,0
ENSG00000238074,0
ENSG00000238075,0
ENSG00000238076,0
ENSG00000238077,0
ENSG00000238078,4
ENSG00000238079,0
ENSG00000238081,0
ENSG00000238082,3
ENSG00000238083,147
ENSG00000238084,0
ENSG00000238085,5
ENSG00000238086,2
ENSG00000238087,0
ENSG00000238088,0
ENSG00000238090,0
ENSG00000238092,1
ENSG00000238094,0
ENSG00000238097,38
ENSG00000238098,25
ENSG00000238099,0
ENSG00000238102,0
ENSG00000238103,7
ENSG00000238105,657
ENSG00000238107,0
ENSG00000238108,0
ENSG00000238109,0
ENSG00000238110,0
ENSG00000238111,0
ENSG00000238113,67
ENSG00000238116,0
ENSG00000238117,1
ENSG00000238118,0
ENSG00000238120,0
ENSG00000238121,8
ENSG00000238122,1
ENSG00000238123,26
ENSG00000238124,0
ENSG00000238125,0
ENSG00000238129,0
ENSG00000238131,0
ENSG00000238132,3
ENSG00000238133,2
ENSG00000238135,0
ENSG00000238137,0
ENSG00000238138,0
ENSG00000238139,0
ENSG00000238140,1
ENSG00000238141,0
ENSG00000238142,76
ENSG00000238143,0
ENSG00000238145,0
ENSG00000238149,0
ENSG00000238150,7
ENSG00000238151,4
ENSG00000238152,0
ENSG00000238153,0
ENSG00000238154,0
ENSG00000238156,0
ENSG00000238158,0
ENSG00000238160,0
ENSG00000238161,0
ENSG00000238162,0
ENSG00000238164,632
ENSG00000238165,0
ENSG00000238166,0
ENSG00000238168,4
ENSG00000238169,0
ENSG00000238171,0
ENSG00000238172,1
ENSG00000238173,0
ENSG00000238176,0
ENSG00000238178,65
ENSG00000238180,1
ENSG00000238181,5
ENSG00000238183,0
ENSG00000238184,19
ENSG00000238185,0
ENSG00000238186,20
ENSG00000238188,0
ENSG00000238189,0
ENSG00000238190,0
ENSG00000238191,0
ENSG00000238192,1
ENSG00000238193,0
ENSG00000238194,0
ENSG00000238195,0
ENSG00000238197,254
ENSG00000238198,7
ENSG00000238199,0
ENSG00000238200,0
ENSG00000238201,0
ENSG00000238202,0
ENSG00000238205,0
ENSG00000238207,0
ENSG00000238208,0
ENSG00000238210,0
ENSG00000238211,0
ENSG00000238212,0
ENSG00000238213,8
ENSG00000238215,0
ENSG00000238217,0
ENSG00000238220,0
ENSG00000238221,2
ENSG00000238222,6
ENSG00000238223,0
ENSG00000238224,0
ENSG00000238225,0
ENSG00000238227,3682
ENSG00000238228,27
ENSG00000238230,0
ENSG00000238231,0
ENSG00000238232,0
ENSG00000238235,0
ENSG00000238236,0
ENSG00000238241,0
ENSG00000238242,0
ENSG00000238243,14
ENSG00000238244,0
ENSG00000238245,6
ENSG00000238246,0
ENSG00000238247,0
ENSG00000238249,40
ENSG00000238250,1
ENSG00000238251,1
ENSG00000238254,0
ENSG00000238256,0
ENSG00000238257,0
ENSG00000238258,1
ENSG00000238259,0
ENSG00000238260,13
ENSG00000238262,0
ENSG00000238263,1
ENSG00000238265,0
ENSG00000238266,0
ENSG00000238267,6
ENSG00000238268,1
ENSG00000238269,5
ENSG00000238270,0
ENSG00000238271,0
ENSG00000238272,0
ENSG00000238273,2
ENSG00000238275,0
ENSG00000238276,0
ENSG00000238277,0
ENSG00000238278,38
ENSG00000238279,35
ENSG00000238280,0
ENSG00000238282,0
ENSG00000238283,1
ENSG00000238284,0
ENSG00000238285,0
ENSG00000238286,11
ENSG00000238287,18
ENSG00000238288,0
ENSG00000238290,11
ENSG00000238291,0
ENSG00000238295,0
ENSG00000238297,0
ENSG00000238300,0
ENSG00000238302,0
ENSG00000238304,0
ENSG00000238311,1
ENSG00000238316,0
ENSG00000238317,3
ENSG00000238320,0
ENSG00000238323,0
ENSG00000238324,1
ENSG00000238326,0
ENSG00000238340,0
ENSG00000238344,0
ENSG00000238347,0
ENSG00000238357,0
ENSG00000238358,11
ENSG00000238362,0
ENSG00000238363,4
ENSG00000238364,2
ENSG00000238365,0
ENSG00000238366,1
ENSG00000238367,0
ENSG00000238370,0
ENSG00000238371,0
ENSG00000238372,0
ENSG00000238374,0
ENSG00000238379,0
ENSG00000238380,0
ENSG00000238382,0
ENSG00000238385,0
ENSG00000238386,0
ENSG00000238387,0
ENSG00000238390,6
ENSG00000238391,0
ENSG00000238392,0
ENSG00000238393,0
ENSG00000238399,0
ENSG00000238405,2
ENSG00000238406,6
ENSG00000238410,0
ENSG00000238411,0
ENSG00000238412,0
ENSG00000238417,0
ENSG00000238419,0
ENSG00000238420,0
ENSG00000238423,1
ENSG00000238424,0
ENSG00000238426,0
ENSG00000238427,0
ENSG00000238431,0
ENSG00000238440,0
ENSG00000238441,0
ENSG00000238442,0
ENSG00000238443,0
ENSG00000238444,0
ENSG00000238446,0
ENSG00000238447,0
ENSG00000238448,0
ENSG00000238449,0
ENSG00000238452,0
ENSG00000238456,0
ENSG00000238457,0
ENSG00000238460,0
ENSG00000238468,0
ENSG00000238469,0
ENSG00000238470,0
ENSG00000238478,0
ENSG00000238482,0
ENSG00000238485,0
ENSG00000238489,0
ENSG00000238490,0
ENSG00000238493,0
ENSG00000238498,0
ENSG00000238500,0
ENSG00000238503,0
ENSG00000238504,0
ENSG00000238508,0
ENSG00000238509,0
ENSG00000238512,0
ENSG00000238516,0
ENSG00000238517,2
ENSG00000238518,0
ENSG00000238519,0
ENSG00000238523,0
ENSG00000238529,0
ENSG00000238531,0
ENSG00000238532,0
ENSG00000238540,0
ENSG00000238542,0
ENSG00000238551,0
ENSG00000238553,0
ENSG00000238554,0
ENSG00000238558,0
ENSG00000238560,0
ENSG00000238561,0
ENSG00000238562,0
ENSG00000238570,0
ENSG00000238575,0
ENSG00000238578,0
ENSG00000238584,0
ENSG00000238585,0
ENSG00000238590,0
ENSG00000238593,0
ENSG00000238594,0
ENSG00000238597,0
ENSG00000238604,0
ENSG00000238606,0
ENSG00000238607,0
ENSG00000238609,0
ENSG00000238610,0
ENSG00000238616,0
ENSG00000238619,0
ENSG00000238621,0
ENSG00000238622,0
ENSG00000238623,0
ENSG00000238627,0
ENSG00000238628,0
ENSG00000238632,0
ENSG00000238634,0
ENSG00000238644,0
ENSG00000238645,0
ENSG00000238648,0
ENSG00000238649,0
ENSG00000238650,0
ENSG00000238653,0
ENSG00000238658,0
ENSG00000238660,0
ENSG00000238669,0
ENSG00000238672,0
ENSG00000238680,0
ENSG00000238685,0
ENSG00000238694,0
ENSG00000238697,0
ENSG00000238698,0
ENSG00000238704,0
ENSG00000238705,0
ENSG00000238707,0
ENSG00000238709,0
ENSG00000238711,0
ENSG00000238713,0
ENSG00000238716,0
ENSG00000238719,0
ENSG00000238721,0
ENSG00000238723,0
ENSG00000238724,0
ENSG00000238726,0
ENSG00000238728,0
ENSG00000238730,0
ENSG00000238731,0
ENSG00000238735,0
ENSG00000238737,0
ENSG00000238738,0
ENSG00000238741,3
ENSG00000238742,0
ENSG00000238745,0
ENSG00000238749,0
ENSG00000238750,0
ENSG00000238754,0
ENSG00000238755,1
ENSG00000238758,1
ENSG00000238759,0
ENSG00000238761,0
ENSG00000238764,0
ENSG00000238765,0
ENSG00000238766,0
ENSG00000238773,1
ENSG00000238774,0
ENSG00000238777,0
ENSG00000238778,0
ENSG00000238782,0
ENSG00000238783,0
ENSG00000238785,0
ENSG00000238787,0
ENSG00000238788,0
ENSG00000238789,0
ENSG00000238793,3
ENSG00000238795,9
ENSG00000238797,0
ENSG00000238803,0
ENSG00000238804,0
ENSG00000238808,0
ENSG00000238812,0
ENSG00000238813,0
ENSG00000238819,0
ENSG00000238823,0
ENSG00000238825,0
ENSG00000238826,0
ENSG00000238827,0
ENSG00000238829,1
ENSG00000238830,0
ENSG00000238832,6
ENSG00000238833,0
ENSG00000238835,0
ENSG00000238836,0
ENSG00000238837,0
ENSG00000238840,0
ENSG00000238842,0
ENSG00000238844,0
ENSG00000238845,0
ENSG00000238854,0
ENSG00000238861,0
ENSG00000238862,0
ENSG00000238870,0
ENSG00000238875,0
ENSG00000238876,0
ENSG00000238880,1
ENSG00000238882,0
ENSG00000238884,0
ENSG00000238886,0
ENSG00000238890,0
ENSG00000238898,0
ENSG00000238901,0
ENSG00000238902,0
ENSG00000238904,0
ENSG00000238906,1
ENSG00000238908,0
ENSG00000238909,0
ENSG00000238911,0
ENSG00000238912,0
ENSG00000238913,0
ENSG00000238917,0
ENSG00000238921,0
ENSG00000238923,0
ENSG00000238924,0
ENSG00000238926,0
ENSG00000238933,0
ENSG00000238934,0
ENSG00000238936,0
ENSG00000238941,0
ENSG00000238942,0
ENSG00000238943,0
ENSG00000238949,0
ENSG00000238950,0
ENSG00000238952,0
ENSG00000238957,0
ENSG00000238958,0
ENSG00000238959,0
ENSG00000238961,1
ENSG00000238962,0
ENSG00000238963,0
ENSG00000238964,0
ENSG00000238965,0
ENSG00000238966,0
ENSG00000238971,0
ENSG00000238976,0
ENSG00000238980,0
ENSG00000238987,0
ENSG00000238997,0
ENSG00000238998,0
ENSG00000239001,0
ENSG00000239002,0
ENSG00000239003,0
ENSG00000239005,1
ENSG00000239006,0
ENSG00000239007,0
ENSG00000239008,0
ENSG00000239010,0
ENSG00000239014,0
ENSG00000239021,0
ENSG00000239022,0
ENSG00000239023,0
ENSG00000239028,0
ENSG00000239030,0
ENSG00000239035,0
ENSG00000239036,0
ENSG00000239039,0
ENSG00000239040,0
ENSG00000239041,0
ENSG00000239043,0
ENSG00000239050,0
ENSG00000239053,0
ENSG00000239057,0
ENSG00000239069,0
ENSG00000239075,0
ENSG00000239078,0
ENSG00000239079,0
ENSG00000239080,0
ENSG00000239081,0
ENSG00000239082,0
ENSG00000239093,0
ENSG00000239096,1
ENSG00000239099,0
ENSG00000239101,0
ENSG00000239102,0
ENSG00000239105,0
ENSG00000239106,0
ENSG00000239107,0
ENSG00000239108,0
ENSG00000239112,1
ENSG00000239115,0
ENSG00000239118,0
ENSG00000239119,0
ENSG00000239120,0
ENSG00000239122,1
ENSG00000239127,0
ENSG00000239128,0
ENSG00000239129,0
ENSG00000239131,0
ENSG00000239137,1
ENSG00000239138,0
ENSG00000239142,0
ENSG00000239143,0
ENSG00000239148,0
ENSG00000239149,4
ENSG00000239151,0
ENSG00000239152,0
ENSG00000239153,0
ENSG00000239158,0
ENSG00000239160,1
ENSG00000239163,0
ENSG00000239167,0
ENSG00000239168,0
ENSG00000239169,0
ENSG00000239175,0
ENSG00000239179,2
ENSG00000239180,0
ENSG00000239181,0
ENSG00000239182,0
ENSG00000239183,1
ENSG00000239184,0
ENSG00000239185,0
ENSG00000239189,0
ENSG00000239190,0
ENSG00000239192,0
ENSG00000239194,0
ENSG00000239195,0
ENSG00000239197,0
ENSG00000239198,1
ENSG00000239199,0
ENSG00000239200,0
ENSG00000239201,1
ENSG00000239202,0
ENSG00000239203,1
ENSG00000239205,0
ENSG00000239207,0
ENSG00000239210,3
ENSG00000239211,0
ENSG00000239212,0
ENSG00000239213,179
ENSG00000239215,0
ENSG00000239216,1
ENSG00000239218,7
ENSG00000239219,15
ENSG00000239221,0
ENSG00000239223,2
ENSG00000239224,0
ENSG00000239225,0
ENSG00000239226,0
ENSG00000239227,0
ENSG00000239228,0
ENSG00000239238,0
ENSG00000239246,9
ENSG00000239247,7
ENSG00000239249,0
ENSG00000239250,0
ENSG00000239253,3
ENSG00000239254,1
ENSG00000239255,0
ENSG00000239256,0
ENSG00000239257,0
ENSG00000239261,0
ENSG00000239263,0
ENSG00000239264,242
ENSG00000239265,180
ENSG00000239268,1
ENSG00000239269,3
ENSG00000239272,0
ENSG00000239275,0
ENSG00000239279,0
ENSG00000239280,0
ENSG00000239281,0
ENSG00000239282,87
ENSG00000239288,0
ENSG00000239291,1
ENSG00000239293,0
ENSG00000239300,8
ENSG00000239304,0
ENSG00000239305,2538
ENSG00000239306,3170
ENSG00000239311,0
ENSG00000239314,0
ENSG00000239315,0
ENSG00000239316,0
ENSG00000239317,0
ENSG00000239319,0
ENSG00000239320,0
ENSG00000239322,1
ENSG00000239323,0
ENSG00000239327,0
ENSG00000239332,65
ENSG00000239333,0
ENSG00000239335,8
ENSG00000239344,1
ENSG00000239345,0
ENSG00000239350,0
ENSG00000239351,0
ENSG00000239353,8
ENSG00000239354,0
ENSG00000239356,0
ENSG00000239365,0
ENSG00000239367,1
ENSG00000239373,0
ENSG00000239374,0
ENSG00000239377,3
ENSG00000239381,0
ENSG00000239382,193
ENSG00000239383,0
ENSG00000239388,72
ENSG00000239389,1
ENSG00000239390,0
ENSG00000239392,0
ENSG00000239393,0
ENSG00000239395,1
ENSG00000239396,0
ENSG00000239397,0
ENSG00000239398,0
ENSG00000239402,1
ENSG00000239405,2
ENSG00000239407,24
ENSG00000239408,0
ENSG00000239412,0
ENSG00000239413,0
ENSG00000239415,80
ENSG00000239419,0
ENSG00000239426,0
ENSG00000239428,0
ENSG00000239429,0
ENSG00000239432,0
ENSG00000239435,0
ENSG00000239437,4
ENSG00000239438,0
ENSG00000239439,0
ENSG00000239440,0
ENSG00000239443,0
ENSG00000239445,9
ENSG00000239446,0
ENSG00000239453,0
ENSG00000239454,0
ENSG00000239455,0
ENSG00000239462,2
ENSG00000239464,0
ENSG00000239465,0
ENSG00000239466,0
ENSG00000239467,109
ENSG00000239468,1
ENSG00000239470,4
ENSG00000239471,0
ENSG00000239472,22
ENSG00000239473,0
ENSG00000239474,47
ENSG00000239480,6
ENSG00000239481,0
ENSG00000239482,38
ENSG00000239483,0
ENSG00000239486,9
ENSG00000239490,0
ENSG00000239494,0
ENSG00000239498,0
ENSG00000239500,0
ENSG00000239503,1
ENSG00000239504,0
ENSG00000239508,0
ENSG00000239510,0
ENSG00000239511,1
ENSG00000239513,0
ENSG00000239516,1
ENSG00000239517,0
ENSG00000239519,0
ENSG00000239521,139
ENSG00000239523,19
ENSG00000239524,0
ENSG00000239525,0
ENSG00000239527,0
ENSG00000239528,19
ENSG00000239532,2
ENSG00000239533,0
ENSG00000239539,0
ENSG00000239542,0
ENSG00000239544,0
ENSG00000239545,0
ENSG00000239547,0
ENSG00000239552,1
ENSG00000239553,0
ENSG00000239555,0
ENSG00000239556,17
ENSG00000239557,1
ENSG00000239559,13
ENSG00000239560,0
ENSG00000239568,0
ENSG00000239569,135
ENSG00000239570,0
ENSG00000239571,0
ENSG00000239572,1
ENSG00000239576,0
ENSG00000239577,0
ENSG00000239579,0
ENSG00000239580,0
ENSG00000239586,0
ENSG00000239587,0
ENSG00000239589,0
ENSG00000239590,0
ENSG00000239593,4
ENSG00000239594,0
ENSG00000239595,0
ENSG00000239600,0
ENSG00000239602,0
ENSG00000239605,0
ENSG00000239607,0
ENSG00000239608,0
ENSG00000239614,2
ENSG00000239615,0
ENSG00000239617,21
ENSG00000239620,0
ENSG00000239622,1
ENSG00000239625,0
ENSG00000239626,1
ENSG00000239627,0
ENSG00000239628,0
ENSG00000239632,0
ENSG00000239636,24
ENSG00000239640,0
ENSG00000239641,0
ENSG00000239642,5
ENSG00000239648,0
ENSG00000239649,0
ENSG00000239650,18
ENSG00000239653,23
ENSG00000239659,0
ENSG00000239661,0
ENSG00000239664,0
ENSG00000239665,261
ENSG00000239670,2
ENSG00000239671,0
ENSG00000239672,3681
ENSG00000239674,1
ENSG00000239677,0
ENSG00000239679,0
ENSG00000239683,0
ENSG00000239684,0
ENSG00000239686,0
ENSG00000239689,0
ENSG00000239690,0
ENSG00000239694,0
ENSG00000239696,0
ENSG00000239697,2988
ENSG00000239699,0
ENSG00000239701,2
ENSG00000239702,0
ENSG00000239703,0
ENSG00000239704,14
ENSG00000239705,1
ENSG00000239706,1
ENSG00000239708,0
ENSG00000239710,0
ENSG00000239713,435
ENSG00000239715,0
ENSG00000239716,0
ENSG00000239718,0
ENSG00000239719,6
ENSG00000239722,0
ENSG00000239726,1
ENSG00000239731,0
ENSG00000239732,0
ENSG00000239736,3
ENSG00000239739,0
ENSG00000239742,0
ENSG00000239744,0
ENSG00000239745,0
ENSG00000239748,0
ENSG00000239763,32
ENSG00000239767,0
ENSG00000239774,10
ENSG00000239775,0
ENSG00000239776,0
ENSG00000239779,654
ENSG00000239780,0
ENSG00000239783,0
ENSG00000239789,587
ENSG00000239791,0
ENSG00000239792,0
ENSG00000239793,0
ENSG00000239794,0
ENSG00000239797,1
ENSG00000239799,1
ENSG00000239801,1
ENSG00000239804,5
ENSG00000239805,0
ENSG00000239808,0
ENSG00000239809,0
ENSG00000239810,0
ENSG00000239819,0
ENSG00000239820,0
ENSG00000239821,0
ENSG00000239822,0
ENSG00000239823,0
ENSG00000239825,0
ENSG00000239827,30
ENSG00000239828,5
ENSG00000239829,1
ENSG00000239830,3
ENSG00000239831,0
ENSG00000239835,0
ENSG00000239839,1
ENSG00000239840,0
ENSG00000239855,3
ENSG00000239856,0
ENSG00000239857,285
ENSG00000239861,0
ENSG00000239862,0
ENSG00000239868,1
ENSG00000239870,0
ENSG00000239872,0
ENSG00000239873,3
ENSG00000239877,0
ENSG00000239880,0
ENSG00000239881,0
ENSG00000239883,35
ENSG00000239884,14
ENSG00000239886,0
ENSG00000239887,431
ENSG00000239888,1
ENSG00000239893,0
ENSG00000239899,0
ENSG00000239900,1750
ENSG00000239906,0
ENSG00000239908,0
ENSG00000239910,0
ENSG00000239911,454
ENSG00000239912,17
ENSG00000239917,1
ENSG00000239919,0
ENSG00000239920,3
ENSG00000239921,0
ENSG00000239922,0
ENSG00000239923,0
ENSG00000239924,0
ENSG00000239926,5
ENSG00000239930,2
ENSG00000239932,0
ENSG00000239939,0
ENSG00000239941,0
ENSG00000239942,0
ENSG00000239944,14
ENSG00000239945,0
ENSG00000239946,0
ENSG00000239948,0
ENSG00000239951,19
ENSG00000239953,10
ENSG00000239958,0
ENSG00000239959,2
ENSG00000239961,6
ENSG00000239964,0
ENSG00000239967,0
ENSG00000239969,14
ENSG00000239975,0
ENSG00000239978,0
ENSG00000239981,1
ENSG00000239983,0
ENSG00000239984,0
ENSG00000239985,0
ENSG00000239986,0
ENSG00000239988,1
ENSG00000239989,0
ENSG00000239991,0
ENSG00000239992,0
ENSG00000239994,0
ENSG00000239995,0
ENSG00000239997,0
ENSG00000239998,104
ENSG00000240002,0
ENSG00000240003,3
ENSG00000240005,24
ENSG00000240006,3
ENSG00000240012,0
ENSG00000240014,0
ENSG00000240015,0
ENSG00000240021,0
ENSG00000240023,0
ENSG00000240024,230
ENSG00000240027,0
ENSG00000240031,1
ENSG00000240032,1
ENSG00000240033,0
ENSG00000240034,0
ENSG00000240036,1
ENSG00000240038,53
ENSG00000240040,0
ENSG00000240041,0
ENSG00000240043,0
ENSG00000240045,0
ENSG00000240047,0
ENSG00000240048,0
ENSG00000240050,13
ENSG00000240051,3
ENSG00000240052,0
ENSG00000240053,30
ENSG00000240056,0
ENSG00000240057,13
ENSG00000240058,0
ENSG00000240063,1
ENSG00000240065,2808
ENSG00000240068,0
ENSG00000240069,0
ENSG00000240074,0
ENSG00000240083,0
ENSG00000240084,0
ENSG00000240086,9
ENSG00000240087,15
ENSG00000240089,0
ENSG00000240093,0
ENSG00000240095,0
ENSG00000240096,2
ENSG00000240097,2
ENSG00000240098,0
ENSG00000240100,0
ENSG00000240103,0
ENSG00000240106,4
ENSG00000240107,0
ENSG00000240108,0
ENSG00000240116,0
ENSG00000240121,0
ENSG00000240122,0
ENSG00000240125,0
ENSG00000240128,0
ENSG00000240131,0
ENSG00000240132,2
ENSG00000240135,0
ENSG00000240137,91
ENSG00000240138,2
ENSG00000240143,0
ENSG00000240151,0
ENSG00000240152,0
ENSG00000240156,0
ENSG00000240159,0
ENSG00000240160,0
ENSG00000240163,0
ENSG00000240167,0
ENSG00000240173,0
ENSG00000240174,0
ENSG00000240175,0
ENSG00000240179,0
ENSG00000240180,0
ENSG00000240183,0
ENSG00000240184,262
ENSG00000240186,0
ENSG00000240189,0
ENSG00000240194,0
ENSG00000240197,0
ENSG00000240198,0
ENSG00000240199,2
ENSG00000240201,0
ENSG00000240202,0
ENSG00000240203,0
ENSG00000240204,830
ENSG00000240205,0
ENSG00000240207,41
ENSG00000240210,0
ENSG00000240211,5
ENSG00000240215,0
ENSG00000240216,2
ENSG00000240219,77
ENSG00000240224,0
ENSG00000240225,910
ENSG00000240230,513
ENSG00000240231,3
ENSG00000240233,2
ENSG00000240235,0
ENSG00000240236,0
ENSG00000240237,0
ENSG00000240238,0
ENSG00000240240,9
ENSG00000240241,0
ENSG00000240244,0
ENSG00000240246,0
ENSG00000240247,0
ENSG00000240250,0
ENSG00000240253,22
ENSG00000240254,0
ENSG00000240255,0
ENSG00000240265,0
ENSG00000240268,0
ENSG00000240270,0
ENSG00000240271,0
ENSG00000240280,0
ENSG00000240281,0
ENSG00000240286,0
ENSG00000240288,50
ENSG00000240291,116
ENSG00000240292,0
ENSG00000240294,0
ENSG00000240296,0
ENSG00000240298,0
ENSG00000240299,0
ENSG00000240302,0
ENSG00000240303,30
ENSG00000240305,0
ENSG00000240306,0
ENSG00000240309,0
ENSG00000240311,0
ENSG00000240317,0
ENSG00000240320,0
ENSG00000240322,3
ENSG00000240327,0
ENSG00000240328,0
ENSG00000240338,3
ENSG00000240341,0
ENSG00000240342,1368
ENSG00000240344,278
ENSG00000240347,0
ENSG00000240350,16
ENSG00000240354,0
ENSG00000240355,0
ENSG00000240356,153
ENSG00000240359,0
ENSG00000240361,0
ENSG00000240364,0
ENSG00000240366,1
ENSG00000240370,107
ENSG00000240371,5
ENSG00000240373,1
ENSG00000240374,0
ENSG00000240375,0
ENSG00000240376,46
ENSG00000240382,3
ENSG00000240385,0
ENSG00000240386,0
ENSG00000240388,3
ENSG00000240392,0
ENSG00000240393,0
ENSG00000240395,3
ENSG00000240399,20
ENSG00000240401,95
ENSG00000240403,2
ENSG00000240404,0
ENSG00000240405,0
ENSG00000240409,13
ENSG00000240411,0
ENSG00000240412,0
ENSG00000240416,0
ENSG00000240418,0
ENSG00000240419,0
ENSG00000240423,0
ENSG00000240424,1
ENSG00000240426,0
ENSG00000240427,12
ENSG00000240429,130
ENSG00000240432,0
ENSG00000240435,0
ENSG00000240436,0
ENSG00000240438,0
ENSG00000240439,0
ENSG00000240440,0
ENSG00000240441,0
ENSG00000240443,0
ENSG00000240445,42
ENSG00000240449,52
ENSG00000240450,0
ENSG00000240452,0
ENSG00000240454,0
ENSG00000240455,1
ENSG00000240457,1
ENSG00000240458,0
ENSG00000240459,0
ENSG00000240463,6
ENSG00000240470,0
ENSG00000240471,0
ENSG00000240474,2
ENSG00000240476,0
ENSG00000240477,3
ENSG00000240478,0
ENSG00000240480,0
ENSG00000240481,0
ENSG00000240484,1
ENSG00000240486,0
ENSG00000240487,0
ENSG00000240489,6
ENSG00000240490,0
ENSG00000240494,0
ENSG00000240497,0
ENSG00000240498,184
ENSG00000240499,0
ENSG00000240502,0
ENSG00000240505,2
ENSG00000240509,3
ENSG00000240511,0
ENSG00000240513,0
ENSG00000240518,0
ENSG00000240519,0
ENSG00000240520,0
ENSG00000240521,3643
ENSG00000240522,20
ENSG00000240524,0
ENSG00000240527,0
ENSG00000240531,0
ENSG00000240533,0
ENSG00000240534,0
ENSG00000240535,0
ENSG00000240540,3
ENSG00000240541,2
ENSG00000240542,0
ENSG00000240545,0
ENSG00000240549,0
ENSG00000240553,0
ENSG00000240554,1
ENSG00000240562,0
ENSG00000240563,13
ENSG00000240566,0
ENSG00000240567,11
ENSG00000240568,0
ENSG00000240571,18
ENSG00000240572,0
ENSG00000240573,0
ENSG00000240577,0
ENSG00000240578,0
ENSG00000240579,0
ENSG00000240583,6697
ENSG00000240584,0
ENSG00000240589,2
ENSG00000240590,0
ENSG00000240591,4
ENSG00000240596,0
ENSG00000240601,0
ENSG00000240602,0
ENSG00000240606,1
ENSG00000240611,0
ENSG00000240613,0
ENSG00000240616,12
ENSG00000240618,2
ENSG00000240621,0
ENSG00000240622,1
ENSG00000240624,0
ENSG00000240625,2
ENSG00000240626,0
ENSG00000240627,0
ENSG00000240631,0
ENSG00000240632,0
ENSG00000240634,5
ENSG00000240637,0
ENSG00000240639,0
ENSG00000240641,0
ENSG00000240647,0
ENSG00000240651,0
ENSG00000240652,10
ENSG00000240654,39
ENSG00000240661,0
ENSG00000240663,0
ENSG00000240665,0
ENSG00000240666,0
ENSG00000240667,0
ENSG00000240668,4
ENSG00000240669,0
ENSG00000240671,0
ENSG00000240673,1
ENSG00000240674,2
ENSG00000240677,0
ENSG00000240680,0
ENSG00000240682,1156
ENSG00000240687,0
ENSG00000240692,0
ENSG00000240694,51
ENSG00000240695,0
ENSG00000240698,0
ENSG00000240704,1
ENSG00000240707,0
ENSG00000240708,0
ENSG00000240710,7
ENSG00000240713,0
ENSG00000240718,1
ENSG00000240720,1
ENSG00000240721,0
ENSG00000240723,1
ENSG00000240724,0
ENSG00000240729,0
ENSG00000240731,113
ENSG00000240733,0
ENSG00000240738,0
ENSG00000240739,0
ENSG00000240747,14
ENSG00000240750,0
ENSG00000240751,1
ENSG00000240752,2
ENSG00000240755,0
ENSG00000240758,7
ENSG00000240759,1
ENSG00000240760,0
ENSG00000240761,0
ENSG00000240764,0
ENSG00000240766,0
ENSG00000240767,0
ENSG00000240770,0
ENSG00000240771,1409
ENSG00000240772,0
ENSG00000240774,0
ENSG00000240775,1
ENSG00000240776,3
ENSG00000240777,0
ENSG00000240785,1
ENSG00000240787,0
ENSG00000240790,3
ENSG00000240791,0
ENSG00000240792,0
ENSG00000240793,5
ENSG00000240796,0
ENSG00000240800,2
ENSG00000240801,0
ENSG00000240803,0
ENSG00000240804,1
ENSG00000240808,1
ENSG00000240809,32
ENSG00000240813,0
ENSG00000240821,0
ENSG00000240823,2
ENSG00000240824,0
ENSG00000240827,0
ENSG00000240828,1
ENSG00000240837,0
ENSG00000240842,0
ENSG00000240846,0
ENSG00000240847,0
ENSG00000240849,2469
ENSG00000240853,0
ENSG00000240854,50
ENSG00000240857,926
ENSG00000240859,80
ENSG00000240861,0
ENSG00000240863,0
ENSG00000240864,1
ENSG00000240868,1
ENSG00000240869,1
ENSG00000240870,1
ENSG00000240871,0
ENSG00000240873,0
ENSG00000240874,3
ENSG00000240875,254
ENSG00000240877,6
ENSG00000240881,0
ENSG00000240882,0
ENSG00000240888,0
ENSG00000240889,81
ENSG00000240890,0
ENSG00000240891,597
ENSG00000240893,0
ENSG00000240895,0
ENSG00000240898,9
ENSG00000240902,0
ENSG00000240905,0
ENSG00000240912,1
ENSG00000240914,30
ENSG00000240915,0
ENSG00000240919,1
ENSG00000240922,0
ENSG00000240925,0
ENSG00000240927,2
ENSG00000240929,4
ENSG00000240934,0
ENSG00000240935,0
ENSG00000240936,0
ENSG00000240940,0
ENSG00000240950,3
ENSG00000240951,0
ENSG00000240954,1
ENSG00000240959,0
ENSG00000240960,0
ENSG00000240961,0
ENSG00000240963,0
ENSG00000240964,12
ENSG00000240966,0
ENSG00000240970,9
ENSG00000240972,958
ENSG00000240973,0
ENSG00000240974,0
ENSG00000240975,1
ENSG00000240977,0
ENSG00000240979,0
ENSG00000240980,0
ENSG00000240983,0
ENSG00000240990,3
ENSG00000240991,4
ENSG00000240992,0
ENSG00000240993,1
ENSG00000240995,0
ENSG00000240996,7
ENSG00000240997,0
ENSG00000241002,0
ENSG00000241003,0
ENSG00000241007,0
ENSG00000241008,2
ENSG00000241011,0
ENSG00000241014,97
ENSG00000241015,233
ENSG00000241018,0
ENSG00000241020,0
ENSG00000241022,0
ENSG00000241026,0
ENSG00000241030,2
ENSG00000241032,1
ENSG00000241035,1
ENSG00000241037,0
ENSG00000241042,0
ENSG00000241043,21
ENSG00000241045,1
ENSG00000241048,2
ENSG00000241052,0
ENSG00000241054,1
ENSG00000241057,15
ENSG00000241058,501
ENSG00000241059,0
ENSG00000241061,13
ENSG00000241064,0
ENSG00000241067,0
ENSG00000241069,0
ENSG00000241073,0
ENSG00000241074,0
ENSG00000241081,1
ENSG00000241082,0
ENSG00000241084,2
ENSG00000241088,0
ENSG00000241095,0
ENSG00000241097,0
ENSG00000241098,0
ENSG00000241101,0
ENSG00000241102,0
ENSG00000241103,1
ENSG00000241104,0
ENSG00000241105,0
ENSG00000241106,12
ENSG00000241111,2
ENSG00000241112,0
ENSG00000241114,0
ENSG00000241119,0
ENSG00000241120,2
ENSG00000241123,0
ENSG00000241127,544
ENSG00000241128,0
ENSG00000241129,3
ENSG00000241130,0
ENSG00000241131,0
ENSG00000241134,0
ENSG00000241135,0
ENSG00000241136,0
ENSG00000241143,0
ENSG00000241144,0
ENSG00000241146,0
ENSG00000241149,0
ENSG00000241151,0
ENSG00000241152,0
ENSG00000241155,24
ENSG00000241156,0
ENSG00000241157,1
ENSG00000241158,2
ENSG00000241159,2
ENSG00000241162,0
ENSG00000241163,22
ENSG00000241168,0
ENSG00000241169,0
ENSG00000241170,32
ENSG00000241172,0
ENSG00000241174,0
ENSG00000241175,0
ENSG00000241179,0
ENSG00000241180,0
ENSG00000241183,0
ENSG00000241185,0
ENSG00000241186,0
ENSG00000241187,0
ENSG00000241188,1
ENSG00000241198,0
ENSG00000241200,0
ENSG00000241202,0
ENSG00000241203,0
ENSG00000241204,0
ENSG00000241207,0
ENSG00000241211,1
ENSG00000241213,0
ENSG00000241216,0
ENSG00000241217,7
ENSG00000241218,4
ENSG00000241219,0
ENSG00000241220,0
ENSG00000241221,0
ENSG00000241223,0
ENSG00000241224,0
ENSG00000241225,0
ENSG00000241226,0
ENSG00000241227,0
ENSG00000241228,0
ENSG00000241229,0
ENSG00000241230,0
ENSG00000241231,0
ENSG00000241233,0
ENSG00000241241,0
ENSG00000241243,0
ENSG00000241244,1
ENSG00000241246,0
ENSG00000241248,0
ENSG00000241250,0
ENSG00000241251,0
ENSG00000241255,5
ENSG00000241257,0
ENSG00000241258,2783
ENSG00000241261,0
ENSG00000241269,9
ENSG00000241278,18
ENSG00000241280,0
ENSG00000241281,1
ENSG00000241282,0
ENSG00000241286,0
ENSG00000241288,93
ENSG00000241291,0
ENSG00000241293,0
ENSG00000241294,8
ENSG00000241295,0
ENSG00000241305,0
ENSG00000241307,0
ENSG00000241313,0
ENSG00000241316,50
ENSG00000241317,0
ENSG00000241318,0
ENSG00000241319,0
ENSG00000241322,1
ENSG00000241324,0
ENSG00000241326,0
ENSG00000241328,0
ENSG00000241333,0
ENSG00000241334,0
ENSG00000241336,0
ENSG00000241343,2227
ENSG00000241344,0
ENSG00000241345,0
ENSG00000241346,1
ENSG00000241347,0
ENSG00000241350,0
ENSG00000241351,46
ENSG00000241352,2
ENSG00000241353,0
ENSG00000241354,0
ENSG00000241356,0
ENSG00000241357,0
ENSG00000241358,0
ENSG00000241359,70
ENSG00000241360,53
ENSG00000241361,7
ENSG00000241362,6
ENSG00000241367,0
ENSG00000241369,0
ENSG00000241370,425
ENSG00000241383,0
ENSG00000241385,0
ENSG00000241388,3
ENSG00000241391,0
ENSG00000241392,0
ENSG00000241395,0
ENSG00000241397,0
ENSG00000241399,77
ENSG00000241400,0
ENSG00000241404,91
ENSG00000241406,0
ENSG00000241409,0
ENSG00000241411,1
ENSG00000241413,0
ENSG00000241416,2
ENSG00000241418,6
ENSG00000241420,0
ENSG00000241423,0
ENSG00000241429,1
ENSG00000241431,23
ENSG00000241434,0
ENSG00000241438,3
ENSG00000241439,0
ENSG00000241449,0
ENSG00000241451,0
ENSG00000241456,0
ENSG00000241457,0
ENSG00000241458,2
ENSG00000241461,0
ENSG00000241462,0
ENSG00000241464,5
ENSG00000241468,3686
ENSG00000241469,0
ENSG00000241472,20
ENSG00000241473,0
ENSG00000241475,1
ENSG00000241476,0
ENSG00000241478,5
ENSG00000241479,0
ENSG00000241484,161
ENSG00000241487,0
ENSG00000241489,44
ENSG00000241490,0
ENSG00000241493,1
ENSG00000241494,2
ENSG00000241499,0
ENSG00000241505,0
ENSG00000241506,15
ENSG00000241511,2
ENSG00000241520,12
ENSG00000241524,0
ENSG00000241525,1
ENSG00000241526,0
ENSG00000241527,2
ENSG00000241529,1
ENSG00000241532,0
ENSG00000241535,0
ENSG00000241537,0
ENSG00000241539,0
ENSG00000241542,0
ENSG00000241544,0
ENSG00000241546,0
ENSG00000241547,3
ENSG00000241549,29
ENSG00000241550,0
ENSG00000241552,0
ENSG00000241553,7664
ENSG00000241556,7
ENSG00000241560,1
ENSG00000241562,0
ENSG00000241563,11
ENSG00000241566,1
ENSG00000241568,2
ENSG00000241570,0
ENSG00000241571,0
ENSG00000241572,0
ENSG00000241573,0
ENSG00000241577,0
ENSG00000241582,3
ENSG00000241587,0
ENSG00000241588,0
ENSG00000241590,0
ENSG00000241592,0
ENSG00000241593,1
ENSG00000241595,0
ENSG00000241596,1
ENSG00000241597,0
ENSG00000241598,4
ENSG00000241599,0
ENSG00000241604,0
ENSG00000241607,0
ENSG00000241612,3
ENSG00000241613,0
ENSG00000241621,1
ENSG00000241622,0
ENSG00000241625,0
ENSG00000241627,3
ENSG00000241631,0
ENSG00000241634,3
ENSG00000241635,0
ENSG00000241636,0
ENSG00000241640,1
ENSG00000241641,0
ENSG00000241644,22
ENSG00000241648,0
ENSG00000241651,1
ENSG00000241652,2
ENSG00000241654,0
ENSG00000241656,2
ENSG00000241657,1
ENSG00000241661,0
ENSG00000241665,0
ENSG00000241666,3
ENSG00000241667,0
ENSG00000241668,0
ENSG00000241669,0
ENSG00000241670,0
ENSG00000241671,0
ENSG00000241673,2
ENSG00000241678,1
ENSG00000241679,0
ENSG00000241680,1
ENSG00000241684,7
ENSG00000241685,9766
ENSG00000241690,0
ENSG00000241693,3
ENSG00000241695,0
ENSG00000241696,0
ENSG00000241697,0
ENSG00000241709,0
ENSG00000241717,7
ENSG00000241720,5
ENSG00000241721,1
ENSG00000241722,0
ENSG00000241723,1
ENSG00000241728,0
ENSG00000241735,1
ENSG00000241737,0
ENSG00000241738,2
ENSG00000241739,0
ENSG00000241741,58
ENSG00000241743,0
ENSG00000241744,0
ENSG00000241745,0
ENSG00000241746,1
ENSG00000241749,0
ENSG00000241754,0
ENSG00000241755,4
ENSG00000241756,0
ENSG00000241757,0
ENSG00000241764,65
ENSG00000241765,0
ENSG00000241767,0
ENSG00000241769,98
ENSG00000241770,2
ENSG00000241772,0
ENSG00000241774,0
ENSG00000241776,0
ENSG00000241777,0
ENSG00000241778,0
ENSG00000241781,0
ENSG00000241782,0
ENSG00000241785,0
ENSG00000241787,0
ENSG00000241788,0
ENSG00000241789,0
ENSG00000241790,0
ENSG00000241791,0
ENSG00000241792,0
ENSG00000241794,0
ENSG00000241804,0
ENSG00000241807,0
ENSG00000241808,0
ENSG00000241809,0
ENSG00000241810,1
ENSG00000241815,0
ENSG00000241818,0
ENSG00000241821,0
ENSG00000241825,1
ENSG00000241828,0
ENSG00000241829,1
ENSG00000241832,0
ENSG00000241834,0
ENSG00000241837,3457
ENSG00000241838,0
ENSG00000241839,1672
ENSG00000241846,0
ENSG00000241852,350
ENSG00000241853,0
ENSG00000241859,0
ENSG00000241860,18
ENSG00000241861,0
ENSG00000241866,0
ENSG00000241868,0
ENSG00000241869,0
ENSG00000241870,0
ENSG00000241874,0
ENSG00000241877,0
ENSG00000241878,4100
ENSG00000241879,0
ENSG00000241881,0
ENSG00000241882,0
ENSG00000241884,0
ENSG00000241886,5
ENSG00000241888,0
ENSG00000241889,1
ENSG00000241890,0
ENSG00000241891,0
ENSG00000241899,0
ENSG00000241905,0
ENSG00000241907,0
ENSG00000241911,0
ENSG00000241912,0
ENSG00000241913,0
ENSG00000241917,0
ENSG00000241921,0
ENSG00000241923,11
ENSG00000241926,0
ENSG00000241929,0
ENSG00000241932,0
ENSG00000241933,1
ENSG00000241935,125
ENSG00000241939,0
ENSG00000241941,0
ENSG00000241942,0
ENSG00000241943,0
ENSG00000241945,67
ENSG00000241946,0
ENSG00000241947,0
ENSG00000241950,0
ENSG00000241954,4
ENSG00000241956,0
ENSG00000241959,0
ENSG00000241961,0
ENSG00000241962,23
ENSG00000241963,1
ENSG00000241964,0
ENSG00000241965,0
ENSG00000241973,6459
ENSG00000241975,5
ENSG00000241978,9
ENSG00000241981,0
ENSG00000241983,0
ENSG00000241984,2
ENSG00000241985,0
ENSG00000241990,213
ENSG00000241991,0
ENSG00000241992,0
ENSG00000241993,0
ENSG00000241997,0
ENSG00000242001,0
ENSG00000242009,0
ENSG00000242012,0
ENSG00000242014,0
ENSG00000242017,2
ENSG00000242019,0
ENSG00000242020,0
ENSG00000242021,2
ENSG00000242028,140
ENSG00000242029,0
ENSG00000242034,1
ENSG00000242036,0
ENSG00000242041,0
ENSG00000242042,0
ENSG00000242048,1
ENSG00000242049,0
ENSG00000242052,4
ENSG00000242058,0
ENSG00000242060,1
ENSG00000242061,4
ENSG00000242062,0
ENSG00000242065,0
ENSG00000242066,1
ENSG00000242067,2
ENSG00000242068,1
ENSG00000242070,0
ENSG00000242071,137
ENSG00000242072,0
ENSG00000242073,0
ENSG00000242076,0
ENSG00000242078,4
ENSG00000242079,0
ENSG00000242080,0
ENSG00000242082,6
ENSG00000242083,1
ENSG00000242085,4
ENSG00000242086,318
ENSG00000242087,0
ENSG00000242088,0
ENSG00000242094,0
ENSG00000242097,0
ENSG00000242100,0
ENSG00000242101,0
ENSG00000242102,0
ENSG00000242103,0
ENSG00000242104,4
ENSG00000242107,0
ENSG00000242109,0
ENSG00000242110,409
ENSG00000242111,0
ENSG00000242113,0
ENSG00000242114,111
ENSG00000242118,0
ENSG00000242119,0
ENSG00000242120,0
ENSG00000242121,0
ENSG00000242123,0
ENSG00000242125,537
ENSG00000242134,0
ENSG00000242135,0
ENSG00000242136,0
ENSG00000242137,0
ENSG00000242140,3
ENSG00000242142,0
ENSG00000242145,0
ENSG00000242147,5
ENSG00000242150,0
ENSG00000242151,0
ENSG00000242152,0
ENSG00000242153,0
ENSG00000242154,2
ENSG00000242156,0
ENSG00000242158,0
ENSG00000242159,0
ENSG00000242162,0
ENSG00000242163,0
ENSG00000242165,0
ENSG00000242169,2
ENSG00000242170,0
ENSG00000242173,31
ENSG00000242175,0
ENSG00000242176,0
ENSG00000242178,0
ENSG00000242180,0
ENSG00000242182,2
ENSG00000242186,0
ENSG00000242190,2
ENSG00000242193,419
ENSG00000242195,0
ENSG00000242197,0
ENSG00000242198,1
ENSG00000242199,0
ENSG00000242201,0
ENSG00000242206,1
ENSG00000242207,0
ENSG00000242208,4
ENSG00000242209,0
ENSG00000242214,0
ENSG00000242216,0
ENSG00000242220,51
ENSG00000242221,0
ENSG00000242222,0
ENSG00000242229,1
ENSG00000242236,2
ENSG00000242241,0
ENSG00000242242,0
ENSG00000242244,0
ENSG00000242246,0
ENSG00000242247,1414
ENSG00000242248,0
ENSG00000242251,0
ENSG00000242252,11
ENSG00000242255,0
ENSG00000242256,0
ENSG00000242258,3
ENSG00000242259,804
ENSG00000242261,0
ENSG00000242262,6
ENSG00000242265,54
ENSG00000242266,0
ENSG00000242267,3
ENSG00000242268,0
ENSG00000242272,0
ENSG00000242276,1
ENSG00000242278,0
ENSG00000242279,0
ENSG00000242280,0
ENSG00000242281,0
ENSG00000242282,84
ENSG00000242285,0
ENSG00000242288,1
ENSG00000242290,0
ENSG00000242291,1
ENSG00000242292,0
ENSG00000242293,0
ENSG00000242294,671
ENSG00000242295,0
ENSG00000242296,22
ENSG00000242299,120
ENSG00000242307,3
ENSG00000242308,1
ENSG00000242314,1
ENSG00000242315,0
ENSG00000242317,0
ENSG00000242318,0
ENSG00000242320,0
ENSG00000242321,0
ENSG00000242324,0
ENSG00000242325,0
ENSG00000242326,0
ENSG00000242327,0
ENSG00000242329,0
ENSG00000242330,0
ENSG00000242337,6
ENSG00000242338,7
ENSG00000242339,0
ENSG00000242341,0
ENSG00000242348,0
ENSG00000242349,23
ENSG00000242352,4
ENSG00000242353,9
ENSG00000242358,0
ENSG00000242360,0
ENSG00000242362,0
ENSG00000242364,0
ENSG00000242365,0
ENSG00000242366,0
ENSG00000242370,0
ENSG00000242371,2
ENSG00000242372,7473
ENSG00000242375,17
ENSG00000242381,0
ENSG00000242385,0
ENSG00000242387,0
ENSG00000242389,0
ENSG00000242390,0
ENSG00000242391,0
ENSG00000242393,0
ENSG00000242396,15
ENSG00000242398,0
ENSG00000242399,0
ENSG00000242405,1
ENSG00000242407,0
ENSG00000242411,1
ENSG00000242412,0
ENSG00000242417,0
ENSG00000242419,9
ENSG00000242423,0
ENSG00000242428,0
ENSG00000242430,0
ENSG00000242431,0
ENSG00000242435,2
ENSG00000242436,0
ENSG00000242439,0
ENSG00000242440,0
ENSG00000242441,0
ENSG00000242444,0
ENSG00000242445,5
ENSG00000242456,0
ENSG00000242457,2
ENSG00000242461,0
ENSG00000242463,0
ENSG00000242472,0
ENSG00000242473,0
ENSG00000242474,21
ENSG00000242477,2
ENSG00000242479,0
ENSG00000242482,0
ENSG00000242483,0
ENSG00000242485,4464
ENSG00000242486,0
ENSG00000242488,0
ENSG00000242493,0
ENSG00000242498,4439
ENSG00000242507,0
ENSG00000242509,0
ENSG00000242510,0
ENSG00000242512,2
ENSG00000242515,1
ENSG00000242516,73
ENSG00000242520,0
ENSG00000242522,1
ENSG00000242524,0
ENSG00000242525,0
ENSG00000242527,0
ENSG00000242529,0
ENSG00000242531,3
ENSG00000242534,0
ENSG00000242536,0
ENSG00000242537,0
ENSG00000242539,0
ENSG00000242540,0
ENSG00000242545,0
ENSG00000242547,0
ENSG00000242550,0
ENSG00000242551,2
ENSG00000242552,0
ENSG00000242553,9
ENSG00000242559,0
ENSG00000242560,0
ENSG00000242561,0
ENSG00000242562,1
ENSG00000242565,0
ENSG00000242568,0
ENSG00000242571,1
ENSG00000242573,0
ENSG00000242574,1532
ENSG00000242575,0
ENSG00000242578,2
ENSG00000242580,1
ENSG00000242583,0
ENSG00000242586,0
ENSG00000242588,41
ENSG00000242590,0
ENSG00000242593,0
ENSG00000242595,0
ENSG00000242598,0
ENSG00000242599,0
ENSG00000242600,12
ENSG00000242602,2
ENSG00000242607,2
ENSG00000242608,0
ENSG00000242609,0
ENSG00000242610,0
ENSG00000242611,3
ENSG00000242612,1640
ENSG00000242613,0
ENSG00000242614,0
ENSG00000242615,171
ENSG00000242616,619
ENSG00000242618,0
ENSG00000242622,60
ENSG00000242628,3
ENSG00000242631,0
ENSG00000242634,0
ENSG00000242635,0
ENSG00000242636,0
ENSG00000242638,0
ENSG00000242640,0
ENSG00000242641,0
ENSG00000242650,0
ENSG00000242651,0
ENSG00000242653,0
ENSG00000242654,0
ENSG00000242657,0
ENSG00000242659,4
ENSG00000242660,2
ENSG00000242661,5
ENSG00000242667,1
ENSG00000242668,0
ENSG00000242670,0
ENSG00000242671,0
ENSG00000242673,0
ENSG00000242675,0
ENSG00000242683,0
ENSG00000242686,1
ENSG00000242687,385
ENSG00000242688,0
ENSG00000242689,2
ENSG00000242692,1
ENSG00000242696,1
ENSG00000242697,14
ENSG00000242699,0
ENSG00000242703,0
ENSG00000242705,0
ENSG00000242706,0
ENSG00000242707,0
ENSG00000242709,0
ENSG00000242715,30
ENSG00000242719,0
ENSG00000242727,0
ENSG00000242728,0
ENSG00000242729,0
ENSG00000242731,0
ENSG00000242732,532
ENSG00000242735,0
ENSG00000242736,0
ENSG00000242737,2
ENSG00000242741,8
ENSG00000242747,3
ENSG00000242748,1
ENSG00000242752,0
ENSG00000242753,0
ENSG00000242756,0
ENSG00000242757,0
ENSG00000242759,124
ENSG00000242764,0
ENSG00000242766,0
ENSG00000242767,10
ENSG00000242768,0
ENSG00000242769,0
ENSG00000242770,0
ENSG00000242771,0
ENSG00000242775,0
ENSG00000242779,204
ENSG00000242781,0
ENSG00000242790,0
ENSG00000242791,0
ENSG00000242793,0
ENSG00000242794,0
ENSG00000242795,1
ENSG00000242797,2
ENSG00000242798,21
ENSG00000242802,2244
ENSG00000242807,0
ENSG00000242808,33
ENSG00000242810,0
ENSG00000242811,0
ENSG00000242814,3
ENSG00000242816,0
ENSG00000242818,0
ENSG00000242828,0
ENSG00000242829,0
ENSG00000242834,0
ENSG00000242836,0
ENSG00000242837,0
ENSG00000242841,4
ENSG00000242849,0
ENSG00000242850,0
ENSG00000242852,34
ENSG00000242853,0
ENSG00000242854,0
ENSG00000242855,0
ENSG00000242856,0
ENSG00000242858,0
ENSG00000242860,0
ENSG00000242861,228
ENSG00000242863,0
ENSG00000242865,0
ENSG00000242866,36
ENSG00000242875,0
ENSG00000242876,0
ENSG00000242879,0
ENSG00000242880,0
ENSG00000242882,0
ENSG00000242887,1
ENSG00000242888,0
ENSG00000242889,1
ENSG00000242893,0
ENSG00000242894,0
ENSG00000242899,0
ENSG00000242902,1
ENSG00000242908,0
ENSG00000242911,0
ENSG00000242912,0
ENSG00000242915,0
ENSG00000242922,0
ENSG00000242924,0
ENSG00000242925,0
ENSG00000242928,0
ENSG00000242931,0
ENSG00000242936,0
ENSG00000242941,0
ENSG00000242943,0
ENSG00000242945,0
ENSG00000242948,0
ENSG00000242950,3
ENSG00000242951,5
ENSG00000242952,1
ENSG00000242953,1
ENSG00000242958,0
ENSG00000242960,18
ENSG00000242963,0
ENSG00000242968,1
ENSG00000242970,4
ENSG00000242971,0
ENSG00000242973,0
ENSG00000242976,0
ENSG00000242978,1
ENSG00000242979,0
ENSG00000242983,0
ENSG00000242985,0
ENSG00000242986,0
ENSG00000242989,0
ENSG00000242990,3
ENSG00000242991,0
ENSG00000242992,2
ENSG00000242993,0
ENSG00000242995,0
ENSG00000242998,0
ENSG00000242999,1
ENSG00000243004,0
ENSG00000243005,1
ENSG00000243007,17
ENSG00000243008,6
ENSG00000243011,0
ENSG00000243012,0
ENSG00000243014,2
ENSG00000243015,0
ENSG00000243016,0
ENSG00000243018,1
ENSG00000243020,1
ENSG00000243022,0
ENSG00000243023,0
ENSG00000243024,49
ENSG00000243025,0
ENSG00000243027,0
ENSG00000243029,0
ENSG00000243033,0
ENSG00000243035,0
ENSG00000243038,0
ENSG00000243040,0
ENSG00000243044,0
ENSG00000243048,0
ENSG00000243049,1
ENSG00000243050,0
ENSG00000243051,0
ENSG00000243053,0
ENSG00000243055,2
ENSG00000243056,770
ENSG00000243058,0
ENSG00000243059,0
ENSG00000243062,0
ENSG00000243063,0
ENSG00000243064,7
ENSG00000243066,0
ENSG00000243069,28
ENSG00000243071,10
ENSG00000243072,0
ENSG00000243073,0
ENSG00000243075,0
ENSG00000243081,0
ENSG00000243083,12
ENSG00000243085,0
ENSG00000243089,0
ENSG00000243094,9
ENSG00000243095,1
ENSG00000243099,0
ENSG00000243101,1
ENSG00000243103,1
ENSG00000243104,0
ENSG00000243107,6
ENSG00000243113,0
ENSG00000243115,0
ENSG00000243116,2
ENSG00000243122,0
ENSG00000243124,0
ENSG00000243125,0
ENSG00000243129,0
ENSG00000243130,0
ENSG00000243135,0
ENSG00000243136,0
ENSG00000243137,0
ENSG00000243141,3
ENSG00000243144,0
ENSG00000243147,1368
ENSG00000243149,0
ENSG00000243150,0
ENSG00000243154,0
ENSG00000243155,66
ENSG00000243156,268
ENSG00000243160,0
ENSG00000243164,0
ENSG00000243165,0
ENSG00000243167,26
ENSG00000243171,0
ENSG00000243173,0
ENSG00000243175,0
ENSG00000243176,40
ENSG00000243179,0
ENSG00000243181,9
ENSG00000243187,0
ENSG00000243188,0
ENSG00000243193,0
ENSG00000243195,0
ENSG00000243197,0
ENSG00000243199,162
ENSG00000243207,0
ENSG00000243220,0
ENSG00000243224,10
ENSG00000243225,0
ENSG00000243227,0
ENSG00000243230,6
ENSG00000243232,5
ENSG00000243234,3
ENSG00000243236,0
ENSG00000243238,0
ENSG00000243243,3
ENSG00000243244,101
ENSG00000243250,0
ENSG00000243251,3
ENSG00000243254,0
ENSG00000243256,0
ENSG00000243257,1
ENSG00000243260,1
ENSG00000243264,4
ENSG00000243265,0
ENSG00000243267,0
ENSG00000243273,14
ENSG00000243274,0
ENSG00000243276,0
ENSG00000243279,1319
ENSG00000243280,0
ENSG00000243284,6
ENSG00000243287,0
ENSG00000243289,3
ENSG00000243290,0
ENSG00000243295,0
ENSG00000243296,0
ENSG00000243297,2
ENSG00000243300,0
ENSG00000243302,174
ENSG00000243303,0
ENSG00000243304,9
ENSG00000243305,0
ENSG00000243307,0
ENSG00000243312,0
ENSG00000243313,0
ENSG00000243314,0
ENSG00000243316,0
ENSG00000243317,2804
ENSG00000243319,3
ENSG00000243321,0
ENSG00000243323,13
ENSG00000243328,0
ENSG00000243333,0
ENSG00000243335,496
ENSG00000243338,0
ENSG00000243339,7
ENSG00000243345,0
ENSG00000243346,0
ENSG00000243347,0
ENSG00000243349,0
ENSG00000243350,139
ENSG00000243352,0
ENSG00000243353,0
ENSG00000243355,0
ENSG00000243359,0
ENSG00000243364,94
ENSG00000243365,0
ENSG00000243366,0
ENSG00000243368,9
ENSG00000243370,1
ENSG00000243373,0
ENSG00000243374,0
ENSG00000243378,0
ENSG00000243383,0
ENSG00000243384,2
ENSG00000243385,0
ENSG00000243388,0
ENSG00000243389,13
ENSG00000243396,0
ENSG00000243398,0
ENSG00000243402,0
ENSG00000243403,5
ENSG00000243404,0
ENSG00000243406,24
ENSG00000243410,0
ENSG00000243414,11
ENSG00000243415,0
ENSG00000243417,1
ENSG00000243420,0
ENSG00000243422,17
ENSG00000243423,0
ENSG00000243424,0
ENSG00000243426,0
ENSG00000243429,3
ENSG00000243431,16
ENSG00000243433,19
ENSG00000243437,0
ENSG00000243438,0
ENSG00000243439,0
ENSG00000243440,0
ENSG00000243444,2
ENSG00000243445,1
ENSG00000243446,0
ENSG00000243449,361
ENSG00000243453,0
ENSG00000243455,1
ENSG00000243466,21
ENSG00000243468,0
ENSG00000243469,0
ENSG00000243477,495
ENSG00000243478,4
ENSG00000243479,88
ENSG00000243480,0
ENSG00000243483,0
ENSG00000243485,0
ENSG00000243486,0
ENSG00000243488,0
ENSG00000243489,0
ENSG00000243491,4
ENSG00000243494,0
ENSG00000243495,0
ENSG00000243498,1
ENSG00000243499,0
ENSG00000243500,0
ENSG00000243501,0
ENSG00000243503,0
ENSG00000243504,1
ENSG00000243505,0
ENSG00000243507,0
ENSG00000243508,0
ENSG00000243509,0
ENSG00000243510,0
ENSG00000243514,0
ENSG00000243516,0
ENSG00000243517,9
ENSG00000243518,0
ENSG00000243519,0
ENSG00000243521,0
ENSG00000243531,0
ENSG00000243532,0
ENSG00000243537,2
ENSG00000243538,5
ENSG00000243539,0
ENSG00000243541,0
ENSG00000243543,1
ENSG00000243544,0
ENSG00000243546,0
ENSG00000243547,9
ENSG00000243548,0
ENSG00000243549,0
ENSG00000243550,13
ENSG00000243554,167
ENSG00000243560,0
ENSG00000243562,0
ENSG00000243566,70
ENSG00000243568,0
ENSG00000243572,0
ENSG00000243574,0
ENSG00000243581,0
ENSG00000243583,0
ENSG00000243584,0
ENSG00000243587,21
ENSG00000243591,0
ENSG00000243592,1
ENSG00000243593,0
ENSG00000243596,0
ENSG00000243601,0
ENSG00000243607,0
ENSG00000243609,0
ENSG00000243613,0
ENSG00000243620,0
ENSG00000243621,0
ENSG00000243627,0
ENSG00000243629,0
ENSG00000243633,0
ENSG00000243635,2
ENSG00000243636,0
ENSG00000243641,0
ENSG00000243642,3
ENSG00000243643,0
ENSG00000243646,1779
ENSG00000243648,7
ENSG00000243649,4723
ENSG00000243650,22
ENSG00000243655,0
ENSG00000243658,0
ENSG00000243659,5
ENSG00000243660,123
ENSG00000243661,0
ENSG00000243663,6
ENSG00000243664,0
ENSG00000243667,31
ENSG00000243669,0
ENSG00000243671,0
ENSG00000243672,0
ENSG00000243674,1
ENSG00000243675,0
ENSG00000243678,2540
ENSG00000243679,194
ENSG00000243680,3
ENSG00000243686,0
ENSG00000243687,2
ENSG00000243694,0
ENSG00000243695,0
ENSG00000243696,96
ENSG00000243697,52
ENSG00000243700,0
ENSG00000243701,801
ENSG00000243702,1
ENSG00000243704,0
ENSG00000243705,0
ENSG00000243708,23
ENSG00000243709,9
ENSG00000243710,183
ENSG00000243711,2
ENSG00000243715,0
ENSG00000243716,45
ENSG00000243720,0
ENSG00000243721,2
ENSG00000243723,0
ENSG00000243725,110
ENSG00000243729,0
ENSG00000243730,0
ENSG00000243733,0
ENSG00000243738,2
ENSG00000243742,101
ENSG00000243744,1
ENSG00000243746,11
ENSG00000243749,209
ENSG00000243753,809
ENSG00000243758,0
ENSG00000243759,2
ENSG00000243761,0
ENSG00000243762,0
ENSG00000243766,0
ENSG00000243770,0
ENSG00000243771,0
ENSG00000243772,5
ENSG00000243775,0
ENSG00000243777,0
ENSG00000243779,1
ENSG00000243780,0
ENSG00000243781,0
ENSG00000243782,0
ENSG00000243789,6
ENSG00000243792,0
ENSG00000243794,0
ENSG00000243795,5
ENSG00000243797,0
ENSG00000243799,0
ENSG00000243801,0
ENSG00000243802,8
ENSG00000243806,0
ENSG00000243810,3
ENSG00000243811,206
ENSG00000243813,0
ENSG00000243817,0
ENSG00000243818,0
ENSG00000243819,17
ENSG00000243822,0
ENSG00000243824,1
ENSG00000243828,0
ENSG00000243829,11
ENSG00000243830,0
ENSG00000243831,0
ENSG00000243832,0
ENSG00000243836,2
ENSG00000243838,0
ENSG00000243844,1
ENSG00000243845,0
ENSG00000243847,0
ENSG00000243849,1
ENSG00000243853,0
ENSG00000243854,0
ENSG00000243855,0
ENSG00000243856,0
ENSG00000243859,1
ENSG00000243861,0
ENSG00000243864,0
ENSG00000243870,2
ENSG00000243871,2
ENSG00000243872,0
ENSG00000243873,0
ENSG00000243877,2
ENSG00000243883,0
ENSG00000243885,0
ENSG00000243886,0
ENSG00000243888,0
ENSG00000243889,0
ENSG00000243894,0
ENSG00000243896,24
ENSG00000243900,0
ENSG00000243902,0
ENSG00000243903,0
ENSG00000243904,4
ENSG00000243905,0
ENSG00000243910,1
ENSG00000243911,0
ENSG00000243914,0
ENSG00000243915,2
ENSG00000243916,0
ENSG00000243918,0
ENSG00000243920,0
ENSG00000243925,0
ENSG00000243926,16
ENSG00000243927,2177
ENSG00000243929,0
ENSG00000243930,0
ENSG00000243939,0
ENSG00000243943,2049
ENSG00000243944,1
ENSG00000243945,0
ENSG00000243951,0
ENSG00000243953,0
ENSG00000243954,0
ENSG00000243955,4
ENSG00000243957,0
ENSG00000243959,0
ENSG00000243960,5
ENSG00000243961,0
ENSG00000243964,15
ENSG00000243967,0
ENSG00000243968,0
ENSG00000243969,0
ENSG00000243970,31
ENSG00000243974,0
ENSG00000243976,0
ENSG00000243977,0
ENSG00000243978,3
ENSG00000243979,0
ENSG00000243980,0
ENSG00000243981,0
ENSG00000243986,0
ENSG00000243988,0
ENSG00000243989,388
ENSG00000243991,0
ENSG00000243993,0
ENSG00000243995,0
ENSG00000244000,0
ENSG00000244002,0
ENSG00000244003,0
ENSG00000244004,0
ENSG00000244005,3145
ENSG00000244006,1
ENSG00000244009,3
ENSG00000244018,0
ENSG00000244019,1
ENSG00000244020,0
ENSG00000244021,4
ENSG00000244024,0
ENSG00000244025,0
ENSG00000244026,355
ENSG00000244031,0
ENSG00000244033,0
ENSG00000244034,0
ENSG00000244036,3
ENSG00000244038,9580
ENSG00000244039,0
ENSG00000244040,2
ENSG00000244041,122
ENSG00000244043,0
ENSG00000244044,0
ENSG00000244045,1412
ENSG00000244048,0
ENSG00000244050,13
ENSG00000244052,0
ENSG00000244053,1
ENSG00000244055,16
ENSG00000244056,1
ENSG00000244057,0
ENSG00000244060,1
ENSG00000244061,0
ENSG00000244062,0
ENSG00000244063,3
ENSG00000244065,0
ENSG00000244066,0
ENSG00000244067,2
ENSG00000244071,1
ENSG00000244073,17
ENSG00000244076,1
ENSG00000244080,0
ENSG00000244081,0
ENSG00000244083,0
ENSG00000244086,2
ENSG00000244088,0
ENSG00000244089,4
ENSG00000244091,0
ENSG00000244094,0
ENSG00000244097,5
ENSG00000244099,0
ENSG00000244101,0
ENSG00000244104,0
ENSG00000244107,0
ENSG00000244112,0
ENSG00000244113,1
ENSG00000244115,0
ENSG00000244116,0
ENSG00000244119,112
ENSG00000244122,0
ENSG00000244124,4
ENSG00000244125,0
ENSG00000244128,0
ENSG00000244130,0
ENSG00000244131,0
ENSG00000244134,1
ENSG00000244137,4
ENSG00000244139,0
ENSG00000244142,0
ENSG00000244144,13
ENSG00000244146,0
ENSG00000244151,27
ENSG00000244153,1
ENSG00000244155,0
ENSG00000244157,0
ENSG00000244158,0
ENSG00000244159,0
ENSG00000244161,152
ENSG00000244165,475
ENSG00000244167,0
ENSG00000244169,0
ENSG00000244171,2
ENSG00000244176,5
ENSG00000244183,1
ENSG00000244184,5
ENSG00000244187,6099
ENSG00000244192,1
ENSG00000244193,0
ENSG00000244194,0
ENSG00000244196,0
ENSG00000244197,0
ENSG00000244198,15
ENSG00000244199,0
ENSG00000244203,0
ENSG00000244211,0
ENSG00000244213,0
ENSG00000244214,0
ENSG00000244215,0
ENSG00000244217,0
ENSG00000244218,4
ENSG00000244219,186
ENSG00000244222,0
ENSG00000244226,0
ENSG00000244227,3
ENSG00000244229,1
ENSG00000244230,0
ENSG00000244231,0
ENSG00000244232,0
ENSG00000244234,1
ENSG00000244235,0
ENSG00000244236,0
ENSG00000244237,0
ENSG00000244239,0
ENSG00000244242,336
ENSG00000244244,0
ENSG00000244245,3
ENSG00000244246,0
ENSG00000244247,0
ENSG00000244249,0
ENSG00000244251,0
ENSG00000244252,0
ENSG00000244253,0
ENSG00000244255,1
ENSG00000244256,39
ENSG00000244257,1
ENSG00000244259,0
ENSG00000244260,0
ENSG00000244264,0
ENSG00000244265,67
ENSG00000244266,1
ENSG00000244267,0
ENSG00000244268,0
ENSG00000244270,0
ENSG00000244273,0
ENSG00000244274,335
ENSG00000244278,0
ENSG00000244280,0
ENSG00000244281,1
ENSG00000244283,0
ENSG00000244286,0
ENSG00000244289,0
ENSG00000244292,2
ENSG00000244294,0
ENSG00000244295,0
ENSG00000244296,0
ENSG00000244297,0
ENSG00000244300,35
ENSG00000244301,0
ENSG00000244302,0
ENSG00000244306,33
ENSG00000244307,1
ENSG00000244308,0
ENSG00000244310,1
ENSG00000244313,220
ENSG00000244314,0
ENSG00000244318,0
ENSG00000244321,0
ENSG00000244326,0
ENSG00000244327,0
ENSG00000244328,0
ENSG00000244329,0
ENSG00000244331,1
ENSG00000244332,0
ENSG00000244335,0
ENSG00000244337,0
ENSG00000244342,0
ENSG00000244345,1
ENSG00000244346,1
ENSG00000244349,3
ENSG00000244355,0
ENSG00000244356,0
ENSG00000244357,2
ENSG00000244358,0
ENSG00000244361,0
ENSG00000244362,0
ENSG00000244363,28
ENSG00000244371,1
ENSG00000244372,0
ENSG00000244376,0
ENSG00000244378,1
ENSG00000244380,2
ENSG00000244381,0
ENSG00000244382,1
ENSG00000244383,23
ENSG00000244384,0
ENSG00000244389,0
ENSG00000244390,0
ENSG00000244391,0
ENSG00000244392,0
ENSG00000244395,0
ENSG00000244398,218
ENSG00000244399,0
ENSG00000244400,0
ENSG00000244402,0
ENSG00000244404,0
ENSG00000244405,668
ENSG00000244411,1
ENSG00000244413,0
ENSG00000244414,0
ENSG00000244422,0
ENSG00000244425,11
ENSG00000244427,0
ENSG00000244429,0
ENSG00000244432,0
ENSG00000244433,0
ENSG00000244436,0
ENSG00000244437,9
ENSG00000244441,0
ENSG00000244451,0
ENSG00000244456,0
ENSG00000244457,0
ENSG00000244459,37
ENSG00000244461,0
ENSG00000244462,3751
ENSG00000244464,0
ENSG00000244468,1
ENSG00000244470,1
ENSG00000244471,0
ENSG00000244474,0
ENSG00000244476,2
ENSG00000244479,79
ENSG00000244480,46
ENSG00000244482,35
ENSG00000244485,0
ENSG00000244486,245
ENSG00000244490,3
ENSG00000244491,2
ENSG00000244493,0
ENSG00000244501,0
ENSG00000244502,3
ENSG00000244503,1
ENSG00000244509,396
ENSG00000244510,0
ENSG00000244512,26
ENSG00000244513,25
ENSG00000244514,0
ENSG00000244515,14
ENSG00000244521,0
ENSG00000244527,0
ENSG00000244528,0
ENSG00000244532,0
ENSG00000244534,0
ENSG00000244535,1
ENSG00000244537,0
ENSG00000244538,17
ENSG00000244540,0
ENSG00000244541,2
ENSG00000244544,0
ENSG00000244545,0
ENSG00000244550,0
ENSG00000244551,0
ENSG00000244556,9
ENSG00000244558,59
ENSG00000244559,0
ENSG00000244560,309
ENSG00000244561,0
ENSG00000244563,0
ENSG00000244564,0
ENSG00000244565,0
ENSG00000244567,198
ENSG00000244568,0
ENSG00000244571,0
ENSG00000244573,0
ENSG00000244575,4
ENSG00000244578,0
ENSG00000244582,3
ENSG00000244585,2
ENSG00000244586,1
ENSG00000244588,2
ENSG00000244593,0
ENSG00000244604,0
ENSG00000244607,64
ENSG00000244610,0
ENSG00000244615,0
ENSG00000244617,27
ENSG00000244618,0
ENSG00000244619,0
ENSG00000244620,0
ENSG00000244621,0
ENSG00000244623,1
ENSG00000244624,0
ENSG00000244625,45
ENSG00000244627,21
ENSG00000244630,0
ENSG00000244632,0
ENSG00000244640,0
ENSG00000244641,1
ENSG00000244642,0
ENSG00000244646,0
ENSG00000244649,5
ENSG00000244650,0
ENSG00000244652,0
ENSG00000244653,0
ENSG00000244657,0
ENSG00000244661,0
ENSG00000244662,0
ENSG00000244668,14
ENSG00000244669,0
ENSG00000244671,0
ENSG00000244674,1
ENSG00000244675,13
ENSG00000244676,0
ENSG00000244677,0
ENSG00000244681,4
ENSG00000244682,139
ENSG00000244687,456
ENSG00000244691,1
ENSG00000244692,3
ENSG00000244693,18
ENSG00000244694,150
ENSG00000244699,1
ENSG00000244701,446
ENSG00000244703,0
ENSG00000244705,0
ENSG00000244706,0
ENSG00000244708,0
ENSG00000244710,0
ENSG00000244712,2
ENSG00000244716,29
ENSG00000244717,0
ENSG00000244720,0
ENSG00000244722,1
ENSG00000244723,4
ENSG00000244730,0
ENSG00000244731,3866
ENSG00000244732,0
ENSG00000244733,7
ENSG00000244734,7843
ENSG00000244738,0
ENSG00000244740,0
ENSG00000244743,0
ENSG00000244748,0
ENSG00000244752,6
ENSG00000244753,0
ENSG00000244754,5270
ENSG00000244756,0
ENSG00000244757,14
ENSG00000244791,4
ENSG00000244879,607
ENSG00000244921,1167
ENSG00000244926,27
ENSG00000244932,43
ENSG00000244945,26
ENSG00000244952,4
ENSG00000244953,8
ENSG00000244968,252
ENSG00000244998,5
ENSG00000245008,0
ENSG00000245017,8
ENSG00000245025,18
ENSG00000245059,4
ENSG00000245060,1596
ENSG00000245067,6
ENSG00000245080,0
ENSG00000245105,37
ENSG00000245112,0
ENSG00000245146,48
ENSG00000245148,3
ENSG00000245149,244
ENSG00000245156,47
ENSG00000245164,12
ENSG00000245205,16
ENSG00000245213,350
ENSG00000245248,10
ENSG00000245261,0
ENSG00000245275,17
ENSG00000245281,40
ENSG00000245293,2
ENSG00000245311,0
ENSG00000245317,64
ENSG00000245322,0
ENSG00000245330,2
ENSG00000245384,4
ENSG00000245385,0
ENSG00000245466,0
ENSG00000245468,90
ENSG00000245479,9
ENSG00000245482,0
ENSG00000245498,51
ENSG00000245522,123
ENSG00000245526,0
ENSG00000245532,23510
ENSG00000245534,44
ENSG00000245552,92
ENSG00000245556,535
ENSG00000245571,269
ENSG00000245573,242
ENSG00000245598,4
ENSG00000245614,19
ENSG00000245648,57
ENSG00000245651,0
ENSG00000245662,0
ENSG00000245667,0
ENSG00000245680,685
ENSG00000245685,3
ENSG00000245688,0
ENSG00000245694,1539
ENSG00000245711,14
ENSG00000245719,1
ENSG00000245729,1
ENSG00000245748,1
ENSG00000245750,403
ENSG00000245768,9
ENSG00000245812,37
ENSG00000245832,0
ENSG00000245848,612
ENSG00000245849,315
ENSG00000245857,1
ENSG00000245864,0
ENSG00000245869,0
ENSG00000245870,0
ENSG00000245888,36
ENSG00000245904,6
ENSG00000245910,1631
ENSG00000245928,0
ENSG00000245937,1602
ENSG00000245954,0
ENSG00000245958,289
ENSG00000245970,51
ENSG00000245975,46
ENSG00000246016,7
ENSG00000246022,0
ENSG00000246067,79
ENSG00000246082,781
ENSG00000246084,0
ENSG00000246089,170
ENSG00000246090,19
ENSG00000246095,0
ENSG00000246100,152
ENSG00000246115,0
ENSG00000246130,4
ENSG00000246145,1
ENSG00000246174,50
ENSG00000246203,16
ENSG00000246211,2
ENSG00000246214,12
ENSG00000246223,40
ENSG00000246225,24
ENSG00000246228,6
ENSG00000246250,4
ENSG00000246263,230
ENSG00000246273,114
ENSG00000246283,0
ENSG00000246308,20
ENSG00000246316,0
ENSG00000246323,3
ENSG00000246331,1
ENSG00000246334,6
ENSG00000246339,94
ENSG00000246350,0
ENSG00000246363,0
ENSG00000246366,3
ENSG00000246375,118
ENSG00000246379,28
ENSG00000246394,0
ENSG00000246422,0
ENSG00000246430,3
ENSG00000246448,1
ENSG00000246451,117
ENSG00000246465,45
ENSG00000246477,18
ENSG00000246523,20
ENSG00000246526,17
ENSG00000246528,2
ENSG00000246541,0
ENSG00000246548,29
ENSG00000246560,67
ENSG00000246575,61
ENSG00000246582,280
ENSG00000246596,42
ENSG00000246627,5
ENSG00000246640,36
ENSG00000246662,0
ENSG00000246695,367
ENSG00000246705,10338
ENSG00000246731,11
ENSG00000246740,4
ENSG00000246763,31
ENSG00000246774,2
ENSG00000246777,6
ENSG00000246790,0
ENSG00000246792,2
ENSG00000246820,1
ENSG00000246851,1
ENSG00000246859,82
ENSG00000246863,2
ENSG00000246876,0
ENSG00000246877,12
ENSG00000246889,98
ENSG00000246898,16
ENSG00000246922,433
ENSG00000246982,47
ENSG00000246985,50
ENSG00000247011,40
ENSG00000247033,0
ENSG00000247049,0
ENSG00000247077,3666
ENSG00000247081,145
ENSG00000247092,106
ENSG00000247095,50
ENSG00000247121,88
ENSG00000247130,0
ENSG00000247131,1
ENSG00000247134,334
ENSG00000247137,41
ENSG00000247151,0
ENSG00000247157,55
ENSG00000247193,1
ENSG00000247199,3
ENSG00000247213,0
ENSG00000247228,0
ENSG00000247240,111
ENSG00000247271,1300
ENSG00000247287,31
ENSG00000247311,1
ENSG00000247315,1700
ENSG00000247317,72
ENSG00000247324,6
ENSG00000247345,0
ENSG00000247363,39
ENSG00000247372,0
ENSG00000247373,75
ENSG00000247381,0
ENSG00000247400,277
ENSG00000247402,0
ENSG00000247416,0
ENSG00000247473,1
ENSG00000247498,230
ENSG00000247516,247
ENSG00000247556,5729
ENSG00000247570,0
ENSG00000247572,192
ENSG00000247595,55
ENSG00000247596,2440
ENSG00000247624,10
ENSG00000247626,426
ENSG00000247627,5270
ENSG00000247675,4
ENSG00000247679,170
ENSG00000247699,0
ENSG00000247708,65
ENSG00000247728,2
ENSG00000247732,0
ENSG00000247735,46
ENSG00000247746,485
ENSG00000247763,0
ENSG00000247765,2
ENSG00000247774,241
ENSG00000247775,0
ENSG00000247796,221
ENSG00000247809,17
ENSG00000247810,0
ENSG00000247828,184
ENSG00000247844,0
ENSG00000247853,44
ENSG00000247867,0
ENSG00000247872,1
ENSG00000247877,0
ENSG00000247903,539
ENSG00000247911,0
ENSG00000247925,1
ENSG00000247934,63
ENSG00000247950,54
ENSG00000247970,1
ENSG00000247982,75
ENSG00000247993,0
ENSG00000248008,1263
ENSG00000248015,0
ENSG00000248019,67
ENSG00000248027,2
ENSG00000248029,0
ENSG00000248049,544
ENSG00000248050,25
ENSG00000248079,17
ENSG00000248092,1968
ENSG00000248098,321
ENSG00000248099,1
ENSG00000248100,0
ENSG00000248101,0
ENSG00000248103,1
ENSG00000248104,0
ENSG00000248105,0
ENSG00000248106,0
ENSG00000248107,0
ENSG00000248109,0
ENSG00000248112,0
ENSG00000248113,0
ENSG00000248114,0
ENSG00000248115,1
ENSG00000248117,0
ENSG00000248118,0
ENSG00000248120,0
ENSG00000248121,12
ENSG00000248122,0
ENSG00000248124,47
ENSG00000248125,0
ENSG00000248126,9
ENSG00000248127,0
ENSG00000248128,0
ENSG00000248131,0
ENSG00000248132,1
ENSG00000248133,0
ENSG00000248134,0
ENSG00000248136,0
ENSG00000248137,0
ENSG00000248138,1
ENSG00000248139,0
ENSG00000248143,0
ENSG00000248144,1
ENSG00000248145,0
ENSG00000248148,0
ENSG00000248150,0
ENSG00000248152,0
ENSG00000248155,1
ENSG00000248156,0
ENSG00000248159,5
ENSG00000248160,0
ENSG00000248161,23
ENSG00000248162,0
ENSG00000248165,0
ENSG00000248167,1
ENSG00000248170,0
ENSG00000248172,0
ENSG00000248173,0
ENSG00000248174,0
ENSG00000248176,0
ENSG00000248180,0
ENSG00000248184,0
ENSG00000248185,0
ENSG00000248187,5
ENSG00000248188,0
ENSG00000248191,0
ENSG00000248192,0
ENSG00000248195,0
ENSG00000248196,0
ENSG00000248197,0
ENSG00000248199,0
ENSG00000248200,0
ENSG00000248202,1
ENSG00000248203,0
ENSG00000248205,0
ENSG00000248206,2
ENSG00000248208,3
ENSG00000248209,0
ENSG00000248210,0
ENSG00000248211,2
ENSG00000248213,3
ENSG00000248215,0
ENSG00000248216,0
ENSG00000248221,0
ENSG00000248222,0
ENSG00000248223,0
ENSG00000248227,0
ENSG00000248228,0
ENSG00000248229,0
ENSG00000248231,0
ENSG00000248234,0
ENSG00000248235,3
ENSG00000248236,0
ENSG00000248237,0
ENSG00000248238,0
ENSG00000248240,2
ENSG00000248242,0
ENSG00000248243,3
ENSG00000248245,26
ENSG00000248249,0
ENSG00000248254,0
ENSG00000248256,3
ENSG00000248257,0
ENSG00000248259,0
ENSG00000248261,0
ENSG00000248262,0
ENSG00000248265,22
ENSG00000248266,0
ENSG00000248268,0
ENSG00000248271,0
ENSG00000248275,166
ENSG00000248278,10
ENSG00000248279,0
ENSG00000248280,16
ENSG00000248281,0
ENSG00000248282,0
ENSG00000248283,0
ENSG00000248285,0
ENSG00000248286,0
ENSG00000248287,0
ENSG00000248288,0
ENSG00000248290,16
ENSG00000248293,0
ENSG00000248294,0
ENSG00000248295,0
ENSG00000248296,0
ENSG00000248300,0
ENSG00000248302,0
ENSG00000248305,0
ENSG00000248307,0
ENSG00000248308,0
ENSG00000248309,13
ENSG00000248311,0
ENSG00000248313,0
ENSG00000248315,0
ENSG00000248317,0
ENSG00000248318,0
ENSG00000248319,0
ENSG00000248320,0
ENSG00000248322,0
ENSG00000248323,6
ENSG00000248327,1
ENSG00000248328,0
ENSG00000248329,1
ENSG00000248330,0
ENSG00000248332,0
ENSG00000248333,1140
ENSG00000248334,279
ENSG00000248335,1
ENSG00000248336,0
ENSG00000248337,0
ENSG00000248338,0
ENSG00000248339,0
ENSG00000248340,0
ENSG00000248343,0
ENSG00000248345,3
ENSG00000248346,0
ENSG00000248347,4
ENSG00000248349,0
ENSG00000248350,0
ENSG00000248351,0
ENSG00000248355,0
ENSG00000248356,0
ENSG00000248358,1
ENSG00000248359,0
ENSG00000248360,527
ENSG00000248362,0
ENSG00000248363,0
ENSG00000248364,0
ENSG00000248365,0
ENSG00000248366,0
ENSG00000248367,11
ENSG00000248369,0
ENSG00000248370,1
ENSG00000248371,2
ENSG00000248373,0
ENSG00000248374,0
ENSG00000248375,6
ENSG00000248376,0
ENSG00000248377,0
ENSG00000248378,0
ENSG00000248383,2
ENSG00000248385,1
ENSG00000248387,0
ENSG00000248388,0
ENSG00000248391,0
ENSG00000248393,0
ENSG00000248394,0
ENSG00000248396,0
ENSG00000248397,0
ENSG00000248399,34
ENSG00000248400,0
ENSG00000248401,1
ENSG00000248403,0
ENSG00000248405,110
ENSG00000248406,0
ENSG00000248408,0
ENSG00000248409,2
ENSG00000248415,0
ENSG00000248416,1
ENSG00000248417,0
ENSG00000248418,0
ENSG00000248419,0
ENSG00000248420,0
ENSG00000248422,0
ENSG00000248423,2
ENSG00000248424,0
ENSG00000248425,0
ENSG00000248426,0
ENSG00000248428,0
ENSG00000248429,1617
ENSG00000248430,0
ENSG00000248431,0
ENSG00000248432,0
ENSG00000248434,0
ENSG00000248439,0
ENSG00000248440,0
ENSG00000248441,92
ENSG00000248442,0
ENSG00000248443,0
ENSG00000248444,0
ENSG00000248445,28
ENSG00000248447,0
ENSG00000248448,0
ENSG00000248449,4
ENSG00000248452,0
ENSG00000248455,1
ENSG00000248456,0
ENSG00000248457,0
ENSG00000248458,1
ENSG00000248459,5
ENSG00000248461,0
ENSG00000248462,0
ENSG00000248464,37
ENSG00000248466,0
ENSG00000248467,0
ENSG00000248468,1
ENSG00000248469,0
ENSG00000248471,0
ENSG00000248472,0
ENSG00000248473,0
ENSG00000248474,0
ENSG00000248475,0
ENSG00000248476,3
ENSG00000248477,0
ENSG00000248478,0
ENSG00000248479,0
ENSG00000248480,0
ENSG00000248482,0
ENSG00000248483,3
ENSG00000248484,0
ENSG00000248485,1
ENSG00000248486,0
ENSG00000248487,1256
ENSG00000248488,0
ENSG00000248489,35
ENSG00000248490,0
ENSG00000248491,0
ENSG00000248492,0
ENSG00000248493,0
ENSG00000248494,12
ENSG00000248498,0
ENSG00000248503,10
ENSG00000248505,0
ENSG00000248506,1
ENSG00000248507,0
ENSG00000248508,588
ENSG00000248510,0
ENSG00000248511,1
ENSG00000248514,13
ENSG00000248515,0
ENSG00000248516,0
ENSG00000248517,0
ENSG00000248518,0
ENSG00000248521,0
ENSG00000248522,0
ENSG00000248525,0
ENSG00000248527,33279
ENSG00000248528,0
ENSG00000248529,2
ENSG00000248530,0
ENSG00000248531,0
ENSG00000248532,2
ENSG00000248533,0
ENSG00000248537,0
ENSG00000248538,0
ENSG00000248539,0
ENSG00000248540,5
ENSG00000248542,0
ENSG00000248543,0
ENSG00000248544,8
ENSG00000248545,0
ENSG00000248546,0
ENSG00000248547,0
ENSG00000248548,1
ENSG00000248550,0
ENSG00000248551,1
ENSG00000248552,0
ENSG00000248553,0
ENSG00000248554,12
ENSG00000248555,0
ENSG00000248557,7
ENSG00000248559,34
ENSG00000248560,0
ENSG00000248564,1
ENSG00000248565,1
ENSG00000248567,0
ENSG00000248568,1
ENSG00000248569,18
ENSG00000248571,0
ENSG00000248572,0
ENSG00000248573,0
ENSG00000248574,0
ENSG00000248576,2
ENSG00000248577,0
ENSG00000248578,1
ENSG00000248583,3
ENSG00000248585,0
ENSG00000248586,0
ENSG00000248587,0
ENSG00000248588,0
ENSG00000248590,0
ENSG00000248591,0
ENSG00000248592,72
ENSG00000248593,285
ENSG00000248596,26
ENSG00000248597,0
ENSG00000248599,0
ENSG00000248600,0
ENSG00000248601,0
ENSG00000248605,0
ENSG00000248607,0
ENSG00000248608,0
ENSG00000248610,0
ENSG00000248611,0
ENSG00000248613,3
ENSG00000248616,0
ENSG00000248618,0
ENSG00000248621,0
ENSG00000248624,0
ENSG00000248625,0
ENSG00000248626,3
ENSG00000248627,0
ENSG00000248629,0
ENSG00000248632,14
ENSG00000248633,1
ENSG00000248634,0
ENSG00000248635,0
ENSG00000248636,43
ENSG00000248637,0
ENSG00000248639,0
ENSG00000248640,0
ENSG00000248641,5
ENSG00000248642,0
ENSG00000248643,135
ENSG00000248645,0
ENSG00000248646,0
ENSG00000248647,0
ENSG00000248648,2
ENSG00000248651,0
ENSG00000248652,0
ENSG00000248654,2
ENSG00000248656,0
ENSG00000248659,1
ENSG00000248660,0
ENSG00000248663,175
ENSG00000248664,8
ENSG00000248667,0
ENSG00000248668,5
ENSG00000248669,0
ENSG00000248671,21
ENSG00000248672,0
ENSG00000248673,0
ENSG00000248674,0
ENSG00000248676,0
ENSG00000248677,7
ENSG00000248682,0
ENSG00000248684,0
ENSG00000248685,0
ENSG00000248686,0
ENSG00000248687,0
ENSG00000248690,2
ENSG00000248692,0
ENSG00000248693,4
ENSG00000248694,0
ENSG00000248696,0
ENSG00000248697,1
ENSG00000248698,0
ENSG00000248699,0
ENSG00000248701,0
ENSG00000248702,0
ENSG00000248703,0
ENSG00000248704,0
ENSG00000248705,0
ENSG00000248708,2
ENSG00000248709,0
ENSG00000248710,0
ENSG00000248711,0
ENSG00000248712,165
ENSG00000248713,0
ENSG00000248714,1
ENSG00000248715,0
ENSG00000248716,0
ENSG00000248717,0
ENSG00000248719,0
ENSG00000248720,0
ENSG00000248722,0
ENSG00000248724,0
ENSG00000248725,0
ENSG00000248727,5
ENSG00000248729,0
ENSG00000248730,0
ENSG00000248733,0
ENSG00000248734,18
ENSG00000248735,0
ENSG00000248736,0
ENSG00000248738,2
ENSG00000248739,0
ENSG00000248740,0
ENSG00000248744,0
ENSG00000248745,0
ENSG00000248746,6
ENSG00000248747,0
ENSG00000248748,0
ENSG00000248749,0
ENSG00000248750,0
ENSG00000248751,0
ENSG00000248752,0
ENSG00000248753,0
ENSG00000248755,0
ENSG00000248757,1
ENSG00000248758,1
ENSG00000248761,0
ENSG00000248762,0
ENSG00000248763,0
ENSG00000248764,0
ENSG00000248765,0
ENSG00000248766,0
ENSG00000248767,0
ENSG00000248769,0
ENSG00000248770,0
ENSG00000248771,162
ENSG00000248772,0
ENSG00000248773,0
ENSG00000248774,0
ENSG00000248775,0
ENSG00000248777,0
ENSG00000248778,0
ENSG00000248779,45
ENSG00000248780,2
ENSG00000248781,0
ENSG00000248783,0
ENSG00000248785,0
ENSG00000248787,7
ENSG00000248789,0
ENSG00000248790,0
ENSG00000248791,0
ENSG00000248792,0
ENSG00000248794,15
ENSG00000248795,3
ENSG00000248796,0
ENSG00000248799,0
ENSG00000248801,1
ENSG00000248802,0
ENSG00000248803,0
ENSG00000248807,0
ENSG00000248809,1
ENSG00000248810,6
ENSG00000248813,0
ENSG00000248816,0
ENSG00000248817,0
ENSG00000248820,0
ENSG00000248821,0
ENSG00000248822,0
ENSG00000248824,0
ENSG00000248826,0
ENSG00000248827,1
ENSG00000248828,0
ENSG00000248830,8
ENSG00000248831,0
ENSG00000248834,0
ENSG00000248837,0
ENSG00000248838,0
ENSG00000248839,0
ENSG00000248840,5
ENSG00000248842,0
ENSG00000248843,0
ENSG00000248844,0
ENSG00000248846,0
ENSG00000248847,0
ENSG00000248848,0
ENSG00000248850,0
ENSG00000248851,0
ENSG00000248853,0
ENSG00000248854,0
ENSG00000248858,37
ENSG00000248859,6
ENSG00000248861,0
ENSG00000248863,1
ENSG00000248864,0
ENSG00000248866,71
ENSG00000248867,0
ENSG00000248869,0
ENSG00000248870,0
ENSG00000248871,0
ENSG00000248872,0
ENSG00000248873,0
ENSG00000248874,0
ENSG00000248876,0
ENSG00000248877,0
ENSG00000248878,0
ENSG00000248880,0
ENSG00000248881,0
ENSG00000248883,0
ENSG00000248884,1
ENSG00000248885,0
ENSG00000248886,0
ENSG00000248890,7
ENSG00000248891,0
ENSG00000248893,0
ENSG00000248895,0
ENSG00000248896,2
ENSG00000248898,1
ENSG00000248901,0
ENSG00000248903,1
ENSG00000248905,1747
ENSG00000248907,0
ENSG00000248908,0
ENSG00000248909,0
ENSG00000248911,0
ENSG00000248912,0
ENSG00000248913,0
ENSG00000248915,0
ENSG00000248916,6
ENSG00000248918,0
ENSG00000248919,5
ENSG00000248920,0
ENSG00000248921,0
ENSG00000248923,18
ENSG00000248924,0
ENSG00000248925,11
ENSG00000248926,0
ENSG00000248927,4
ENSG00000248928,0
ENSG00000248929,0
ENSG00000248930,0
ENSG00000248931,0
ENSG00000248932,204
ENSG00000248933,0
ENSG00000248935,0
ENSG00000248936,16
ENSG00000248939,0
ENSG00000248942,0
ENSG00000248943,0
ENSG00000248944,0
ENSG00000248946,0
ENSG00000248949,0
ENSG00000248950,0
ENSG00000248951,0
ENSG00000248954,3
ENSG00000248955,0
ENSG00000248956,0
ENSG00000248958,1
ENSG00000248962,0
ENSG00000248964,0
ENSG00000248965,0
ENSG00000248966,1
ENSG00000248967,1
ENSG00000248968,3
ENSG00000248969,0
ENSG00000248971,16
ENSG00000248973,0
ENSG00000248975,0
ENSG00000248977,0
ENSG00000248978,0
ENSG00000248979,0
ENSG00000248980,0
ENSG00000248984,1
ENSG00000248986,0
ENSG00000248987,0
ENSG00000248988,7
ENSG00000248990,0
ENSG00000248991,1
ENSG00000248993,0
ENSG00000248994,1
ENSG00000248995,0
ENSG00000248996,14
ENSG00000248998,0
ENSG00000248999,0
ENSG00000249000,0
ENSG00000249001,85
ENSG00000249002,0
ENSG00000249003,0
ENSG00000249004,0
ENSG00000249005,0
ENSG00000249006,0
ENSG00000249007,4
ENSG00000249008,0
ENSG00000249012,0
ENSG00000249013,0
ENSG00000249014,8
ENSG00000249016,0
ENSG00000249017,0
ENSG00000249018,0
ENSG00000249019,0
ENSG00000249020,1
ENSG00000249021,0
ENSG00000249022,0
ENSG00000249023,0
ENSG00000249025,0
ENSG00000249026,2
ENSG00000249028,0
ENSG00000249031,0
ENSG00000249035,1
ENSG00000249036,0
ENSG00000249038,0
ENSG00000249041,0
ENSG00000249042,673
ENSG00000249045,0
ENSG00000249047,1
ENSG00000249048,0
ENSG00000249049,0
ENSG00000249050,0
ENSG00000249051,0
ENSG00000249052,0
ENSG00000249053,0
ENSG00000249054,0
ENSG00000249055,0
ENSG00000249056,0
ENSG00000249057,0
ENSG00000249061,0
ENSG00000249064,11
ENSG00000249065,0
ENSG00000249066,0
ENSG00000249068,0
ENSG00000249069,0
ENSG00000249071,0
ENSG00000249072,0
ENSG00000249073,0
ENSG00000249074,0
ENSG00000249077,0
ENSG00000249079,1
ENSG00000249081,0
ENSG00000249082,0
ENSG00000249084,0
ENSG00000249085,2
ENSG00000249086,0
ENSG00000249087,196
ENSG00000249089,0
ENSG00000249091,0
ENSG00000249092,0
ENSG00000249094,0
ENSG00000249096,7
ENSG00000249098,1
ENSG00000249099,0
ENSG00000249100,0
ENSG00000249101,0
ENSG00000249102,0
ENSG00000249104,0
ENSG00000249105,0
ENSG00000249106,0
ENSG00000249109,3
ENSG00000249111,0
ENSG00000249112,0
ENSG00000249114,0
ENSG00000249115,760
ENSG00000249116,0
ENSG00000249119,18
ENSG00000249122,0
ENSG00000249125,0
ENSG00000249127,0
ENSG00000249128,0
ENSG00000249129,29
ENSG00000249131,0
ENSG00000249135,0
ENSG00000249138,0
ENSG00000249139,0
ENSG00000249140,0
ENSG00000249141,22
ENSG00000249142,0
ENSG00000249145,0
ENSG00000249148,0
ENSG00000249149,1
ENSG00000249150,0
ENSG00000249152,0
ENSG00000249153,0
ENSG00000249156,0
ENSG00000249157,0
ENSG00000249158,3
ENSG00000249159,12
ENSG00000249160,0
ENSG00000249162,0
ENSG00000249163,1
ENSG00000249166,0
ENSG00000249167,3
ENSG00000249169,0
ENSG00000249170,0
ENSG00000249171,1
ENSG00000249173,0
ENSG00000249174,0
ENSG00000249175,0
ENSG00000249176,0
ENSG00000249177,0
ENSG00000249180,0
ENSG00000249183,0
ENSG00000249184,0
ENSG00000249186,0
ENSG00000249188,0
ENSG00000249189,0
ENSG00000249191,0
ENSG00000249192,1
ENSG00000249193,1
ENSG00000249196,0
ENSG00000249197,0
ENSG00000249198,0
ENSG00000249199,0
ENSG00000249200,0
ENSG00000249201,2
ENSG00000249203,24
ENSG00000249206,0
ENSG00000249207,2
ENSG00000249209,1
ENSG00000249210,1
ENSG00000249212,4
ENSG00000249213,0
ENSG00000249215,0
ENSG00000249216,1
ENSG00000249219,0
ENSG00000249222,0
ENSG00000249225,0
ENSG00000249226,0
ENSG00000249228,0
ENSG00000249229,0
ENSG00000249230,0
ENSG00000249231,0
ENSG00000249234,2
ENSG00000249235,0
ENSG00000249236,0
ENSG00000249237,0
ENSG00000249238,0
ENSG00000249239,0
ENSG00000249240,1
ENSG00000249241,4
ENSG00000249242,1465
ENSG00000249244,9
ENSG00000249245,3
ENSG00000249247,0
ENSG00000249249,52
ENSG00000249251,0
ENSG00000249252,2
ENSG00000249253,0
ENSG00000249255,0
ENSG00000249256,0
ENSG00000249257,0
ENSG00000249258,1
ENSG00000249259,0
ENSG00000249261,0
ENSG00000249262,0
ENSG00000249263,0
ENSG00000249264,71
ENSG00000249265,0
ENSG00000249266,0
ENSG00000249267,21
ENSG00000249269,0
ENSG00000249270,1
ENSG00000249271,0
ENSG00000249272,0
ENSG00000249274,9
ENSG00000249275,2
ENSG00000249276,0
ENSG00000249277,0
ENSG00000249278,0
ENSG00000249279,1
ENSG00000249282,0
ENSG00000249283,0
ENSG00000249284,0
ENSG00000249285,0
ENSG00000249286,18
ENSG00000249287,0
ENSG00000249288,0
ENSG00000249289,0
ENSG00000249290,0
ENSG00000249293,0
ENSG00000249295,0
ENSG00000249297,0
ENSG00000249301,0
ENSG00000249302,0
ENSG00000249304,0
ENSG00000249305,0
ENSG00000249306,89
ENSG00000249307,8
ENSG00000249309,0
ENSG00000249310,0
ENSG00000249311,0
ENSG00000249312,0
ENSG00000249316,0
ENSG00000249317,0
ENSG00000249318,0
ENSG00000249319,1
ENSG00000249320,0
ENSG00000249321,0
ENSG00000249326,0
ENSG00000249328,8
ENSG00000249329,0
ENSG00000249330,0
ENSG00000249332,0
ENSG00000249333,0
ENSG00000249334,0
ENSG00000249335,0
ENSG00000249337,0
ENSG00000249338,0
ENSG00000249339,0
ENSG00000249341,3
ENSG00000249343,0
ENSG00000249345,0
ENSG00000249346,92
ENSG00000249347,0
ENSG00000249348,74
ENSG00000249349,0
ENSG00000249351,0
ENSG00000249352,0
ENSG00000249353,62
ENSG00000249357,0
ENSG00000249359,0
ENSG00000249360,0
ENSG00000249362,1
ENSG00000249363,1
ENSG00000249364,1
ENSG00000249365,0
ENSG00000249367,0
ENSG00000249368,0
ENSG00000249372,0
ENSG00000249373,0
ENSG00000249375,9
ENSG00000249378,28
ENSG00000249379,2
ENSG00000249380,0
ENSG00000249381,0
ENSG00000249382,0
ENSG00000249383,0
ENSG00000249386,1
ENSG00000249387,0
ENSG00000249388,1
ENSG00000249392,0
ENSG00000249395,1
ENSG00000249396,0
ENSG00000249400,1
ENSG00000249403,0
ENSG00000249404,0
ENSG00000249405,0
ENSG00000249406,2
ENSG00000249407,0
ENSG00000249409,0
ENSG00000249410,0
ENSG00000249411,0
ENSG00000249412,0
ENSG00000249413,0
ENSG00000249416,0
ENSG00000249417,1
ENSG00000249418,0
ENSG00000249419,0
ENSG00000249421,35
ENSG00000249423,0
ENSG00000249425,0
ENSG00000249426,1
ENSG00000249427,0
ENSG00000249428,101
ENSG00000249429,0
ENSG00000249430,9
ENSG00000249433,0
ENSG00000249435,0
ENSG00000249436,0
ENSG00000249437,35
ENSG00000249438,0
ENSG00000249439,0
ENSG00000249441,0
ENSG00000249443,0
ENSG00000249444,0
ENSG00000249446,0
ENSG00000249448,1
ENSG00000249449,0
ENSG00000249451,2
ENSG00000249452,0
ENSG00000249453,0
ENSG00000249454,1
ENSG00000249456,10
ENSG00000249458,0
ENSG00000249459,91
ENSG00000249460,0
ENSG00000249462,0
ENSG00000249463,0
ENSG00000249464,2
ENSG00000249465,18
ENSG00000249467,1
ENSG00000249471,270
ENSG00000249472,0
ENSG00000249474,0
ENSG00000249476,38
ENSG00000249478,0
ENSG00000249479,0
ENSG00000249481,0
ENSG00000249482,0
ENSG00000249483,0
ENSG00000249484,2
ENSG00000249485,9
ENSG00000249486,0
ENSG00000249487,0
ENSG00000249488,0
ENSG00000249489,1
ENSG00000249490,0
ENSG00000249491,0
ENSG00000249492,17
ENSG00000249493,4
ENSG00000249494,6
ENSG00000249495,0
ENSG00000249497,0
ENSG00000249500,0
ENSG00000249501,0
ENSG00000249502,4
ENSG00000249503,0
ENSG00000249504,0
ENSG00000249505,0
ENSG00000249506,0
ENSG00000249509,1
ENSG00000249510,0
ENSG00000249513,0
ENSG00000249514,0
ENSG00000249515,0
ENSG00000249516,1
ENSG00000249518,0
ENSG00000249519,0
ENSG00000249520,0
ENSG00000249521,0
ENSG00000249522,0
ENSG00000249525,0
ENSG00000249526,2
ENSG00000249531,0
ENSG00000249532,2
ENSG00000249534,0
ENSG00000249539,0
ENSG00000249540,1
ENSG00000249541,0
ENSG00000249542,0
ENSG00000249545,0
ENSG00000249547,0
ENSG00000249550,3
ENSG00000249551,1
ENSG00000249553,0
ENSG00000249555,0
ENSG00000249557,0
ENSG00000249558,0
ENSG00000249562,0
ENSG00000249563,0
ENSG00000249564,0
ENSG00000249565,2
ENSG00000249568,0
ENSG00000249572,36
ENSG00000249574,0
ENSG00000249577,8
ENSG00000249579,0
ENSG00000249580,0
ENSG00000249581,1
ENSG00000249582,0
ENSG00000249584,0
ENSG00000249588,0
ENSG00000249590,0
ENSG00000249592,88
ENSG00000249593,13
ENSG00000249599,477
ENSG00000249600,0
ENSG00000249601,0
ENSG00000249602,35
ENSG00000249604,2
ENSG00000249605,0
ENSG00000249606,0
ENSG00000249607,0
ENSG00000249609,0
ENSG00000249610,0
ENSG00000249613,0
ENSG00000249614,0
ENSG00000249616,0
ENSG00000249617,0
ENSG00000249618,0
ENSG00000249619,2
ENSG00000249620,0
ENSG00000249621,0
ENSG00000249623,0
ENSG00000249624,0
ENSG00000249626,16
ENSG00000249627,2
ENSG00000249628,7
ENSG00000249631,0
ENSG00000249633,0
ENSG00000249634,0
ENSG00000249635,12
ENSG00000249637,9
ENSG00000249638,0
ENSG00000249639,0
ENSG00000249641,0
ENSG00000249642,0
ENSG00000249645,0
ENSG00000249646,0
ENSG00000249647,0
ENSG00000249649,0
ENSG00000249650,0
ENSG00000249654,0
ENSG00000249655,2
ENSG00000249658,0
ENSG00000249661,352
ENSG00000249662,0
ENSG00000249664,1
ENSG00000249666,0
ENSG00000249667,1
ENSG00000249668,0
ENSG00000249669,42
ENSG00000249673,578
ENSG00000249675,0
ENSG00000249678,0
ENSG00000249679,37
ENSG00000249680,0
ENSG00000249681,0
ENSG00000249684,217
ENSG00000249685,3
ENSG00000249686,0
ENSG00000249688,0
ENSG00000249689,0
ENSG00000249690,0
ENSG00000249691,0
ENSG00000249692,0
ENSG00000249693,5
ENSG00000249695,4
ENSG00000249697,0
ENSG00000249698,0
ENSG00000249699,1
ENSG00000249700,29
ENSG00000249706,0
ENSG00000249708,0
ENSG00000249709,40
ENSG00000249710,0
ENSG00000249713,0
ENSG00000249715,3
ENSG00000249717,0
ENSG00000249721,0
ENSG00000249722,0
ENSG00000249725,0
ENSG00000249726,0
ENSG00000249727,0
ENSG00000249729,0
ENSG00000249730,0
ENSG00000249731,0
ENSG00000249734,4
ENSG00000249735,0
ENSG00000249736,0
ENSG00000249737,0
ENSG00000249738,3
ENSG00000249740,6
ENSG00000249741,52
ENSG00000249742,0
ENSG00000249743,0
ENSG00000249744,0
ENSG00000249745,0
ENSG00000249746,0
ENSG00000249747,0
ENSG00000249748,0
ENSG00000249751,219
ENSG00000249752,1
ENSG00000249753,9
ENSG00000249754,0
ENSG00000249755,3
ENSG00000249761,0
ENSG00000249763,1
ENSG00000249764,0
ENSG00000249766,0
ENSG00000249767,13
ENSG00000249768,0
ENSG00000249770,0
ENSG00000249771,0
ENSG00000249772,2
ENSG00000249773,2
ENSG00000249774,1
ENSG00000249776,0
ENSG00000249777,0
ENSG00000249778,0
ENSG00000249779,0
ENSG00000249780,3
ENSG00000249781,3
ENSG00000249782,0
ENSG00000249784,0
ENSG00000249785,0
ENSG00000249786,12
ENSG00000249787,0
ENSG00000249790,0
ENSG00000249791,4
ENSG00000249792,0
ENSG00000249795,0
ENSG00000249797,0
ENSG00000249798,1
ENSG00000249799,1
ENSG00000249803,0
ENSG00000249806,0
ENSG00000249807,1
ENSG00000249808,0
ENSG00000249811,0
ENSG00000249815,1
ENSG00000249816,6
ENSG00000249818,0
ENSG00000249819,0
ENSG00000249820,0
ENSG00000249825,5
ENSG00000249828,0
ENSG00000249829,0
ENSG00000249830,0
ENSG00000249831,0
ENSG00000249833,0
ENSG00000249834,2
ENSG00000249835,0
ENSG00000249837,0
ENSG00000249838,1
ENSG00000249839,4
ENSG00000249840,3
ENSG00000249842,0
ENSG00000249843,0
ENSG00000249844,0
ENSG00000249846,98
ENSG00000249847,0
ENSG00000249848,0
ENSG00000249849,2
ENSG00000249850,4
ENSG00000249851,0
ENSG00000249852,14
ENSG00000249853,0
ENSG00000249854,0
ENSG00000249855,79
ENSG00000249856,9
ENSG00000249857,0
ENSG00000249858,1
ENSG00000249859,1737
ENSG00000249860,0
ENSG00000249861,0
ENSG00000249863,20
ENSG00000249865,0
ENSG00000249866,0
ENSG00000249867,0
ENSG00000249868,0
ENSG00000249869,0
ENSG00000249870,0
ENSG00000249873,0
ENSG00000249875,0
ENSG00000249876,0
ENSG00000249877,0
ENSG00000249878,1
ENSG00000249881,0
ENSG00000249882,0
ENSG00000249883,0
ENSG00000249884,1
ENSG00000249885,1
ENSG00000249887,0
ENSG00000249888,0
ENSG00000249889,2
ENSG00000249890,0
ENSG00000249891,0
ENSG00000249892,0
ENSG00000249893,0
ENSG00000249894,0
ENSG00000249896,98
ENSG00000249898,28
ENSG00000249899,0
ENSG00000249901,0
ENSG00000249904,0
ENSG00000249906,0
ENSG00000249908,24
ENSG00000249909,0
ENSG00000249910,0
ENSG00000249911,1
ENSG00000249912,0
ENSG00000249915,9513
ENSG00000249916,0
ENSG00000249917,4
ENSG00000249919,0
ENSG00000249920,0
ENSG00000249921,1
ENSG00000249923,1
ENSG00000249924,0
ENSG00000249926,0
ENSG00000249927,0
ENSG00000249928,0
ENSG00000249930,0
ENSG00000249931,13
ENSG00000249934,0
ENSG00000249936,75
ENSG00000249937,0
ENSG00000249941,0
ENSG00000249942,0
ENSG00000249943,0
ENSG00000249944,0
ENSG00000249945,0
ENSG00000249947,4
ENSG00000249948,0
ENSG00000249950,0
ENSG00000249951,1
ENSG00000249955,0
ENSG00000249956,0
ENSG00000249958,0
ENSG00000249959,0
ENSG00000249960,0
ENSG00000249961,1
ENSG00000249962,0
ENSG00000249963,0
ENSG00000249965,0
ENSG00000249966,0
ENSG00000249967,0
ENSG00000249970,0
ENSG00000249971,0
ENSG00000249973,0
ENSG00000249975,0
ENSG00000249976,0
ENSG00000249977,0
ENSG00000249978,2
ENSG00000249981,0
ENSG00000249982,0
ENSG00000249984,1
ENSG00000249985,0
ENSG00000249986,2
ENSG00000249987,0
ENSG00000249988,0
ENSG00000249990,0
ENSG00000249992,68
ENSG00000249993,0
ENSG00000249994,0
ENSG00000249995,0
ENSG00000249996,0
ENSG00000249997,0
ENSG00000249998,0
ENSG00000250001,0
ENSG00000250003,0
ENSG00000250006,0
ENSG00000250007,0
ENSG00000250011,8
ENSG00000250012,78
ENSG00000250013,0
ENSG00000250015,4
ENSG00000250016,0
ENSG00000250017,0
ENSG00000250020,0
ENSG00000250021,17
ENSG00000250024,0
ENSG00000250025,0
ENSG00000250026,0
ENSG00000250027,3
ENSG00000250030,1
ENSG00000250031,1
ENSG00000250032,0
ENSG00000250033,4
ENSG00000250034,0
ENSG00000250036,0
ENSG00000250037,1
ENSG00000250038,0
ENSG00000250039,1
ENSG00000250040,0
ENSG00000250041,2
ENSG00000250042,0
ENSG00000250043,0
ENSG00000250045,0
ENSG00000250046,0
ENSG00000250048,0
ENSG00000250049,0
ENSG00000250050,0
ENSG00000250053,0
ENSG00000250055,0
ENSG00000250056,14
ENSG00000250057,0
ENSG00000250060,0
ENSG00000250061,3
ENSG00000250062,0
ENSG00000250064,0
ENSG00000250066,0
ENSG00000250067,114
ENSG00000250068,3
ENSG00000250069,3
ENSG00000250071,0
ENSG00000250072,0
ENSG00000250073,9
ENSG00000250074,0
ENSG00000250075,2
ENSG00000250076,0
ENSG00000250078,0
ENSG00000250079,0
ENSG00000250080,0
ENSG00000250081,0
ENSG00000250082,0
ENSG00000250084,0
ENSG00000250088,0
ENSG00000250090,0
ENSG00000250091,126
ENSG00000250092,0
ENSG00000250095,0
ENSG00000250098,2
ENSG00000250099,0
ENSG00000250100,0
ENSG00000250101,5
ENSG00000250102,0
ENSG00000250103,0
ENSG00000250105,0
ENSG00000250106,0
ENSG00000250107,2
ENSG00000250111,0
ENSG00000250114,0
ENSG00000250115,0
ENSG00000250116,4
ENSG00000250118,0
ENSG00000250120,6
ENSG00000250122,0
ENSG00000250124,0
ENSG00000250125,0
ENSG00000250126,0
ENSG00000250127,0
ENSG00000250129,2
ENSG00000250130,4
ENSG00000250131,15
ENSG00000250132,134
ENSG00000250133,4
ENSG00000250135,0
ENSG00000250137,0
ENSG00000250138,0
ENSG00000250140,0
ENSG00000250141,0
ENSG00000250144,6
ENSG00000250145,0
ENSG00000250147,0
ENSG00000250148,0
ENSG00000250149,0
ENSG00000250150,0
ENSG00000250151,12
ENSG00000250155,12
ENSG00000250156,0
ENSG00000250158,0
ENSG00000250159,0
ENSG00000250161,0
ENSG00000250162,0
ENSG00000250164,0
ENSG00000250166,0
ENSG00000250167,3
ENSG00000250169,0
ENSG00000250170,0
ENSG00000250173,0
ENSG00000250174,0
ENSG00000250180,0
ENSG00000250182,132
ENSG00000250183,0
ENSG00000250185,0
ENSG00000250186,0
ENSG00000250189,0
ENSG00000250190,0
ENSG00000250191,0
ENSG00000250192,1
ENSG00000250193,0
ENSG00000250194,0
ENSG00000250195,0
ENSG00000250197,0
ENSG00000250198,1
ENSG00000250200,0
ENSG00000250202,0
ENSG00000250204,0
ENSG00000250205,0
ENSG00000250207,0
ENSG00000250208,67
ENSG00000250210,0
ENSG00000250213,0
ENSG00000250214,0
ENSG00000250215,0
ENSG00000250218,1
ENSG00000250219,0
ENSG00000250220,35
ENSG00000250221,3
ENSG00000250222,66
ENSG00000250223,0
ENSG00000250227,0
ENSG00000250229,0
ENSG00000250230,22
ENSG00000250231,0
ENSG00000250232,0
ENSG00000250234,0
ENSG00000250237,1
ENSG00000250238,2
ENSG00000250240,2
ENSG00000250241,0
ENSG00000250242,0
ENSG00000250243,0
ENSG00000250244,86
ENSG00000250247,0
ENSG00000250249,0
ENSG00000250250,3
ENSG00000250251,143
ENSG00000250252,0
ENSG00000250253,0
ENSG00000250254,2
ENSG00000250256,0
ENSG00000250257,0
ENSG00000250258,0
ENSG00000250259,0
ENSG00000250260,0
ENSG00000250261,0
ENSG00000250263,0
ENSG00000250264,3
ENSG00000250266,0
ENSG00000250267,0
ENSG00000250268,1
ENSG00000250271,0
ENSG00000250272,0
ENSG00000250273,0
ENSG00000250274,1
ENSG00000250277,0
ENSG00000250280,0
ENSG00000250282,0
ENSG00000250284,0
ENSG00000250286,7
ENSG00000250289,0
ENSG00000250290,0
ENSG00000250292,0
ENSG00000250293,0
ENSG00000250295,2
ENSG00000250296,0
ENSG00000250298,0
ENSG00000250299,39
ENSG00000250300,0
ENSG00000250302,0
ENSG00000250303,32
ENSG00000250304,0
ENSG00000250305,583
ENSG00000250306,0
ENSG00000250307,0
ENSG00000250308,0
ENSG00000250309,0
ENSG00000250310,2
ENSG00000250312,175
ENSG00000250313,0
ENSG00000250315,0
ENSG00000250316,1
ENSG00000250317,991
ENSG00000250318,49
ENSG00000250319,0
ENSG00000250320,3
ENSG00000250321,6
ENSG00000250322,0
ENSG00000250324,0
ENSG00000250325,0
ENSG00000250326,4
ENSG00000250327,17
ENSG00000250328,0
ENSG00000250329,0
ENSG00000250330,0
ENSG00000250331,1
ENSG00000250332,0
ENSG00000250333,0
ENSG00000250334,15
ENSG00000250337,55
ENSG00000250338,0
ENSG00000250339,0
ENSG00000250340,0
ENSG00000250341,0
ENSG00000250342,10
ENSG00000250343,0
ENSG00000250344,0
ENSG00000250345,0
ENSG00000250346,0
ENSG00000250347,0
ENSG00000250348,1
ENSG00000250349,0
ENSG00000250350,0
ENSG00000250351,0
ENSG00000250354,0
ENSG00000250355,0
ENSG00000250356,0
ENSG00000250357,0
ENSG00000250358,0
ENSG00000250359,0
ENSG00000250360,0
ENSG00000250361,1
ENSG00000250362,0
ENSG00000250363,1
ENSG00000250365,4
ENSG00000250366,0
ENSG00000250371,0
ENSG00000250372,0
ENSG00000250374,0
ENSG00000250375,0
ENSG00000250376,0
ENSG00000250377,0
ENSG00000250378,6
ENSG00000250379,1
ENSG00000250381,1
ENSG00000250383,0
ENSG00000250384,0
ENSG00000250385,0
ENSG00000250386,0
ENSG00000250387,0
ENSG00000250389,0
ENSG00000250390,1
ENSG00000250391,0
ENSG00000250392,0
ENSG00000250393,0
ENSG00000250397,45
ENSG00000250398,0
ENSG00000250400,3
ENSG00000250402,0
ENSG00000250403,0
ENSG00000250404,39
ENSG00000250405,0
ENSG00000250406,0
ENSG00000250407,0
ENSG00000250409,0
ENSG00000250410,6
ENSG00000250411,0
ENSG00000250412,4
ENSG00000250413,13
ENSG00000250415,10
ENSG00000250416,1
ENSG00000250417,0
ENSG00000250418,0
ENSG00000250420,1
ENSG00000250421,0
ENSG00000250422,2
ENSG00000250423,4
ENSG00000250424,2
ENSG00000250425,0
ENSG00000250426,0
ENSG00000250427,0
ENSG00000250428,0
ENSG00000250430,0
ENSG00000250431,0
ENSG00000250432,3
ENSG00000250433,2
ENSG00000250436,0
ENSG00000250437,0
ENSG00000250438,0
ENSG00000250441,0
ENSG00000250442,0
ENSG00000250444,1
ENSG00000250446,0
ENSG00000250447,0
ENSG00000250448,0
ENSG00000250451,11
ENSG00000250453,0
ENSG00000250455,1
ENSG00000250456,0
ENSG00000250458,0
ENSG00000250461,2
ENSG00000250462,444
ENSG00000250464,0
ENSG00000250467,0
ENSG00000250470,6
ENSG00000250471,5
ENSG00000250472,0
ENSG00000250473,0
ENSG00000250474,31
ENSG00000250475,22
ENSG00000250476,0
ENSG00000250479,1015
ENSG00000250480,0
ENSG00000250481,0
ENSG00000250482,0
ENSG00000250483,1
ENSG00000250484,0
ENSG00000250485,0
ENSG00000250486,1
ENSG00000250488,0
ENSG00000250490,29
ENSG00000250492,5
ENSG00000250493,0
ENSG00000250494,0
ENSG00000250496,0
ENSG00000250497,0
ENSG00000250500,0
ENSG00000250501,0
ENSG00000250503,0
ENSG00000250504,0
ENSG00000250505,0
ENSG00000250506,32
ENSG00000250507,0
ENSG00000250508,9
ENSG00000250509,0
ENSG00000250510,63
ENSG00000250511,0
ENSG00000250514,0
ENSG00000250515,0
ENSG00000250516,0
ENSG00000250517,0
ENSG00000250519,3
ENSG00000250522,3
ENSG00000250523,1
ENSG00000250524,0
ENSG00000250526,2
ENSG00000250529,0
ENSG00000250532,0
ENSG00000250535,0
ENSG00000250536,0
ENSG00000250538,0
ENSG00000250539,14
ENSG00000250540,0
ENSG00000250541,1
ENSG00000250543,0
ENSG00000250544,0
ENSG00000250546,0
ENSG00000250547,0
ENSG00000250548,3
ENSG00000250550,0
ENSG00000250551,0
ENSG00000250555,0
ENSG00000250556,0
ENSG00000250558,0
ENSG00000250560,0
ENSG00000250561,0
ENSG00000250562,0
ENSG00000250563,0
ENSG00000250564,0
ENSG00000250565,586
ENSG00000250566,0
ENSG00000250567,2
ENSG00000250568,1
ENSG00000250569,28
ENSG00000250571,582
ENSG00000250572,0
ENSG00000250573,0
ENSG00000250574,1
ENSG00000250575,0
ENSG00000250576,0
ENSG00000250577,0
ENSG00000250579,0
ENSG00000250580,0
ENSG00000250582,1
ENSG00000250583,0
ENSG00000250584,0
ENSG00000250585,0
ENSG00000250587,0
ENSG00000250588,53
ENSG00000250590,0
ENSG00000250591,2
ENSG00000250592,0
ENSG00000250594,0
ENSG00000250596,0
ENSG00000250597,0
ENSG00000250599,0
ENSG00000250600,2
ENSG00000250602,1
ENSG00000250603,0
ENSG00000250604,0
ENSG00000250608,51
ENSG00000250609,0
ENSG00000250611,0
ENSG00000250612,0
ENSG00000250613,0
ENSG00000250614,0
ENSG00000250615,0
ENSG00000250616,210
ENSG00000250618,0
ENSG00000250619,0
ENSG00000250620,18
ENSG00000250622,0
ENSG00000250623,0
ENSG00000250624,0
ENSG00000250625,0
ENSG00000250626,0
ENSG00000250627,0
ENSG00000250629,0
ENSG00000250630,0
ENSG00000250632,0
ENSG00000250634,0
ENSG00000250635,0
ENSG00000250636,0
ENSG00000250637,0
ENSG00000250640,0
ENSG00000250641,0
ENSG00000250642,0
ENSG00000250643,211
ENSG00000250644,22
ENSG00000250645,7
ENSG00000250646,0
ENSG00000250650,0
ENSG00000250651,7
ENSG00000250654,19
ENSG00000250655,0
ENSG00000250656,10
ENSG00000250657,0
ENSG00000250658,0
ENSG00000250659,0
ENSG00000250662,0
ENSG00000250665,0
ENSG00000250666,0
ENSG00000250667,0
ENSG00000250668,0
ENSG00000250669,0
ENSG00000250670,0
ENSG00000250672,0
ENSG00000250673,1
ENSG00000250674,0
ENSG00000250677,0
ENSG00000250678,0
ENSG00000250681,0
ENSG00000250682,0
ENSG00000250684,2
ENSG00000250685,0
ENSG00000250686,0
ENSG00000250687,1
ENSG00000250688,0
ENSG00000250692,1
ENSG00000250693,0
ENSG00000250694,0
ENSG00000250696,0
ENSG00000250697,0
ENSG00000250698,0
ENSG00000250699,1
ENSG00000250703,0
ENSG00000250704,0
ENSG00000250705,0
ENSG00000250706,0
ENSG00000250708,0
ENSG00000250709,0
ENSG00000250710,0
ENSG00000250711,0
ENSG00000250712,0
ENSG00000250714,0
ENSG00000250715,0
ENSG00000250716,0
ENSG00000250719,0
ENSG00000250721,0
ENSG00000250722,2386
ENSG00000250723,0
ENSG00000250725,0
ENSG00000250726,0
ENSG00000250727,0
ENSG00000250728,0
ENSG00000250730,0
ENSG00000250731,28
ENSG00000250732,0
ENSG00000250733,0
ENSG00000250734,0
ENSG00000250735,0
ENSG00000250739,0
ENSG00000250740,4
ENSG00000250741,0
ENSG00000250742,1530
ENSG00000250745,0
ENSG00000250746,4
ENSG00000250747,0
ENSG00000250748,0
ENSG00000250749,0
ENSG00000250750,0
ENSG00000250751,4
ENSG00000250752,1
ENSG00000250753,1
ENSG00000250754,0
ENSG00000250756,0
ENSG00000250760,0
ENSG00000250761,0
ENSG00000250762,1
ENSG00000250764,36
ENSG00000250765,0
ENSG00000250767,0
ENSG00000250768,0
ENSG00000250769,0
ENSG00000250770,42
ENSG00000250771,16
ENSG00000250772,0
ENSG00000250775,0
ENSG00000250777,1
ENSG00000250778,0
ENSG00000250781,0
ENSG00000250782,0
ENSG00000250786,115
ENSG00000250787,0
ENSG00000250788,0
ENSG00000250790,3
ENSG00000250791,0
ENSG00000250794,13
ENSG00000250796,3
ENSG00000250799,2
ENSG00000250801,0
ENSG00000250802,40
ENSG00000250803,0
ENSG00000250804,0
ENSG00000250806,0
ENSG00000250807,0
ENSG00000250808,0
ENSG00000250812,0
ENSG00000250813,0
ENSG00000250814,0
ENSG00000250815,2
ENSG00000250816,0
ENSG00000250819,0
ENSG00000250820,3
ENSG00000250821,0
ENSG00000250822,3
ENSG00000250825,0
ENSG00000250826,0
ENSG00000250827,0
ENSG00000250828,0
ENSG00000250829,0
ENSG00000250830,0
ENSG00000250831,0
ENSG00000250833,0
ENSG00000250834,0
ENSG00000250835,0
ENSG00000250838,0
ENSG00000250839,0
ENSG00000250842,2
ENSG00000250844,0
ENSG00000250846,0
ENSG00000250847,0
ENSG00000250848,3
ENSG00000250850,0
ENSG00000250853,0
ENSG00000250855,0
ENSG00000250857,0
ENSG00000250858,0
ENSG00000250859,23
ENSG00000250860,0
ENSG00000250862,0
ENSG00000250863,0
ENSG00000250865,0
ENSG00000250866,0
ENSG00000250868,0
ENSG00000250869,4
ENSG00000250874,0
ENSG00000250877,0
ENSG00000250878,4
ENSG00000250882,0
ENSG00000250884,0
ENSG00000250885,0
ENSG00000250886,0
ENSG00000250887,0
ENSG00000250888,0
ENSG00000250889,1
ENSG00000250890,0
ENSG00000250891,4
ENSG00000250892,16
ENSG00000250893,2
ENSG00000250894,0
ENSG00000250895,0
ENSG00000250896,2
ENSG00000250897,0
ENSG00000250899,45
ENSG00000250900,16
ENSG00000250902,0
ENSG00000250903,525
ENSG00000250905,0
ENSG00000250906,4
ENSG00000250908,0
ENSG00000250909,8
ENSG00000250910,0
ENSG00000250913,0
ENSG00000250914,0
ENSG00000250915,0
ENSG00000250917,30
ENSG00000250919,0
ENSG00000250920,0
ENSG00000250921,0
ENSG00000250922,0
ENSG00000250923,0
ENSG00000250927,0
ENSG00000250928,1
ENSG00000250929,0
ENSG00000250930,0
ENSG00000250933,0
ENSG00000250934,0
ENSG00000250938,8
ENSG00000250939,0
ENSG00000250940,0
ENSG00000250942,29
ENSG00000250945,0
ENSG00000250946,0
ENSG00000250947,0
ENSG00000250948,1
ENSG00000250949,0
ENSG00000250950,1
ENSG00000250951,0
ENSG00000250954,0
ENSG00000250955,0
ENSG00000250956,0
ENSG00000250957,0
ENSG00000250958,0
ENSG00000250959,34
ENSG00000250961,1
ENSG00000250962,0
ENSG00000250966,19
ENSG00000250968,0
ENSG00000250969,1
ENSG00000250971,0
ENSG00000250972,0
ENSG00000250973,0
ENSG00000250974,2
ENSG00000250976,0
ENSG00000250977,0
ENSG00000250978,0
ENSG00000250979,2
ENSG00000250980,0
ENSG00000250981,0
ENSG00000250982,86
ENSG00000250983,0
ENSG00000250984,0
ENSG00000250986,15
ENSG00000250988,41
ENSG00000250989,0
ENSG00000250990,7
ENSG00000250992,0
ENSG00000250993,0
ENSG00000250994,4
ENSG00000250995,21
ENSG00000250997,0
ENSG00000250999,5
ENSG00000251000,4
ENSG00000251001,0
ENSG00000251002,2
ENSG00000251003,7
ENSG00000251005,0
ENSG00000251008,2
ENSG00000251009,0
ENSG00000251010,0
ENSG00000251011,0
ENSG00000251012,0
ENSG00000251013,1
ENSG00000251014,0
ENSG00000251015,8
ENSG00000251017,0
ENSG00000251018,0
ENSG00000251019,0
ENSG00000251022,825
ENSG00000251023,14
ENSG00000251024,0
ENSG00000251025,0
ENSG00000251026,0
ENSG00000251027,1
ENSG00000251031,0
ENSG00000251032,0
ENSG00000251033,0
ENSG00000251034,63
ENSG00000251035,0
ENSG00000251038,0
ENSG00000251039,0
ENSG00000251040,0
ENSG00000251041,0
ENSG00000251044,0
ENSG00000251045,1
ENSG00000251046,1
ENSG00000251048,0
ENSG00000251049,0
ENSG00000251050,7
ENSG00000251051,0
ENSG00000251054,0
ENSG00000251055,0
ENSG00000251056,4
ENSG00000251058,0
ENSG00000251059,0
ENSG00000251061,0
ENSG00000251062,0
ENSG00000251066,1
ENSG00000251072,0
ENSG00000251073,5
ENSG00000251074,0
ENSG00000251075,4
ENSG00000251076,0
ENSG00000251078,0
ENSG00000251079,2
ENSG00000251080,0
ENSG00000251081,6
ENSG00000251085,2
ENSG00000251087,5
ENSG00000251088,0
ENSG00000251090,0
ENSG00000251093,0
ENSG00000251095,82
ENSG00000251099,0
ENSG00000251101,0
ENSG00000251102,0
ENSG00000251105,1
ENSG00000251106,0
ENSG00000251107,0
ENSG00000251108,0
ENSG00000251111,0
ENSG00000251112,0
ENSG00000251113,0
ENSG00000251118,0
ENSG00000251122,0
ENSG00000251123,2
ENSG00000251125,0
ENSG00000251126,0
ENSG00000251127,0
ENSG00000251128,0
ENSG00000251129,0
ENSG00000251131,0
ENSG00000251132,0
ENSG00000251135,0
ENSG00000251136,237
ENSG00000251137,0
ENSG00000251138,0
ENSG00000251139,0
ENSG00000251141,3164
ENSG00000251142,0
ENSG00000251143,40
ENSG00000251144,0
ENSG00000251147,0
ENSG00000251148,1
ENSG00000251149,0
ENSG00000251151,1
ENSG00000251152,0
ENSG00000251154,0
ENSG00000251155,0
ENSG00000251158,1
ENSG00000251159,0
ENSG00000251161,10
ENSG00000251162,0
ENSG00000251163,0
ENSG00000251164,3
ENSG00000251165,0
ENSG00000251166,0
ENSG00000251168,0
ENSG00000251169,17
ENSG00000251170,1
ENSG00000251171,0
ENSG00000251172,0
ENSG00000251173,0
ENSG00000251174,0
ENSG00000251175,0
ENSG00000251176,0
ENSG00000251177,0
ENSG00000251178,0
ENSG00000251179,0
ENSG00000251182,0
ENSG00000251183,0
ENSG00000251184,0
ENSG00000251185,0
ENSG00000251186,0
ENSG00000251187,0
ENSG00000251188,35
ENSG00000251189,5
ENSG00000251191,3
ENSG00000251192,141
ENSG00000251193,0
ENSG00000251194,9
ENSG00000251195,0
ENSG00000251196,0
ENSG00000251199,0
ENSG00000251200,0
ENSG00000251201,18
ENSG00000251203,2
ENSG00000251204,0
ENSG00000251205,0
ENSG00000251206,0
ENSG00000251209,0
ENSG00000251210,0
ENSG00000251211,16
ENSG00000251212,0
ENSG00000251213,0
ENSG00000251214,0
ENSG00000251215,0
ENSG00000251216,0
ENSG00000251218,0
ENSG00000251219,0
ENSG00000251220,0
ENSG00000251221,2
ENSG00000251223,0
ENSG00000251224,0
ENSG00000251226,0
ENSG00000251228,0
ENSG00000251229,2
ENSG00000251230,2
ENSG00000251234,0
ENSG00000251235,0
ENSG00000251236,0
ENSG00000251237,0
ENSG00000251239,0
ENSG00000251243,0
ENSG00000251244,0
ENSG00000251246,0
ENSG00000251247,122
ENSG00000251248,0
ENSG00000251249,1
ENSG00000251250,0
ENSG00000251252,0
ENSG00000251253,0
ENSG00000251254,1
ENSG00000251256,0
ENSG00000251257,1
ENSG00000251258,0
ENSG00000251259,3
ENSG00000251260,0
ENSG00000251261,0
ENSG00000251264,0
ENSG00000251266,0
ENSG00000251270,0
ENSG00000251271,0
ENSG00000251273,1
ENSG00000251275,0
ENSG00000251276,0
ENSG00000251278,0
ENSG00000251279,2
ENSG00000251281,0
ENSG00000251283,0
ENSG00000251284,0
ENSG00000251285,0
ENSG00000251286,0
ENSG00000251287,15
ENSG00000251288,2
ENSG00000251291,0
ENSG00000251292,0
ENSG00000251293,0
ENSG00000251294,0
ENSG00000251296,0
ENSG00000251297,2
ENSG00000251298,0
ENSG00000251299,1
ENSG00000251300,0
ENSG00000251301,6
ENSG00000251303,0
ENSG00000251304,0
ENSG00000251306,0
ENSG00000251307,4
ENSG00000251308,0
ENSG00000251309,0
ENSG00000251310,0
ENSG00000251311,0
ENSG00000251312,0
ENSG00000251313,2
ENSG00000251314,4
ENSG00000251317,0
ENSG00000251320,0
ENSG00000251321,0
ENSG00000251322,1455
ENSG00000251323,5
ENSG00000251324,0
ENSG00000251325,0
ENSG00000251326,0
ENSG00000251329,0
ENSG00000251330,5
ENSG00000251331,0
ENSG00000251332,0
ENSG00000251333,0
ENSG00000251334,0
ENSG00000251336,0
ENSG00000251338,0
ENSG00000251339,0
ENSG00000251340,0
ENSG00000251342,0
ENSG00000251345,0
ENSG00000251347,0
ENSG00000251348,0
ENSG00000251349,5
ENSG00000251350,0
ENSG00000251352,0
ENSG00000251353,0
ENSG00000251354,0
ENSG00000251356,0
ENSG00000251357,1
ENSG00000251359,19
ENSG00000251360,0
ENSG00000251361,0
ENSG00000251363,0
ENSG00000251364,147
ENSG00000251365,16
ENSG00000251366,0
ENSG00000251367,0
ENSG00000251368,0
ENSG00000251369,467
ENSG00000251370,0
ENSG00000251371,0
ENSG00000251372,0
ENSG00000251373,0
ENSG00000251374,4
ENSG00000251376,0
ENSG00000251377,0
ENSG00000251378,0
ENSG00000251379,2
ENSG00000251380,0
ENSG00000251381,0
ENSG00000251383,0
ENSG00000251385,0
ENSG00000251387,1
ENSG00000251388,0
ENSG00000251389,0
ENSG00000251391,0
ENSG00000251393,5
ENSG00000251395,0
ENSG00000251396,28
ENSG00000251398,0
ENSG00000251399,2
ENSG00000251400,1
ENSG00000251401,0
ENSG00000251402,4
ENSG00000251405,1
ENSG00000251407,0
ENSG00000251408,3
ENSG00000251409,0
ENSG00000251410,0
ENSG00000251411,20
ENSG00000251412,0
ENSG00000251413,0
ENSG00000251414,16
ENSG00000251416,0
ENSG00000251417,35
ENSG00000251418,0
ENSG00000251419,0
ENSG00000251421,0
ENSG00000251423,0
ENSG00000251424,0
ENSG00000251426,0
ENSG00000251427,0
ENSG00000251429,143
ENSG00000251430,0
ENSG00000251431,0
ENSG00000251432,292
ENSG00000251433,0
ENSG00000251434,0
ENSG00000251435,0
ENSG00000251436,0
ENSG00000251437,0
ENSG00000251438,0
ENSG00000251439,0
ENSG00000251440,0
ENSG00000251441,1
ENSG00000251442,170
ENSG00000251443,1
ENSG00000251445,0
ENSG00000251446,0
ENSG00000251447,0
ENSG00000251448,0
ENSG00000251449,0
ENSG00000251450,1
ENSG00000251451,18
ENSG00000251452,0
ENSG00000251453,0
ENSG00000251454,0
ENSG00000251455,0
ENSG00000251456,0
ENSG00000251458,0
ENSG00000251459,2
ENSG00000251460,0
ENSG00000251461,0
ENSG00000251463,1
ENSG00000251464,0
ENSG00000251467,0
ENSG00000251468,4
ENSG00000251470,0
ENSG00000251471,0
ENSG00000251473,0
ENSG00000251474,388
ENSG00000251476,0
ENSG00000251477,0
ENSG00000251478,0
ENSG00000251482,0
ENSG00000251483,0
ENSG00000251484,1
ENSG00000251485,14
ENSG00000251487,0
ENSG00000251488,0
ENSG00000251489,0
ENSG00000251490,0
ENSG00000251491,0
ENSG00000251492,0
ENSG00000251493,8
ENSG00000251495,13
ENSG00000251497,0
ENSG00000251498,0
ENSG00000251501,0
ENSG00000251503,22
ENSG00000251504,0
ENSG00000251506,0
ENSG00000251508,0
ENSG00000251510,0
ENSG00000251511,0
ENSG00000251513,4
ENSG00000251515,0
ENSG00000251516,0
ENSG00000251517,0
ENSG00000251518,0
ENSG00000251520,0
ENSG00000251521,2
ENSG00000251523,0
ENSG00000251525,0
ENSG00000251526,0
ENSG00000251527,0
ENSG00000251529,0
ENSG00000251532,11
ENSG00000251533,7
ENSG00000251535,1
ENSG00000251536,0
ENSG00000251537,1
ENSG00000251538,0
ENSG00000251539,0
ENSG00000251542,0
ENSG00000251543,1
ENSG00000251544,0
ENSG00000251545,0
ENSG00000251546,0
ENSG00000251548,1
ENSG00000251549,0
ENSG00000251550,0
ENSG00000251552,0
ENSG00000251553,0
ENSG00000251555,0
ENSG00000251556,1
ENSG00000251557,1
ENSG00000251562,3737
ENSG00000251563,0
ENSG00000251566,0
ENSG00000251567,0
ENSG00000251568,0
ENSG00000251569,0
ENSG00000251571,0
ENSG00000251572,0
ENSG00000251573,0
ENSG00000251574,1
ENSG00000251575,2
ENSG00000251576,0
ENSG00000251577,0
ENSG00000251578,0
ENSG00000251579,0
ENSG00000251580,60
ENSG00000251583,0
ENSG00000251584,0
ENSG00000251585,0
ENSG00000251586,0
ENSG00000251587,0
ENSG00000251588,0
ENSG00000251590,0
ENSG00000251591,0
ENSG00000251593,2
ENSG00000251595,60
ENSG00000251596,1
ENSG00000251597,0
ENSG00000251598,1
ENSG00000251599,0
ENSG00000251600,1
ENSG00000251601,0
ENSG00000251602,243
ENSG00000251603,6
ENSG00000251604,1
ENSG00000251605,0
ENSG00000251608,0
ENSG00000251609,1
ENSG00000251610,0
ENSG00000251611,11
ENSG00000251613,2
ENSG00000251614,0
ENSG00000251615,828
ENSG00000251616,0
ENSG00000251618,0
ENSG00000251619,0
ENSG00000251620,0
ENSG00000251621,0
ENSG00000251623,0
ENSG00000251624,0
ENSG00000251627,0
ENSG00000251628,0
ENSG00000251629,0
ENSG00000251630,3
ENSG00000251632,0
ENSG00000251633,0
ENSG00000251634,32
ENSG00000251635,10
ENSG00000251636,0
ENSG00000251637,0
ENSG00000251638,0
ENSG00000251639,2
ENSG00000251642,0
ENSG00000251643,0
ENSG00000251644,0
ENSG00000251647,0
ENSG00000251648,0
ENSG00000251649,0
ENSG00000251652,4
ENSG00000251654,0
ENSG00000251655,0
ENSG00000251656,0
ENSG00000251660,0
ENSG00000251661,85
ENSG00000251663,0
ENSG00000251664,1
ENSG00000251665,1
ENSG00000251666,10
ENSG00000251667,7
ENSG00000251668,0
ENSG00000251669,293
ENSG00000251670,0
ENSG00000251675,1
ENSG00000251676,0
ENSG00000251678,0
ENSG00000251679,0
ENSG00000251680,0
ENSG00000251682,0
ENSG00000251685,0
ENSG00000251686,0
ENSG00000251687,0
ENSG00000251688,0
ENSG00000251689,3
ENSG00000251691,0
ENSG00000251692,3
ENSG00000251694,0
ENSG00000251696,0
ENSG00000251697,0
ENSG00000251698,0
ENSG00000251702,0
ENSG00000251703,0
ENSG00000251704,0
ENSG00000251705,0
ENSG00000251706,6
ENSG00000251707,0
ENSG00000251710,0
ENSG00000251711,0
ENSG00000251712,0
ENSG00000251713,0
ENSG00000251714,0
ENSG00000251715,0
ENSG00000251717,0
ENSG00000251718,0
ENSG00000251719,0
ENSG00000251720,1
ENSG00000251722,0
ENSG00000251724,0
ENSG00000251725,0
ENSG00000251726,0
ENSG00000251727,0
ENSG00000251728,0
ENSG00000251729,0
ENSG00000251730,0
ENSG00000251731,0
ENSG00000251732,0
ENSG00000251733,1
ENSG00000251735,0
ENSG00000251738,1
ENSG00000251739,1
ENSG00000251741,1
ENSG00000251742,0
ENSG00000251744,0
ENSG00000251745,0
ENSG00000251746,0
ENSG00000251747,0
ENSG00000251748,0
ENSG00000251750,0
ENSG00000251751,0
ENSG00000251752,4
ENSG00000251753,0
ENSG00000251754,0
ENSG00000251756,0
ENSG00000251757,0
ENSG00000251759,0
ENSG00000251760,0
ENSG00000251761,0
ENSG00000251763,0
ENSG00000251764,0
ENSG00000251766,0
ENSG00000251767,0
ENSG00000251768,2
ENSG00000251770,0
ENSG00000251772,0
ENSG00000251773,0
ENSG00000251774,0
ENSG00000251775,0
ENSG00000251776,0
ENSG00000251778,0
ENSG00000251779,0
ENSG00000251781,0
ENSG00000251783,0
ENSG00000251785,0
ENSG00000251787,1
ENSG00000251788,0
ENSG00000251789,0
ENSG00000251791,1
ENSG00000251792,0
ENSG00000251794,0
ENSG00000251796,0
ENSG00000251798,2
ENSG00000251799,0
ENSG00000251802,0
ENSG00000251803,0
ENSG00000251804,0
ENSG00000251805,0
ENSG00000251807,0
ENSG00000251808,0
ENSG00000251809,0
ENSG00000251810,0
ENSG00000251811,0
ENSG00000251812,0
ENSG00000251813,0
ENSG00000251814,0
ENSG00000251815,0
ENSG00000251816,0
ENSG00000251818,0
ENSG00000251819,20
ENSG00000251821,2
ENSG00000251822,0
ENSG00000251823,0
ENSG00000251825,0
ENSG00000251828,0
ENSG00000251829,0
ENSG00000251830,0
ENSG00000251831,0
ENSG00000251834,0
ENSG00000251835,0
ENSG00000251837,0
ENSG00000251838,0
ENSG00000251839,0
ENSG00000251840,0
ENSG00000251841,0
ENSG00000251842,0
ENSG00000251843,0
ENSG00000251844,0
ENSG00000251849,0
ENSG00000251850,0
ENSG00000251851,0
ENSG00000251852,0
ENSG00000251854,0
ENSG00000251856,1
ENSG00000251857,0
ENSG00000251858,0
ENSG00000251859,0
ENSG00000251861,0
ENSG00000251862,0
ENSG00000251864,0
ENSG00000251865,0
ENSG00000251866,0
ENSG00000251867,36
ENSG00000251868,0
ENSG00000251869,0
ENSG00000251870,0
ENSG00000251871,0
ENSG00000251873,0
ENSG00000251874,0
ENSG00000251875,0
ENSG00000251876,0
ENSG00000251877,0
ENSG00000251878,0
ENSG00000251879,0
ENSG00000251880,0
ENSG00000251882,0
ENSG00000251883,0
ENSG00000251884,0
ENSG00000251886,0
ENSG00000251887,0
ENSG00000251888,0
ENSG00000251889,0
ENSG00000251890,0
ENSG00000251891,0
ENSG00000251892,0
ENSG00000251893,0
ENSG00000251895,0
ENSG00000251896,1
ENSG00000251897,0
ENSG00000251898,0
ENSG00000251899,0
ENSG00000251900,0
ENSG00000251904,0
ENSG00000251905,0
ENSG00000251906,0
ENSG00000251907,0
ENSG00000251908,0
ENSG00000251912,0
ENSG00000251913,0
ENSG00000251914,0
ENSG00000251915,0
ENSG00000251916,2
ENSG00000251917,0
ENSG00000251919,0
ENSG00000251920,0
ENSG00000251922,0
ENSG00000251923,0
ENSG00000251924,0
ENSG00000251925,0
ENSG00000251927,0
ENSG00000251929,0
ENSG00000251931,0
ENSG00000251933,0
ENSG00000251934,0
ENSG00000251935,0
ENSG00000251936,0
ENSG00000251937,0
ENSG00000251939,0
ENSG00000251940,0
ENSG00000251941,0
ENSG00000251942,0
ENSG00000251943,0
ENSG00000251946,0
ENSG00000251947,0
ENSG00000251951,0
ENSG00000251952,0
ENSG00000251953,0
ENSG00000251954,0
ENSG00000251955,0
ENSG00000251956,0
ENSG00000251957,0
ENSG00000251958,0
ENSG00000251960,0
ENSG00000251961,0
ENSG00000251962,0
ENSG00000251963,0
ENSG00000251965,0
ENSG00000251966,0
ENSG00000251967,0
ENSG00000251969,0
ENSG00000251970,0
ENSG00000251971,0
ENSG00000251972,0
ENSG00000251973,0
ENSG00000251974,0
ENSG00000251975,0
ENSG00000251976,0
ENSG00000251977,0
ENSG00000251978,0
ENSG00000251980,0
ENSG00000251981,0
ENSG00000251982,0
ENSG00000251983,0
ENSG00000251985,0
ENSG00000251986,0
ENSG00000251987,0
ENSG00000251988,0
ENSG00000251989,0
ENSG00000251990,0
ENSG00000251991,0
ENSG00000251992,0
ENSG00000251993,0
ENSG00000251994,5
ENSG00000251996,0
ENSG00000251997,0
ENSG00000251998,0
ENSG00000251999,0
ENSG00000252000,0
ENSG00000252001,0
ENSG00000252002,0
ENSG00000252003,0
ENSG00000252004,0
ENSG00000252005,0
ENSG00000252008,0
ENSG00000252010,0
ENSG00000252011,0
ENSG00000252012,0
ENSG00000252013,0
ENSG00000252014,0
ENSG00000252015,0
ENSG00000252016,0
ENSG00000252017,0
ENSG00000252018,0
ENSG00000252019,1
ENSG00000252020,0
ENSG00000252021,0
ENSG00000252022,0
ENSG00000252023,0
ENSG00000252025,0
ENSG00000252026,1
ENSG00000252027,3
ENSG00000252028,0
ENSG00000252029,0
ENSG00000252030,0
ENSG00000252031,0
ENSG00000252032,0
ENSG00000252033,0
ENSG00000252034,1
ENSG00000252035,0
ENSG00000252036,0
ENSG00000252037,0
ENSG00000252038,0
ENSG00000252039,0
ENSG00000252040,0
ENSG00000252041,0
ENSG00000252042,0
ENSG00000252045,0
ENSG00000252046,0
ENSG00000252047,0
ENSG00000252049,0
ENSG00000252050,0
ENSG00000252051,0
ENSG00000252053,0
ENSG00000252057,0
ENSG00000252059,0
ENSG00000252060,0
ENSG00000252061,4
ENSG00000252062,0
ENSG00000252063,0
ENSG00000252064,0
ENSG00000252065,0
ENSG00000252066,0
ENSG00000252067,0
ENSG00000252068,0
ENSG00000252069,0
ENSG00000252070,0
ENSG00000252072,0
ENSG00000252073,0
ENSG00000252074,0
ENSG00000252076,0
ENSG00000252079,0
ENSG00000252080,0
ENSG00000252081,0
ENSG00000252082,0
ENSG00000252083,0
ENSG00000252084,0
ENSG00000252086,0
ENSG00000252087,0
ENSG00000252089,0
ENSG00000252091,0
ENSG00000252094,0
ENSG00000252096,0
ENSG00000252097,0
ENSG00000252098,0
ENSG00000252100,0
ENSG00000252101,1
ENSG00000252102,0
ENSG00000252103,1
ENSG00000252104,0
ENSG00000252105,0
ENSG00000252106,0
ENSG00000252107,0
ENSG00000252108,0
ENSG00000252111,0
ENSG00000252112,0
ENSG00000252113,0
ENSG00000252115,0
ENSG00000252116,0
ENSG00000252117,0
ENSG00000252118,0
ENSG00000252119,0
ENSG00000252120,0
ENSG00000252121,0
ENSG00000252122,0
ENSG00000252124,0
ENSG00000252125,0
ENSG00000252126,0
ENSG00000252128,0
ENSG00000252129,0
ENSG00000252130,0
ENSG00000252131,0
ENSG00000252132,0
ENSG00000252133,0
ENSG00000252135,0
ENSG00000252136,0
ENSG00000252137,0
ENSG00000252138,0
ENSG00000252139,0
ENSG00000252141,0
ENSG00000252142,0
ENSG00000252143,0
ENSG00000252145,0
ENSG00000252146,0
ENSG00000252147,3
ENSG00000252148,0
ENSG00000252149,0
ENSG00000252150,2
ENSG00000252151,0
ENSG00000252153,0
ENSG00000252155,0
ENSG00000252156,0
ENSG00000252157,0
ENSG00000252158,0
ENSG00000252161,0
ENSG00000252162,0
ENSG00000252163,0
ENSG00000252164,0
ENSG00000252166,0
ENSG00000252167,0
ENSG00000252169,0
ENSG00000252170,0
ENSG00000252171,0
ENSG00000252172,0
ENSG00000252173,0
ENSG00000252174,0
ENSG00000252177,0
ENSG00000252178,0
ENSG00000252179,0
ENSG00000252181,0
ENSG00000252182,0
ENSG00000252183,0
ENSG00000252184,0
ENSG00000252185,0
ENSG00000252186,0
ENSG00000252188,0
ENSG00000252190,0
ENSG00000252191,0
ENSG00000252192,1
ENSG00000252193,0
ENSG00000252198,2
ENSG00000252199,0
ENSG00000252200,7
ENSG00000252202,7
ENSG00000252204,0
ENSG00000252205,0
ENSG00000252206,2
ENSG00000252207,0
ENSG00000252209,0
ENSG00000252210,0
ENSG00000252211,2
ENSG00000252212,0
ENSG00000252213,0
ENSG00000252214,0
ENSG00000252215,0
ENSG00000252217,0
ENSG00000252218,0
ENSG00000252219,0
ENSG00000252220,0
ENSG00000252222,1
ENSG00000252223,0
ENSG00000252224,0
ENSG00000252225,0
ENSG00000252228,0
ENSG00000252230,0
ENSG00000252231,4
ENSG00000252233,0
ENSG00000252234,0
ENSG00000252236,0
ENSG00000252237,0
ENSG00000252238,0
ENSG00000252242,1
ENSG00000252243,0
ENSG00000252244,0
ENSG00000252246,0
ENSG00000252247,0
ENSG00000252249,0
ENSG00000252250,0
ENSG00000252252,0
ENSG00000252254,3
ENSG00000252255,0
ENSG00000252257,0
ENSG00000252258,0
ENSG00000252259,0
ENSG00000252260,0
ENSG00000252261,0
ENSG00000252262,0
ENSG00000252263,0
ENSG00000252264,0
ENSG00000252266,0
ENSG00000252267,0
ENSG00000252268,0
ENSG00000252269,0
ENSG00000252270,0
ENSG00000252271,0
ENSG00000252272,0
ENSG00000252273,0
ENSG00000252274,0
ENSG00000252275,0
ENSG00000252277,0
ENSG00000252279,0
ENSG00000252282,0
ENSG00000252283,0
ENSG00000252284,0
ENSG00000252287,0
ENSG00000252288,0
ENSG00000252289,0
ENSG00000252290,1
ENSG00000252291,0
ENSG00000252292,0
ENSG00000252294,0
ENSG00000252296,0
ENSG00000252297,0
ENSG00000252301,0
ENSG00000252302,0
ENSG00000252305,0
ENSG00000252306,0
ENSG00000252307,0
ENSG00000252308,0
ENSG00000252309,0
ENSG00000252311,4
ENSG00000252312,0
ENSG00000252313,0
ENSG00000252315,0
ENSG00000252316,0
ENSG00000252317,0
ENSG00000252319,0
ENSG00000252320,0
ENSG00000252321,0
ENSG00000252322,1
ENSG00000252323,0
ENSG00000252324,0
ENSG00000252325,0
ENSG00000252326,0
ENSG00000252328,0
ENSG00000252329,0
ENSG00000252330,0
ENSG00000252332,0
ENSG00000252333,0
ENSG00000252334,1
ENSG00000252335,0
ENSG00000252336,0
ENSG00000252337,0
ENSG00000252338,0
ENSG00000252339,0
ENSG00000252341,0
ENSG00000252342,0
ENSG00000252343,0
ENSG00000252346,0
ENSG00000252347,0
ENSG00000252348,0
ENSG00000252349,0
ENSG00000252350,0
ENSG00000252351,0
ENSG00000252352,0
ENSG00000252353,0
ENSG00000252355,0
ENSG00000252357,0
ENSG00000252358,0
ENSG00000252361,1
ENSG00000252362,0
ENSG00000252363,1
ENSG00000252364,0
ENSG00000252366,0
ENSG00000252367,0
ENSG00000252368,1
ENSG00000252369,0
ENSG00000252370,0
ENSG00000252371,0
ENSG00000252373,0
ENSG00000252374,0
ENSG00000252375,0
ENSG00000252376,0
ENSG00000252377,1
ENSG00000252383,0
ENSG00000252385,0
ENSG00000252386,0
ENSG00000252390,0
ENSG00000252391,2
ENSG00000252393,0
ENSG00000252395,0
ENSG00000252396,0
ENSG00000252397,0
ENSG00000252398,0
ENSG00000252400,0
ENSG00000252401,0
ENSG00000252404,0
ENSG00000252407,0
ENSG00000252408,2
ENSG00000252409,0
ENSG00000252410,0
ENSG00000252411,0
ENSG00000252412,1
ENSG00000252413,0
ENSG00000252414,0
ENSG00000252415,0
ENSG00000252416,0
ENSG00000252417,0
ENSG00000252420,0
ENSG00000252421,0
ENSG00000252422,0
ENSG00000252423,0
ENSG00000252424,0
ENSG00000252425,0
ENSG00000252426,0
ENSG00000252427,0
ENSG00000252428,0
ENSG00000252429,0
ENSG00000252430,0
ENSG00000252431,0
ENSG00000252432,0
ENSG00000252433,0
ENSG00000252436,0
ENSG00000252437,0
ENSG00000252438,0
ENSG00000252439,0
ENSG00000252441,0
ENSG00000252443,0
ENSG00000252444,0
ENSG00000252445,0
ENSG00000252446,0
ENSG00000252448,2
ENSG00000252449,0
ENSG00000252450,0
ENSG00000252451,0
ENSG00000252452,0
ENSG00000252453,0
ENSG00000252454,0
ENSG00000252455,0
ENSG00000252456,0
ENSG00000252457,0
ENSG00000252458,0
ENSG00000252459,0
ENSG00000252460,0
ENSG00000252461,0
ENSG00000252462,0
ENSG00000252464,4
ENSG00000252466,0
ENSG00000252467,0
ENSG00000252468,0
ENSG00000252469,0
ENSG00000252470,0
ENSG00000252471,0
ENSG00000252472,0
ENSG00000252473,0
ENSG00000252474,0
ENSG00000252475,0
ENSG00000252479,0
ENSG00000252480,0
ENSG00000252481,6
ENSG00000252482,0
ENSG00000252483,0
ENSG00000252484,0
ENSG00000252485,0
ENSG00000252486,0
ENSG00000252487,0
ENSG00000252489,0
ENSG00000252490,0
ENSG00000252491,0
ENSG00000252494,0
ENSG00000252496,0
ENSG00000252497,0
ENSG00000252498,66
ENSG00000252499,0
ENSG00000252500,0
ENSG00000252501,0
ENSG00000252503,3
ENSG00000252504,0
ENSG00000252505,0
ENSG00000252506,0
ENSG00000252507,0
ENSG00000252508,0
ENSG00000252509,0
ENSG00000252510,0
ENSG00000252511,0
ENSG00000252512,0
ENSG00000252513,0
ENSG00000252514,0
ENSG00000252515,0
ENSG00000252516,4
ENSG00000252517,0
ENSG00000252519,0
ENSG00000252521,0
ENSG00000252523,0
ENSG00000252524,0
ENSG00000252526,0
ENSG00000252530,0
ENSG00000252532,0
ENSG00000252533,0
ENSG00000252534,0
ENSG00000252535,0
ENSG00000252537,0
ENSG00000252539,0
ENSG00000252540,0
ENSG00000252541,0
ENSG00000252542,2
ENSG00000252544,0
ENSG00000252545,0
ENSG00000252546,0
ENSG00000252548,0
ENSG00000252549,0
ENSG00000252550,0
ENSG00000252552,0
ENSG00000252553,0
ENSG00000252554,0
ENSG00000252555,0
ENSG00000252556,0
ENSG00000252558,0
ENSG00000252560,0
ENSG00000252561,0
ENSG00000252562,0
ENSG00000252563,0
ENSG00000252568,0
ENSG00000252569,24
ENSG00000252574,0
ENSG00000252575,0
ENSG00000252577,0
ENSG00000252578,0
ENSG00000252580,0
ENSG00000252581,0
ENSG00000252582,0
ENSG00000252583,0
ENSG00000252584,0
ENSG00000252585,1
ENSG00000252587,0
ENSG00000252590,0
ENSG00000252591,0
ENSG00000252593,0
ENSG00000252594,0
ENSG00000252595,0
ENSG00000252597,0
ENSG00000252598,0
ENSG00000252599,0
ENSG00000252601,0
ENSG00000252603,0
ENSG00000252604,0
ENSG00000252606,0
ENSG00000252607,0
ENSG00000252608,1
ENSG00000252611,0
ENSG00000252612,1
ENSG00000252614,2
ENSG00000252615,1
ENSG00000252616,1
ENSG00000252618,1
ENSG00000252619,0
ENSG00000252620,3
ENSG00000252621,0
ENSG00000252622,0
ENSG00000252623,0
ENSG00000252624,0
ENSG00000252625,0
ENSG00000252626,0
ENSG00000252627,0
ENSG00000252628,1
ENSG00000252629,0
ENSG00000252633,0
ENSG00000252634,0
ENSG00000252635,0
ENSG00000252636,0
ENSG00000252637,0
ENSG00000252639,0
ENSG00000252640,0
ENSG00000252641,3
ENSG00000252642,0
ENSG00000252643,2
ENSG00000252644,0
ENSG00000252645,0
ENSG00000252647,0
ENSG00000252648,0
ENSG00000252649,0
ENSG00000252650,0
ENSG00000252651,0
ENSG00000252652,1
ENSG00000252653,0
ENSG00000252654,0
ENSG00000252655,0
ENSG00000252656,0
ENSG00000252657,0
ENSG00000252658,0
ENSG00000252659,0
ENSG00000252660,0
ENSG00000252661,0
ENSG00000252662,0
ENSG00000252664,0
ENSG00000252667,0
ENSG00000252671,0
ENSG00000252673,0
ENSG00000252674,0
ENSG00000252676,0
ENSG00000252677,1
ENSG00000252680,0
ENSG00000252681,0
ENSG00000252682,0
ENSG00000252684,0
ENSG00000252685,0
ENSG00000252686,1
ENSG00000252688,0
ENSG00000252689,0
ENSG00000252690,28
ENSG00000252691,1
ENSG00000252692,0
ENSG00000252693,0
ENSG00000252694,0
ENSG00000252695,0
ENSG00000252696,0
ENSG00000252697,0
ENSG00000252699,0
ENSG00000252700,0
ENSG00000252702,0
ENSG00000252704,0
ENSG00000252705,0
ENSG00000252707,0
ENSG00000252710,0
ENSG00000252711,0
ENSG00000252712,0
ENSG00000252713,0
ENSG00000252714,0
ENSG00000252716,0
ENSG00000252717,0
ENSG00000252718,0
ENSG00000252719,0
ENSG00000252720,0
ENSG00000252721,0
ENSG00000252722,0
ENSG00000252723,0
ENSG00000252724,0
ENSG00000252725,0
ENSG00000252726,0
ENSG00000252727,0
ENSG00000252729,0
ENSG00000252731,0
ENSG00000252733,0
ENSG00000252734,0
ENSG00000252735,0
ENSG00000252739,0
ENSG00000252742,3
ENSG00000252743,2
ENSG00000252744,0
ENSG00000252745,0
ENSG00000252746,0
ENSG00000252747,0
ENSG00000252748,0
ENSG00000252749,0
ENSG00000252750,0
ENSG00000252751,0
ENSG00000252752,0
ENSG00000252755,2
ENSG00000252756,0
ENSG00000252757,0
ENSG00000252758,0
ENSG00000252759,3
ENSG00000252760,0
ENSG00000252761,0
ENSG00000252762,0
ENSG00000252763,0
ENSG00000252764,0
ENSG00000252765,0
ENSG00000252766,0
ENSG00000252767,1
ENSG00000252768,1
ENSG00000252769,0
ENSG00000252770,0
ENSG00000252772,0
ENSG00000252774,0
ENSG00000252776,0
ENSG00000252777,0
ENSG00000252778,0
ENSG00000252779,0
ENSG00000252780,0
ENSG00000252782,2
ENSG00000252783,0
ENSG00000252784,0
ENSG00000252787,0
ENSG00000252789,0
ENSG00000252794,0
ENSG00000252795,0
ENSG00000252796,0
ENSG00000252797,4
ENSG00000252798,0
ENSG00000252800,0
ENSG00000252801,0
ENSG00000252802,0
ENSG00000252804,0
ENSG00000252806,0
ENSG00000252807,0
ENSG00000252809,0
ENSG00000252810,0
ENSG00000252811,0
ENSG00000252812,0
ENSG00000252814,0
ENSG00000252815,0
ENSG00000252816,0
ENSG00000252817,8
ENSG00000252820,0
ENSG00000252821,0
ENSG00000252822,0
ENSG00000252823,0
ENSG00000252824,0
ENSG00000252826,0
ENSG00000252827,0
ENSG00000252828,0
ENSG00000252830,0
ENSG00000252832,0
ENSG00000252833,0
ENSG00000252835,6
ENSG00000252837,0
ENSG00000252839,0
ENSG00000252840,1
ENSG00000252845,0
ENSG00000252846,1
ENSG00000252847,1
ENSG00000252848,0
ENSG00000252850,0
ENSG00000252852,9
ENSG00000252854,0
ENSG00000252855,0
ENSG00000252856,0
ENSG00000252857,0
ENSG00000252858,0
ENSG00000252859,0
ENSG00000252860,0
ENSG00000252861,0
ENSG00000252863,0
ENSG00000252864,0
ENSG00000252866,0
ENSG00000252867,0
ENSG00000252868,0
ENSG00000252869,0
ENSG00000252870,0
ENSG00000252872,0
ENSG00000252874,1
ENSG00000252877,0
ENSG00000252879,0
ENSG00000252881,0
ENSG00000252882,0
ENSG00000252884,0
ENSG00000252886,0
ENSG00000252887,0
ENSG00000252888,0
ENSG00000252889,0
ENSG00000252890,0
ENSG00000252891,0
ENSG00000252892,1
ENSG00000252894,0
ENSG00000252896,0
ENSG00000252897,0
ENSG00000252898,0
ENSG00000252900,0
ENSG00000252901,0
ENSG00000252902,0
ENSG00000252903,0
ENSG00000252904,0
ENSG00000252905,0
ENSG00000252906,1
ENSG00000252908,0
ENSG00000252909,0
ENSG00000252913,1
ENSG00000252914,0
ENSG00000252915,5
ENSG00000252916,2
ENSG00000252917,0
ENSG00000252918,0
ENSG00000252919,0
ENSG00000252920,0
ENSG00000252922,0
ENSG00000252923,0
ENSG00000252927,0
ENSG00000252928,0
ENSG00000252929,0
ENSG00000252930,0
ENSG00000252931,0
ENSG00000252933,0
ENSG00000252934,0
ENSG00000252935,0
ENSG00000252936,0
ENSG00000252937,0
ENSG00000252940,0
ENSG00000252941,0
ENSG00000252942,0
ENSG00000252943,0
ENSG00000252944,0
ENSG00000252945,0
ENSG00000252947,1
ENSG00000252948,0
ENSG00000252949,0
ENSG00000252950,2
ENSG00000252951,0
ENSG00000252952,0
ENSG00000252953,0
ENSG00000252955,0
ENSG00000252956,0
ENSG00000252957,0
ENSG00000252958,0
ENSG00000252959,0
ENSG00000252960,0
ENSG00000252962,0
ENSG00000252963,0
ENSG00000252964,0
ENSG00000252965,15
ENSG00000252969,0
ENSG00000252970,0
ENSG00000252971,0
ENSG00000252972,0
ENSG00000252973,0
ENSG00000252974,0
ENSG00000252975,0
ENSG00000252976,0
ENSG00000252977,0
ENSG00000252978,0
ENSG00000252979,0
ENSG00000252980,0
ENSG00000252982,0
ENSG00000252983,0
ENSG00000252984,0
ENSG00000252985,0
ENSG00000252986,0
ENSG00000252987,0
ENSG00000252988,0
ENSG00000252989,0
ENSG00000252990,0
ENSG00000252991,0
ENSG00000252992,0
ENSG00000252993,0
ENSG00000252994,0
ENSG00000252995,2
ENSG00000252996,0
ENSG00000252997,0
ENSG00000252998,0
ENSG00000252999,0
ENSG00000253000,0
ENSG00000253001,0
ENSG00000253002,0
ENSG00000253003,0
ENSG00000253005,0
ENSG00000253006,0
ENSG00000253007,0
ENSG00000253008,0
ENSG00000253010,0
ENSG00000253011,0
ENSG00000253012,0
ENSG00000253013,0
ENSG00000253015,2
ENSG00000253016,0
ENSG00000253017,1
ENSG00000253019,0
ENSG00000253020,0
ENSG00000253021,0
ENSG00000253022,0
ENSG00000253023,0
ENSG00000253024,0
ENSG00000253025,0
ENSG00000253026,0
ENSG00000253027,0
ENSG00000253028,0
ENSG00000253030,0
ENSG00000253031,0
ENSG00000253032,0
ENSG00000253035,0
ENSG00000253037,0
ENSG00000253038,0
ENSG00000253039,0
ENSG00000253040,0
ENSG00000253041,0
ENSG00000253042,0
ENSG00000253043,0
ENSG00000253046,0
ENSG00000253047,14
ENSG00000253048,0
ENSG00000253049,0
ENSG00000253051,0
ENSG00000253053,0
ENSG00000253054,0
ENSG00000253055,0
ENSG00000253056,0
ENSG00000253057,0
ENSG00000253058,0
ENSG00000253059,0
ENSG00000253060,0
ENSG00000253063,0
ENSG00000253064,0
ENSG00000253065,0
ENSG00000253066,0
ENSG00000253067,0
ENSG00000253069,0
ENSG00000253070,0
ENSG00000253072,0
ENSG00000253073,0
ENSG00000253074,0
ENSG00000253075,0
ENSG00000253077,0
ENSG00000253078,0
ENSG00000253079,0
ENSG00000253080,0
ENSG00000253081,0
ENSG00000253082,0
ENSG00000253083,0
ENSG00000253084,0
ENSG00000253085,0
ENSG00000253086,0
ENSG00000253087,0
ENSG00000253088,0
ENSG00000253089,0
ENSG00000253090,0
ENSG00000253092,3
ENSG00000253093,0
ENSG00000253094,0
ENSG00000253096,0
ENSG00000253097,0
ENSG00000253098,0
ENSG00000253099,0
ENSG00000253100,0
ENSG00000253102,2
ENSG00000253103,0
ENSG00000253104,0
ENSG00000253105,3
ENSG00000253106,129
ENSG00000253107,0
ENSG00000253108,0
ENSG00000253109,0
ENSG00000253110,1
ENSG00000253111,0
ENSG00000253112,1
ENSG00000253114,0
ENSG00000253115,0
ENSG00000253116,1
ENSG00000253117,0
ENSG00000253118,0
ENSG00000253119,0
ENSG00000253120,0
ENSG00000253121,0
ENSG00000253122,0
ENSG00000253123,22
ENSG00000253124,0
ENSG00000253125,3
ENSG00000253126,0
ENSG00000253127,0
ENSG00000253130,0
ENSG00000253131,0
ENSG00000253132,0
ENSG00000253133,2
ENSG00000253134,0
ENSG00000253135,0
ENSG00000253137,0
ENSG00000253138,1
ENSG00000253139,0
ENSG00000253140,0
ENSG00000253141,2
ENSG00000253142,0
ENSG00000253143,0
ENSG00000253144,0
ENSG00000253146,1
ENSG00000253147,0
ENSG00000253148,0
ENSG00000253149,0
ENSG00000253152,0
ENSG00000253153,0
ENSG00000253154,1
ENSG00000253155,0
ENSG00000253156,0
ENSG00000253158,0
ENSG00000253159,45
ENSG00000253160,0
ENSG00000253161,10
ENSG00000253162,0
ENSG00000253163,0
ENSG00000253164,4
ENSG00000253165,0
ENSG00000253166,1
ENSG00000253167,11
ENSG00000253168,0
ENSG00000253169,0
ENSG00000253170,29
ENSG00000253171,0
ENSG00000253172,0
ENSG00000253173,0
ENSG00000253174,0
ENSG00000253175,2
ENSG00000253176,1
ENSG00000253177,2
ENSG00000253178,0
ENSG00000253179,0
ENSG00000253180,8
ENSG00000253181,0
ENSG00000253182,0
ENSG00000253183,0
ENSG00000253184,0
ENSG00000253186,0
ENSG00000253187,1
ENSG00000253188,0
ENSG00000253189,0
ENSG00000253190,0
ENSG00000253191,0
ENSG00000253194,0
ENSG00000253195,0
ENSG00000253196,1
ENSG00000253197,0
ENSG00000253198,0
ENSG00000253199,0
ENSG00000253200,76
ENSG00000253202,0
ENSG00000253203,0
ENSG00000253204,0
ENSG00000253205,0
ENSG00000253206,0
ENSG00000253207,0
ENSG00000253208,0
ENSG00000253209,0
ENSG00000253210,63
ENSG00000253213,0
ENSG00000253214,7
ENSG00000253215,0
ENSG00000253216,0
ENSG00000253217,0
ENSG00000253218,0
ENSG00000253219,0
ENSG00000253220,1
ENSG00000253223,2
ENSG00000253224,0
ENSG00000253225,0
ENSG00000253226,0
ENSG00000253227,0
ENSG00000253228,0
ENSG00000253229,0
ENSG00000253230,0
ENSG00000253231,0
ENSG00000253232,0
ENSG00000253233,0
ENSG00000253234,0
ENSG00000253235,0
ENSG00000253236,0
ENSG00000253237,0
ENSG00000253238,0
ENSG00000253239,0
ENSG00000253240,0
ENSG00000253241,0
ENSG00000253242,0
ENSG00000253244,0
ENSG00000253245,0
ENSG00000253247,0
ENSG00000253248,0
ENSG00000253250,11
ENSG00000253251,78
ENSG00000253252,0
ENSG00000253256,0
ENSG00000253257,0
ENSG00000253258,0
ENSG00000253259,0
ENSG00000253260,0
ENSG00000253261,0
ENSG00000253262,0
ENSG00000253263,0
ENSG00000253264,0
ENSG00000253265,0
ENSG00000253266,2
ENSG00000253267,0
ENSG00000253269,0
ENSG00000253270,0
ENSG00000253271,1
ENSG00000253273,0
ENSG00000253274,0
ENSG00000253275,0
ENSG00000253276,480
ENSG00000253278,0
ENSG00000253279,0
ENSG00000253280,0
ENSG00000253281,1
ENSG00000253282,0
ENSG00000253283,0
ENSG00000253284,10
ENSG00000253286,1
ENSG00000253287,0
ENSG00000253288,0
ENSG00000253290,0
ENSG00000253291,0
ENSG00000253292,1
ENSG00000253293,35
ENSG00000253294,0
ENSG00000253295,0
ENSG00000253297,0
ENSG00000253298,0
ENSG00000253299,1
ENSG00000253300,0
ENSG00000253301,1
ENSG00000253302,5
ENSG00000253303,0
ENSG00000253304,731
ENSG00000253305,70
ENSG00000253307,3
ENSG00000253308,0
ENSG00000253309,8
ENSG00000253310,0
ENSG00000253311,0
ENSG00000253312,0
ENSG00000253313,1289
ENSG00000253314,0
ENSG00000253315,0
ENSG00000253317,4
ENSG00000253318,0
ENSG00000253319,0
ENSG00000253320,497
ENSG00000253321,0
ENSG00000253322,1
ENSG00000253325,0
ENSG00000253326,5
ENSG00000253327,21
ENSG00000253328,6
ENSG00000253329,0
ENSG00000253330,7
ENSG00000253331,0
ENSG00000253332,3
ENSG00000253333,0
ENSG00000253334,0
ENSG00000253335,0
ENSG00000253336,0
ENSG00000253338,0
ENSG00000253339,0
ENSG00000253340,0
ENSG00000253341,108
ENSG00000253342,0
ENSG00000253343,0
ENSG00000253344,0
ENSG00000253345,0
ENSG00000253346,0
ENSG00000253347,2
ENSG00000253348,1
ENSG00000253349,0
ENSG00000253351,0
ENSG00000253352,3673
ENSG00000253354,0
ENSG00000253355,1
ENSG00000253356,0
ENSG00000253357,0
ENSG00000253358,0
ENSG00000253359,0
ENSG00000253361,152
ENSG00000253362,0
ENSG00000253363,0
ENSG00000253364,6
ENSG00000253365,0
ENSG00000253366,1
ENSG00000253367,0
ENSG00000253368,625
ENSG00000253369,0
ENSG00000253370,0
ENSG00000253371,0
ENSG00000253372,2
ENSG00000253373,0
ENSG00000253374,0
ENSG00000253376,1
ENSG00000253377,0
ENSG00000253379,9
ENSG00000253380,0
ENSG00000253381,0
ENSG00000253382,0
ENSG00000253383,0
ENSG00000253384,2
ENSG00000253385,0
ENSG00000253386,0
ENSG00000253387,0
ENSG00000253388,0
ENSG00000253389,7
ENSG00000253390,12
ENSG00000253391,0
ENSG00000253392,29
ENSG00000253393,0
ENSG00000253394,0
ENSG00000253395,70
ENSG00000253396,0
ENSG00000253397,0
ENSG00000253398,0
ENSG00000253399,0
ENSG00000253400,0
ENSG00000253401,0
ENSG00000253403,0
ENSG00000253404,116
ENSG00000253405,0
ENSG00000253406,54
ENSG00000253407,0
ENSG00000253408,3
ENSG00000253409,1
ENSG00000253410,0
ENSG00000253412,0
ENSG00000253413,0
ENSG00000253414,6
ENSG00000253415,0
ENSG00000253416,0
ENSG00000253417,1
ENSG00000253418,0
ENSG00000253420,0
ENSG00000253421,0
ENSG00000253422,0
ENSG00000253423,0
ENSG00000253424,0
ENSG00000253425,0
ENSG00000253426,0
ENSG00000253427,0
ENSG00000253428,1
ENSG00000253429,0
ENSG00000253430,0
ENSG00000253431,0
ENSG00000253432,0
ENSG00000253433,2
ENSG00000253434,0
ENSG00000253435,0
ENSG00000253437,0
ENSG00000253438,21
ENSG00000253439,1
ENSG00000253440,0
ENSG00000253441,0
ENSG00000253444,0
ENSG00000253445,0
ENSG00000253447,0
ENSG00000253448,0
ENSG00000253449,0
ENSG00000253451,0
ENSG00000253452,0
ENSG00000253454,0
ENSG00000253455,0
ENSG00000253456,0
ENSG00000253457,3
ENSG00000253458,0
ENSG00000253460,0
ENSG00000253461,0
ENSG00000253462,0
ENSG00000253463,1
ENSG00000253465,0
ENSG00000253467,0
ENSG00000253468,0
ENSG00000253469,0
ENSG00000253470,0
ENSG00000253471,0
ENSG00000253472,0
ENSG00000253474,0
ENSG00000253475,2
ENSG00000253476,4
ENSG00000253477,12
ENSG00000253479,0
ENSG00000253480,0
ENSG00000253481,0
ENSG00000253482,0
ENSG00000253483,2
ENSG00000253484,0
ENSG00000253485,70
ENSG00000253486,0
ENSG00000253487,0
ENSG00000253488,0
ENSG00000253489,0
ENSG00000253490,5
ENSG00000253491,0
ENSG00000253492,0
ENSG00000253493,0
ENSG00000253495,0
ENSG00000253496,0
ENSG00000253497,0
ENSG00000253499,0
ENSG00000253500,1
ENSG00000253501,0
ENSG00000253502,2
ENSG00000253503,0
ENSG00000253504,0
ENSG00000253505,0
ENSG00000253506,4
ENSG00000253507,0
ENSG00000253508,0
ENSG00000253509,0
ENSG00000253510,0
ENSG00000253512,0
ENSG00000253513,0
ENSG00000253515,1
ENSG00000253516,1
ENSG00000253517,0
ENSG00000253519,0
ENSG00000253520,354
ENSG00000253521,0
ENSG00000253522,14
ENSG00000253523,0
ENSG00000253524,0
ENSG00000253525,0
ENSG00000253526,0
ENSG00000253527,0
ENSG00000253528,0
ENSG00000253530,0
ENSG00000253532,0
ENSG00000253534,0
ENSG00000253535,0
ENSG00000253536,0
ENSG00000253537,18
ENSG00000253538,0
ENSG00000253539,2
ENSG00000253540,57
ENSG00000253541,1
ENSG00000253542,0
ENSG00000253543,0
ENSG00000253544,0
ENSG00000253545,0
ENSG00000253546,0
ENSG00000253547,0
ENSG00000253548,0
ENSG00000253549,9
ENSG00000253550,0
ENSG00000253551,0
ENSG00000253552,37
ENSG00000253553,8
ENSG00000253554,0
ENSG00000253555,0
ENSG00000253556,0
ENSG00000253557,1
ENSG00000253558,2
ENSG00000253559,8
ENSG00000253560,0
ENSG00000253561,0
ENSG00000253562,3
ENSG00000253563,0
ENSG00000253564,0
ENSG00000253567,2
ENSG00000253568,0
ENSG00000253569,0
ENSG00000253570,315
ENSG00000253571,0
ENSG00000253572,0
ENSG00000253573,0
ENSG00000253574,0
ENSG00000253576,0
ENSG00000253577,0
ENSG00000253578,0
ENSG00000253579,0
ENSG00000253580,0
ENSG00000253581,0
ENSG00000253582,5
ENSG00000253583,0
ENSG00000253584,0
ENSG00000253585,0
ENSG00000253586,0
ENSG00000253587,0
ENSG00000253588,0
ENSG00000253590,0
ENSG00000253591,0
ENSG00000253592,0
ENSG00000253593,0
ENSG00000253595,0
ENSG00000253596,5
ENSG00000253598,29
ENSG00000253600,0
ENSG00000253602,0
ENSG00000253603,0
ENSG00000253604,0
ENSG00000253605,6
ENSG00000253606,1
ENSG00000253607,0
ENSG00000253608,2
ENSG00000253610,0
ENSG00000253611,0
ENSG00000253612,0
ENSG00000253613,0
ENSG00000253614,0
ENSG00000253615,0
ENSG00000253616,0
ENSG00000253617,0
ENSG00000253618,7
ENSG00000253619,0
ENSG00000253620,0
ENSG00000253621,0
ENSG00000253622,1
ENSG00000253623,1
ENSG00000253625,0
ENSG00000253626,43
ENSG00000253627,0
ENSG00000253628,0
ENSG00000253629,0
ENSG00000253630,0
ENSG00000253631,0
ENSG00000253632,25
ENSG00000253633,3
ENSG00000253634,0
ENSG00000253635,0
ENSG00000253636,25
ENSG00000253637,0
ENSG00000253638,0
ENSG00000253639,0
ENSG00000253641,11
ENSG00000253642,0
ENSG00000253643,0
ENSG00000253644,0
ENSG00000253645,0
ENSG00000253646,1
ENSG00000253647,1
ENSG00000253648,0
ENSG00000253649,8
ENSG00000253650,0
ENSG00000253651,0
ENSG00000253652,2
ENSG00000253653,1
ENSG00000253654,0
ENSG00000253655,0
ENSG00000253656,0
ENSG00000253657,0
ENSG00000253658,1
ENSG00000253659,0
ENSG00000253660,0
ENSG00000253661,0
ENSG00000253663,0
ENSG00000253664,0
ENSG00000253665,0
ENSG00000253666,0
ENSG00000253667,7
ENSG00000253668,0
ENSG00000253669,39
ENSG00000253670,0
ENSG00000253671,0
ENSG00000253672,0
ENSG00000253673,0
ENSG00000253674,0
ENSG00000253675,0
ENSG00000253676,5
ENSG00000253677,0
ENSG00000253678,1
ENSG00000253679,0
ENSG00000253680,0
ENSG00000253681,0
ENSG00000253682,0
ENSG00000253683,17
ENSG00000253684,0
ENSG00000253685,0
ENSG00000253686,7
ENSG00000253687,0
ENSG00000253688,2
ENSG00000253690,0
ENSG00000253691,0
ENSG00000253692,0
ENSG00000253693,0
ENSG00000253695,0
ENSG00000253696,22
ENSG00000253697,0
ENSG00000253698,0
ENSG00000253699,0
ENSG00000253701,0
ENSG00000253702,1
ENSG00000253703,0
ENSG00000253704,12
ENSG00000253706,33
ENSG00000253707,0
ENSG00000253708,0
ENSG00000253709,0
ENSG00000253710,233
ENSG00000253711,0
ENSG00000253712,1
ENSG00000253713,0
ENSG00000253714,0
ENSG00000253715,0
ENSG00000253716,194
ENSG00000253717,0
ENSG00000253719,8044
ENSG00000253720,0
ENSG00000253721,0
ENSG00000253722,0
ENSG00000253723,0
ENSG00000253725,0
ENSG00000253726,0
ENSG00000253728,0
ENSG00000253729,6948
ENSG00000253730,5
ENSG00000253731,97
ENSG00000253732,0
ENSG00000253733,0
ENSG00000253734,0
ENSG00000253735,0
ENSG00000253736,1
ENSG00000253737,0
ENSG00000253738,1043
ENSG00000253739,2
ENSG00000253740,0
ENSG00000253741,50
ENSG00000253742,0
ENSG00000253743,1
ENSG00000253744,0
ENSG00000253745,0
ENSG00000253746,3
ENSG00000253747,0
ENSG00000253748,0
ENSG00000253749,0
ENSG00000253750,0
ENSG00000253752,0
ENSG00000253754,0
ENSG00000253755,9
ENSG00000253756,0
ENSG00000253759,0
ENSG00000253760,0
ENSG00000253762,0
ENSG00000253763,0
ENSG00000253764,75
ENSG00000253765,0
ENSG00000253766,1
ENSG00000253767,20
ENSG00000253768,10
ENSG00000253770,0
ENSG00000253771,24
ENSG00000253772,0
ENSG00000253773,30
ENSG00000253774,0
ENSG00000253775,0
ENSG00000253776,0
ENSG00000253777,0
ENSG00000253778,1
ENSG00000253779,0
ENSG00000253780,0
ENSG00000253781,0
ENSG00000253782,0
ENSG00000253783,0
ENSG00000253784,0
ENSG00000253785,13
ENSG00000253786,0
ENSG00000253787,0
ENSG00000253789,0
ENSG00000253790,0
ENSG00000253792,2
ENSG00000253793,0
ENSG00000253794,0
ENSG00000253795,0
ENSG00000253796,1
ENSG00000253797,1879
ENSG00000253798,0
ENSG00000253799,0
ENSG00000253800,0
ENSG00000253801,0
ENSG00000253802,1
ENSG00000253803,0
ENSG00000253805,0
ENSG00000253806,0
ENSG00000253807,0
ENSG00000253808,0
ENSG00000253809,0
ENSG00000253810,0
ENSG00000253811,0
ENSG00000253813,0
ENSG00000253814,0
ENSG00000253816,3
ENSG00000253817,3
ENSG00000253818,0
ENSG00000253819,0
ENSG00000253820,0
ENSG00000253821,0
ENSG00000253822,0
ENSG00000253823,0
ENSG00000253824,1
ENSG00000253825,0
ENSG00000253826,0
ENSG00000253828,0
ENSG00000253829,1
ENSG00000253831,0
ENSG00000253832,0
ENSG00000253833,7
ENSG00000253834,0
ENSG00000253836,0
ENSG00000253837,39
ENSG00000253838,0
ENSG00000253839,0
ENSG00000253840,0
ENSG00000253841,0
ENSG00000253842,0
ENSG00000253843,0
ENSG00000253844,14
ENSG00000253845,0
ENSG00000253846,36
ENSG00000253848,0
ENSG00000253849,0
ENSG00000253851,0
ENSG00000253852,0
ENSG00000253853,0
ENSG00000253854,54
ENSG00000253855,0
ENSG00000253857,0
ENSG00000253858,0
ENSG00000253859,0
ENSG00000253860,0
ENSG00000253861,0
ENSG00000253862,0
ENSG00000253865,8
ENSG00000253866,0
ENSG00000253868,2
ENSG00000253869,2
ENSG00000253870,0
ENSG00000253871,0
ENSG00000253872,0
ENSG00000253873,30
ENSG00000253874,0
ENSG00000253875,0
ENSG00000253877,0
ENSG00000253878,21
ENSG00000253879,0
ENSG00000253880,2
ENSG00000253881,0
ENSG00000253882,5
ENSG00000253883,0
ENSG00000253884,0
ENSG00000253885,0
ENSG00000253886,0
ENSG00000253887,0
ENSG00000253888,0
ENSG00000253889,0
ENSG00000253891,0
ENSG00000253892,0
ENSG00000253893,60
ENSG00000253894,0
ENSG00000253895,0
ENSG00000253896,0
ENSG00000253897,0
ENSG00000253898,0
ENSG00000253899,1
ENSG00000253900,0
ENSG00000253901,0
ENSG00000253903,0
ENSG00000253906,0
ENSG00000253907,0
ENSG00000253908,1
ENSG00000253910,67
ENSG00000253911,0
ENSG00000253912,1
ENSG00000253913,0
ENSG00000253915,0
ENSG00000253916,0
ENSG00000253917,0
ENSG00000253919,4
ENSG00000253920,0
ENSG00000253921,7
ENSG00000253923,2
ENSG00000253924,0
ENSG00000253925,0
ENSG00000253926,0
ENSG00000253927,1
ENSG00000253929,5
ENSG00000253930,30
ENSG00000253931,0
ENSG00000253932,0
ENSG00000253934,0
ENSG00000253935,0
ENSG00000253936,0
ENSG00000253937,0
ENSG00000253939,0
ENSG00000253940,0
ENSG00000253941,0
ENSG00000253942,0
ENSG00000253943,2
ENSG00000253944,0
ENSG00000253945,0
ENSG00000253946,0
ENSG00000253947,0
ENSG00000253948,58
ENSG00000253949,0
ENSG00000253951,0
ENSG00000253952,0
ENSG00000253953,340
ENSG00000253954,9
ENSG00000253955,47
ENSG00000253956,0
ENSG00000253957,0
ENSG00000253958,257
ENSG00000253959,10
ENSG00000253960,0
ENSG00000253961,1
ENSG00000253963,0
ENSG00000253964,0
ENSG00000253965,0
ENSG00000253966,0
ENSG00000253967,0
ENSG00000253968,0
ENSG00000253970,0
ENSG00000253971,1
ENSG00000253972,0
ENSG00000253973,0
ENSG00000253974,0
ENSG00000253975,0
ENSG00000253976,0
ENSG00000253977,0
ENSG00000253978,0
ENSG00000253979,0
ENSG00000253980,0
ENSG00000253981,44
ENSG00000253982,727
ENSG00000253983,11
ENSG00000253985,0
ENSG00000253986,6
ENSG00000253988,16
ENSG00000253989,0
ENSG00000253991,0
ENSG00000253992,0
ENSG00000253993,0
ENSG00000253994,0
ENSG00000253995,0
ENSG00000253997,0
ENSG00000253998,0
ENSG00000253999,0
ENSG00000254000,0
ENSG00000254001,0
ENSG00000254002,0
ENSG00000254003,2
ENSG00000254004,848
ENSG00000254006,18
ENSG00000254007,0
ENSG00000254008,0
ENSG00000254009,0
ENSG00000254010,0
ENSG00000254011,0
ENSG00000254012,1
ENSG00000254013,2
ENSG00000254014,0
ENSG00000254015,0
ENSG00000254016,11
ENSG00000254017,2
ENSG00000254018,0
ENSG00000254019,0
ENSG00000254020,0
ENSG00000254021,0
ENSG00000254023,0
ENSG00000254024,3
ENSG00000254025,0
ENSG00000254026,0
ENSG00000254027,8
ENSG00000254028,2
ENSG00000254029,0
ENSG00000254030,1
ENSG00000254031,1
ENSG00000254033,0
ENSG00000254034,0
ENSG00000254035,6
ENSG00000254036,0
ENSG00000254037,0
ENSG00000254038,11
ENSG00000254039,2
ENSG00000254040,1
ENSG00000254041,0
ENSG00000254042,5
ENSG00000254043,4
ENSG00000254044,1
ENSG00000254045,0
ENSG00000254046,0
ENSG00000254047,0
ENSG00000254048,0
ENSG00000254049,0
ENSG00000254050,0
ENSG00000254051,0
ENSG00000254052,0
ENSG00000254053,0
ENSG00000254054,4
ENSG00000254055,0
ENSG00000254056,0
ENSG00000254057,0
ENSG00000254060,0
ENSG00000254061,0
ENSG00000254063,0
ENSG00000254064,21
ENSG00000254065,1
ENSG00000254066,0
ENSG00000254067,0
ENSG00000254069,0
ENSG00000254070,0
ENSG00000254073,0
ENSG00000254075,0
ENSG00000254076,0
ENSG00000254077,0
ENSG00000254079,0
ENSG00000254080,2
ENSG00000254081,0
ENSG00000254082,0
ENSG00000254083,0
ENSG00000254084,0
ENSG00000254086,0
ENSG00000254087,931
ENSG00000254088,6
ENSG00000254089,0
ENSG00000254090,0
ENSG00000254091,0
ENSG00000254092,0
ENSG00000254093,168
ENSG00000254094,2
ENSG00000254095,0
ENSG00000254097,0
ENSG00000254098,0
ENSG00000254099,1
ENSG00000254100,41
ENSG00000254101,0
ENSG00000254102,7
ENSG00000254103,0
ENSG00000254104,1
ENSG00000254105,0
ENSG00000254106,0
ENSG00000254109,1
ENSG00000254111,0
ENSG00000254112,0
ENSG00000254113,0
ENSG00000254114,0
ENSG00000254115,0
ENSG00000254118,0
ENSG00000254119,0
ENSG00000254120,0
ENSG00000254122,45
ENSG00000254123,0
ENSG00000254124,0
ENSG00000254126,2
ENSG00000254127,2
ENSG00000254129,0
ENSG00000254130,0
ENSG00000254131,3
ENSG00000254132,0
ENSG00000254134,0
ENSG00000254135,0
ENSG00000254136,0
ENSG00000254138,0
ENSG00000254139,43
ENSG00000254140,0
ENSG00000254141,0
ENSG00000254142,3
ENSG00000254143,1
ENSG00000254144,0
ENSG00000254145,0
ENSG00000254146,0
ENSG00000254150,0
ENSG00000254151,0
ENSG00000254152,1
ENSG00000254153,1
ENSG00000254154,27
ENSG00000254156,0
ENSG00000254157,0
ENSG00000254158,0
ENSG00000254160,0
ENSG00000254161,0
ENSG00000254162,28
ENSG00000254163,0
ENSG00000254164,6
ENSG00000254165,1
ENSG00000254166,1
ENSG00000254167,0
ENSG00000254170,0
ENSG00000254171,0
ENSG00000254172,0
ENSG00000254173,0
ENSG00000254174,1
ENSG00000254175,0
ENSG00000254176,0
ENSG00000254177,0
ENSG00000254178,0
ENSG00000254180,1
ENSG00000254181,1
ENSG00000254182,0
ENSG00000254183,0
ENSG00000254185,0
ENSG00000254186,1
ENSG00000254187,0
ENSG00000254189,0
ENSG00000254190,0
ENSG00000254192,0
ENSG00000254193,0
ENSG00000254194,0
ENSG00000254195,0
ENSG00000254197,0
ENSG00000254198,36
ENSG00000254199,0
ENSG00000254200,0
ENSG00000254201,0
ENSG00000254202,0
ENSG00000254203,0
ENSG00000254204,0
ENSG00000254205,0
ENSG00000254206,11
ENSG00000254207,3
ENSG00000254208,1
ENSG00000254209,0
ENSG00000254211,0
ENSG00000254212,0
ENSG00000254213,0
ENSG00000254215,0
ENSG00000254216,0
ENSG00000254219,0
ENSG00000254220,0
ENSG00000254221,4
ENSG00000254222,0
ENSG00000254223,0
ENSG00000254224,1
ENSG00000254225,0
ENSG00000254226,15
ENSG00000254227,0
ENSG00000254228,0
ENSG00000254229,0
ENSG00000254230,0
ENSG00000254231,259
ENSG00000254233,0
ENSG00000254235,0
ENSG00000254236,0
ENSG00000254237,0
ENSG00000254238,3
ENSG00000254239,4
ENSG00000254240,0
ENSG00000254241,0
ENSG00000254242,0
ENSG00000254244,0
ENSG00000254245,3
ENSG00000254246,0
ENSG00000254247,0
ENSG00000254248,2
ENSG00000254249,0
ENSG00000254251,0
ENSG00000254252,0
ENSG00000254253,0
ENSG00000254254,0
ENSG00000254255,0
ENSG00000254256,0
ENSG00000254258,0
ENSG00000254260,1
ENSG00000254261,0
ENSG00000254262,0
ENSG00000254263,1
ENSG00000254264,0
ENSG00000254265,0
ENSG00000254266,0
ENSG00000254267,0
ENSG00000254268,0
ENSG00000254269,0
ENSG00000254270,0
ENSG00000254271,5
ENSG00000254272,1
ENSG00000254273,1
ENSG00000254274,1
ENSG00000254275,0
ENSG00000254277,0
ENSG00000254278,0
ENSG00000254279,0
ENSG00000254281,61
ENSG00000254283,0
ENSG00000254285,16
ENSG00000254286,26
ENSG00000254287,0
ENSG00000254288,0
ENSG00000254289,0
ENSG00000254290,0
ENSG00000254291,0
ENSG00000254292,0
ENSG00000254293,0
ENSG00000254294,1
ENSG00000254295,1
ENSG00000254297,0
ENSG00000254298,0
ENSG00000254299,0
ENSG00000254300,0
ENSG00000254302,0
ENSG00000254303,0
ENSG00000254305,0
ENSG00000254306,0
ENSG00000254307,0
ENSG00000254308,0
ENSG00000254309,0
ENSG00000254310,0
ENSG00000254311,0
ENSG00000254312,0
ENSG00000254313,0
ENSG00000254314,0
ENSG00000254315,2
ENSG00000254316,0
ENSG00000254317,5
ENSG00000254319,0
ENSG00000254320,0
ENSG00000254321,0
ENSG00000254324,0
ENSG00000254325,0
ENSG00000254326,0
ENSG00000254328,0
ENSG00000254329,0
ENSG00000254330,0
ENSG00000254331,1
ENSG00000254332,9
ENSG00000254333,3
ENSG00000254334,0
ENSG00000254335,0
ENSG00000254336,0
ENSG00000254337,1
ENSG00000254338,0
ENSG00000254339,0
ENSG00000254340,7
ENSG00000254341,0
ENSG00000254342,0
ENSG00000254343,31
ENSG00000254344,0
ENSG00000254345,0
ENSG00000254346,0
ENSG00000254347,0
ENSG00000254348,54
ENSG00000254349,8
ENSG00000254350,1
ENSG00000254351,0
ENSG00000254352,0
ENSG00000254355,0
ENSG00000254357,0
ENSG00000254358,0
ENSG00000254361,0
ENSG00000254362,2
ENSG00000254363,348
ENSG00000254364,1
ENSG00000254365,0
ENSG00000254366,0
ENSG00000254367,0
ENSG00000254369,2
ENSG00000254370,4
ENSG00000254372,0
ENSG00000254373,1
ENSG00000254376,0
ENSG00000254377,0
ENSG00000254380,0
ENSG00000254381,0
ENSG00000254383,0
ENSG00000254384,0
ENSG00000254387,0
ENSG00000254388,0
ENSG00000254389,151
ENSG00000254391,0
ENSG00000254392,0
ENSG00000254394,0
ENSG00000254395,0
ENSG00000254396,1
ENSG00000254397,2
ENSG00000254398,0
ENSG00000254399,0
ENSG00000254400,0
ENSG00000254401,5
ENSG00000254402,3
ENSG00000254403,0
ENSG00000254404,0
ENSG00000254406,7
ENSG00000254407,0
ENSG00000254408,0
ENSG00000254409,11
ENSG00000254411,0
ENSG00000254412,0
ENSG00000254413,181
ENSG00000254414,16
ENSG00000254415,125
ENSG00000254416,0
ENSG00000254417,6
ENSG00000254418,2
ENSG00000254419,27
ENSG00000254420,3
ENSG00000254422,0
ENSG00000254423,0
ENSG00000254424,0
ENSG00000254425,0
ENSG00000254427,29
ENSG00000254428,9
ENSG00000254429,5
ENSG00000254430,0
ENSG00000254431,1
ENSG00000254432,1
ENSG00000254433,4
ENSG00000254434,0
ENSG00000254436,0
ENSG00000254437,0
ENSG00000254438,0
ENSG00000254440,2
ENSG00000254441,0
ENSG00000254442,0
ENSG00000254443,0
ENSG00000254444,3
ENSG00000254445,0
ENSG00000254447,0
ENSG00000254449,0
ENSG00000254450,0
ENSG00000254451,3
ENSG00000254452,0
ENSG00000254453,2
ENSG00000254454,0
ENSG00000254455,0
ENSG00000254456,0
ENSG00000254457,0
ENSG00000254458,1
ENSG00000254459,0
ENSG00000254460,0
ENSG00000254461,47
ENSG00000254462,0
ENSG00000254463,1
ENSG00000254464,0
ENSG00000254465,0
ENSG00000254466,0
ENSG00000254467,0
ENSG00000254468,0
ENSG00000254469,32
ENSG00000254470,1323
ENSG00000254471,0
ENSG00000254472,0
ENSG00000254473,387
ENSG00000254475,0
ENSG00000254477,1
ENSG00000254478,0
ENSG00000254479,2
ENSG00000254480,7
ENSG00000254481,22
ENSG00000254482,0
ENSG00000254483,0
ENSG00000254484,0
ENSG00000254485,6
ENSG00000254486,0
ENSG00000254487,0
ENSG00000254488,0
ENSG00000254489,5
ENSG00000254490,0
ENSG00000254491,0
ENSG00000254492,0
ENSG00000254495,0
ENSG00000254496,0
ENSG00000254497,13
ENSG00000254498,2
ENSG00000254499,8
ENSG00000254500,0
ENSG00000254501,22
ENSG00000254502,0
ENSG00000254503,9
ENSG00000254505,104
ENSG00000254506,0
ENSG00000254507,7
ENSG00000254508,0
ENSG00000254509,5
ENSG00000254510,6
ENSG00000254511,0
ENSG00000254512,2
ENSG00000254514,0
ENSG00000254515,0
ENSG00000254516,0
ENSG00000254517,0
ENSG00000254518,0
ENSG00000254519,0
ENSG00000254521,1
ENSG00000254522,0
ENSG00000254524,0
ENSG00000254526,0
ENSG00000254527,1
ENSG00000254528,14
ENSG00000254529,0
ENSG00000254530,0
ENSG00000254531,191
ENSG00000254532,1
ENSG00000254533,23
ENSG00000254534,0
ENSG00000254535,32
ENSG00000254536,0
ENSG00000254537,0
ENSG00000254538,0
ENSG00000254539,2
ENSG00000254540,0
ENSG00000254541,0
ENSG00000254542,0
ENSG00000254543,0
ENSG00000254544,0
ENSG00000254545,0
ENSG00000254546,0
ENSG00000254547,0
ENSG00000254548,2
ENSG00000254550,0
ENSG00000254551,0
ENSG00000254552,0
ENSG00000254553,0
ENSG00000254554,1
ENSG00000254555,0
ENSG00000254556,3
ENSG00000254557,0
ENSG00000254558,0
ENSG00000254559,0
ENSG00000254560,3
ENSG00000254561,3
ENSG00000254562,0
ENSG00000254563,0
ENSG00000254564,0
ENSG00000254565,0
ENSG00000254566,0
ENSG00000254567,1
ENSG00000254568,0
ENSG00000254569,0
ENSG00000254571,0
ENSG00000254572,0
ENSG00000254573,0
ENSG00000254574,0
ENSG00000254575,0
ENSG00000254576,0
ENSG00000254577,0
ENSG00000254578,0
ENSG00000254579,0
ENSG00000254580,0
ENSG00000254581,0
ENSG00000254582,0
ENSG00000254583,0
ENSG00000254584,0
ENSG00000254585,9
ENSG00000254586,0
ENSG00000254587,0
ENSG00000254588,0
ENSG00000254589,4
ENSG00000254590,0
ENSG00000254591,0
ENSG00000254592,0
ENSG00000254593,5
ENSG00000254594,0
ENSG00000254595,20
ENSG00000254596,0
ENSG00000254597,0
ENSG00000254598,9
ENSG00000254599,0
ENSG00000254601,0
ENSG00000254602,2
ENSG00000254603,0
ENSG00000254604,26
ENSG00000254605,17
ENSG00000254606,0
ENSG00000254607,5
ENSG00000254608,4
ENSG00000254609,0
ENSG00000254610,0
ENSG00000254612,329
ENSG00000254613,0
ENSG00000254614,133
ENSG00000254615,34
ENSG00000254616,1
ENSG00000254617,0
ENSG00000254618,0
ENSG00000254619,0
ENSG00000254620,1
ENSG00000254621,3
ENSG00000254622,0
ENSG00000254623,0
ENSG00000254624,0
ENSG00000254625,0
ENSG00000254626,0
ENSG00000254627,1
ENSG00000254629,1
ENSG00000254630,0
ENSG00000254631,1
ENSG00000254632,0
ENSG00000254633,0
ENSG00000254634,4
ENSG00000254635,696
ENSG00000254636,1
ENSG00000254637,0
ENSG00000254638,0
ENSG00000254639,4
ENSG00000254640,0
ENSG00000254641,0
ENSG00000254642,0
ENSG00000254644,0
ENSG00000254645,0
ENSG00000254646,1
ENSG00000254647,0
ENSG00000254648,8
ENSG00000254649,0
ENSG00000254650,0
ENSG00000254651,0
ENSG00000254653,1
ENSG00000254654,7
ENSG00000254655,0
ENSG00000254656,0
ENSG00000254658,0
ENSG00000254659,0
ENSG00000254660,0
ENSG00000254661,0
ENSG00000254662,7
ENSG00000254663,0
ENSG00000254664,0
ENSG00000254665,0
ENSG00000254667,1
ENSG00000254668,0
ENSG00000254669,1
ENSG00000254670,0
ENSG00000254671,2
ENSG00000254672,1
ENSG00000254673,0
ENSG00000254674,0
ENSG00000254675,3
ENSG00000254676,7
ENSG00000254677,0
ENSG00000254678,0
ENSG00000254680,0
ENSG00000254681,21
ENSG00000254682,28
ENSG00000254683,0
ENSG00000254684,0
ENSG00000254685,949
ENSG00000254686,0
ENSG00000254687,0
ENSG00000254688,0
ENSG00000254689,0
ENSG00000254690,0
ENSG00000254691,0
ENSG00000254692,0
ENSG00000254693,0
ENSG00000254694,0
ENSG00000254695,0
ENSG00000254696,0
ENSG00000254697,0
ENSG00000254698,0
ENSG00000254699,0
ENSG00000254700,0
ENSG00000254701,0
ENSG00000254702,0
ENSG00000254703,30
ENSG00000254704,0
ENSG00000254705,0
ENSG00000254706,1
ENSG00000254707,0
ENSG00000254708,0
ENSG00000254709,12
ENSG00000254710,0
ENSG00000254712,0
ENSG00000254713,0
ENSG00000254714,0
ENSG00000254715,0
ENSG00000254717,2
ENSG00000254718,7
ENSG00000254719,2
ENSG00000254720,0
ENSG00000254721,0
ENSG00000254722,0
ENSG00000254723,0
ENSG00000254724,0
ENSG00000254725,0
ENSG00000254726,176
ENSG00000254727,0
ENSG00000254728,0
ENSG00000254730,0
ENSG00000254731,34
ENSG00000254732,1
ENSG00000254733,0
ENSG00000254734,0
ENSG00000254735,0
ENSG00000254736,0
ENSG00000254737,0
ENSG00000254738,0
ENSG00000254739,3
ENSG00000254740,0
ENSG00000254741,0
ENSG00000254743,0
ENSG00000254744,1
ENSG00000254746,0
ENSG00000254747,0
ENSG00000254748,1
ENSG00000254749,0
ENSG00000254750,1
ENSG00000254751,0
ENSG00000254752,0
ENSG00000254753,0
ENSG00000254754,0
ENSG00000254755,0
ENSG00000254756,8
ENSG00000254757,1
ENSG00000254758,1
ENSG00000254759,26
ENSG00000254760,3
ENSG00000254761,1
ENSG00000254762,1
ENSG00000254764,0
ENSG00000254765,0
ENSG00000254767,0
ENSG00000254768,3
ENSG00000254769,0
ENSG00000254770,0
ENSG00000254771,0
ENSG00000254772,8
ENSG00000254774,0
ENSG00000254775,0
ENSG00000254776,0
ENSG00000254777,20
ENSG00000254779,0
ENSG00000254780,1
ENSG00000254781,0
ENSG00000254783,11
ENSG00000254784,0
ENSG00000254785,0
ENSG00000254786,6
ENSG00000254787,0
ENSG00000254788,10
ENSG00000254789,0
ENSG00000254790,0
ENSG00000254791,0
ENSG00000254792,0
ENSG00000254793,0
ENSG00000254794,0
ENSG00000254795,0
ENSG00000254796,0
ENSG00000254798,0
ENSG00000254799,0
ENSG00000254800,0
ENSG00000254801,0
ENSG00000254802,9
ENSG00000254803,0
ENSG00000254804,0
ENSG00000254805,0
ENSG00000254806,44
ENSG00000254807,0
ENSG00000254810,19
ENSG00000254811,0
ENSG00000254812,1
ENSG00000254813,0
ENSG00000254814,0
ENSG00000254815,125
ENSG00000254816,0
ENSG00000254817,0
ENSG00000254818,0
ENSG00000254819,0
ENSG00000254820,0
ENSG00000254821,0
ENSG00000254822,0
ENSG00000254823,0
ENSG00000254824,0
ENSG00000254825,0
ENSG00000254826,0
ENSG00000254827,22
ENSG00000254828,0
ENSG00000254829,0
ENSG00000254830,0
ENSG00000254831,0
ENSG00000254832,0
ENSG00000254833,0
ENSG00000254834,0
ENSG00000254835,0
ENSG00000254836,0
ENSG00000254837,136
ENSG00000254838,53
ENSG00000254839,1
ENSG00000254840,0
ENSG00000254841,0
ENSG00000254842,2
ENSG00000254843,0
ENSG00000254844,0
ENSG00000254846,1
ENSG00000254847,2
ENSG00000254848,0
ENSG00000254850,0
ENSG00000254851,36
ENSG00000254852,0
ENSG00000254853,0
ENSG00000254854,28
ENSG00000254855,1
ENSG00000254856,0
ENSG00000254857,0
ENSG00000254858,558
ENSG00000254859,15
ENSG00000254860,361
ENSG00000254861,0
ENSG00000254862,5
ENSG00000254863,0
ENSG00000254864,7
ENSG00000254865,0
ENSG00000254866,0
ENSG00000254867,0
ENSG00000254869,2
ENSG00000254870,0
ENSG00000254871,0
ENSG00000254872,386
ENSG00000254873,0
ENSG00000254874,0
ENSG00000254876,107
ENSG00000254877,7
ENSG00000254878,0
ENSG00000254879,0
ENSG00000254880,0
ENSG00000254883,0
ENSG00000254884,0
ENSG00000254885,0
ENSG00000254886,1
ENSG00000254887,7
ENSG00000254888,0
ENSG00000254889,0
ENSG00000254890,0
ENSG00000254891,0
ENSG00000254892,0
ENSG00000254893,7
ENSG00000254894,0
ENSG00000254895,0
ENSG00000254896,0
ENSG00000254897,0
ENSG00000254898,1
ENSG00000254900,1
ENSG00000254901,502
ENSG00000254902,0
ENSG00000254903,0
ENSG00000254905,2
ENSG00000254906,0
ENSG00000254907,3
ENSG00000254909,10
ENSG00000254910,32
ENSG00000254911,5
ENSG00000254912,14
ENSG00000254913,0
ENSG00000254914,0
ENSG00000254915,0
ENSG00000254916,0
ENSG00000254917,0
ENSG00000254919,0
ENSG00000254920,0
ENSG00000254921,0
ENSG00000254923,0
ENSG00000254924,0
ENSG00000254925,0
ENSG00000254926,0
ENSG00000254927,0
ENSG00000254928,0
ENSG00000254929,2
ENSG00000254930,0
ENSG00000254931,0
ENSG00000254932,0
ENSG00000254933,0
ENSG00000254934,0
ENSG00000254935,0
ENSG00000254936,3
ENSG00000254937,0
ENSG00000254938,1
ENSG00000254939,0
ENSG00000254940,0
ENSG00000254941,34
ENSG00000254942,0
ENSG00000254943,0
ENSG00000254944,74
ENSG00000254946,0
ENSG00000254947,0
ENSG00000254948,0
ENSG00000254949,0
ENSG00000254951,0
ENSG00000254952,2
ENSG00000254953,0
ENSG00000254954,0
ENSG00000254957,0
ENSG00000254959,1
ENSG00000254960,0
ENSG00000254961,0
ENSG00000254962,0
ENSG00000254963,0
ENSG00000254964,0
ENSG00000254965,1
ENSG00000254966,25
ENSG00000254967,1
ENSG00000254968,0
ENSG00000254971,0
ENSG00000254972,0
ENSG00000254973,109
ENSG00000254974,1
ENSG00000254975,0
ENSG00000254976,0
ENSG00000254978,5
ENSG00000254979,5
ENSG00000254980,1
ENSG00000254981,2
ENSG00000254983,0
ENSG00000254984,0
ENSG00000254985,0
ENSG00000254986,6683
ENSG00000254987,1
ENSG00000254988,0
ENSG00000254989,0
ENSG00000254990,2
ENSG00000254991,0
ENSG00000254992,0
ENSG00000254993,0
ENSG00000254995,416
ENSG00000254996,209
ENSG00000254997,0
ENSG00000254998,0
ENSG00000254999,8992
ENSG00000255000,1
ENSG00000255001,0
ENSG00000255002,1
ENSG00000255003,0
ENSG00000255004,0
ENSG00000255005,0
ENSG00000255006,0
ENSG00000255007,75
ENSG00000255008,0
ENSG00000255009,0
ENSG00000255010,0
ENSG00000255011,0
ENSG00000255012,0
ENSG00000255014,0
ENSG00000255015,0
ENSG00000255016,0
ENSG00000255018,0
ENSG00000255019,0
ENSG00000255020,9
ENSG00000255021,0
ENSG00000255022,0
ENSG00000255025,0
ENSG00000255026,198
ENSG00000255027,0
ENSG00000255028,1
ENSG00000255029,0
ENSG00000255030,0
ENSG00000255031,27
ENSG00000255032,0
ENSG00000255033,0
ENSG00000255035,0
ENSG00000255036,11
ENSG00000255037,0
ENSG00000255038,6
ENSG00000255039,0
ENSG00000255040,0
ENSG00000255041,0
ENSG00000255042,0
ENSG00000255043,0
ENSG00000255045,1
ENSG00000255046,18
ENSG00000255047,0
ENSG00000255048,2
ENSG00000255050,1
ENSG00000255051,0
ENSG00000255052,3
ENSG00000255053,0
ENSG00000255054,1
ENSG00000255055,0
ENSG00000255057,0
ENSG00000255058,0
ENSG00000255059,1
ENSG00000255060,0
ENSG00000255062,76
ENSG00000255063,1
ENSG00000255065,0
ENSG00000255067,0
ENSG00000255069,0
ENSG00000255070,0
ENSG00000255071,0
ENSG00000255072,0
ENSG00000255073,0
ENSG00000255074,1
ENSG00000255075,0
ENSG00000255076,0
ENSG00000255077,0
ENSG00000255078,0
ENSG00000255079,1
ENSG00000255080,1
ENSG00000255081,1
ENSG00000255082,0
ENSG00000255083,0
ENSG00000255084,0
ENSG00000255085,94
ENSG00000255086,0
ENSG00000255087,0
ENSG00000255088,0
ENSG00000255089,1
ENSG00000255090,1
ENSG00000255091,6
ENSG00000255092,0
ENSG00000255093,0
ENSG00000255094,0
ENSG00000255095,0
ENSG00000255096,0
ENSG00000255097,0
ENSG00000255099,0
ENSG00000255100,13
ENSG00000255101,0
ENSG00000255102,0
ENSG00000255104,1
ENSG00000255105,0
ENSG00000255106,0
ENSG00000255107,0
ENSG00000255108,11
ENSG00000255109,0
ENSG00000255110,0
ENSG00000255111,0
ENSG00000255112,2716
ENSG00000255113,0
ENSG00000255114,5
ENSG00000255115,0
ENSG00000255116,0
ENSG00000255117,0
ENSG00000255118,0
ENSG00000255119,0
ENSG00000255120,6
ENSG00000255121,46
ENSG00000255122,1
ENSG00000255123,0
ENSG00000255124,0
ENSG00000255125,0
ENSG00000255126,0
ENSG00000255127,0
ENSG00000255128,0
ENSG00000255129,4
ENSG00000255130,0
ENSG00000255131,0
ENSG00000255132,0
ENSG00000255133,0
ENSG00000255134,0
ENSG00000255135,76
ENSG00000255136,1
ENSG00000255138,0
ENSG00000255139,16
ENSG00000255140,0
ENSG00000255141,0
ENSG00000255142,10
ENSG00000255143,0
ENSG00000255144,0
ENSG00000255145,90
ENSG00000255146,0
ENSG00000255147,0
ENSG00000255148,0
ENSG00000255149,0
ENSG00000255150,62
ENSG00000255151,5
ENSG00000255152,105
ENSG00000255153,80
ENSG00000255154,2
ENSG00000255155,0
ENSG00000255156,0
ENSG00000255157,0
ENSG00000255158,5
ENSG00000255159,0
ENSG00000255160,6
ENSG00000255161,0
ENSG00000255162,0
ENSG00000255163,0
ENSG00000255164,0
ENSG00000255165,9
ENSG00000255166,0
ENSG00000255167,0
ENSG00000255169,0
ENSG00000255170,0
ENSG00000255171,0
ENSG00000255172,0
ENSG00000255173,0
ENSG00000255174,0
ENSG00000255175,0
ENSG00000255176,1
ENSG00000255177,0
ENSG00000255178,0
ENSG00000255179,0
ENSG00000255181,0
ENSG00000255182,117
ENSG00000255183,0
ENSG00000255184,0
ENSG00000255185,11
ENSG00000255186,0
ENSG00000255187,0
ENSG00000255188,0
ENSG00000255189,4
ENSG00000255190,0
ENSG00000255191,1
ENSG00000255192,3
ENSG00000255193,0
ENSG00000255194,0
ENSG00000255196,0
ENSG00000255197,98
ENSG00000255198,130
ENSG00000255199,0
ENSG00000255200,13
ENSG00000255201,38
ENSG00000255202,0
ENSG00000255203,0
ENSG00000255204,0
ENSG00000255205,0
ENSG00000255206,0
ENSG00000255207,0
ENSG00000255208,0
ENSG00000255209,0
ENSG00000255210,0
ENSG00000255211,0
ENSG00000255213,0
ENSG00000255214,0
ENSG00000255215,0
ENSG00000255216,0
ENSG00000255217,0
ENSG00000255218,0
ENSG00000255219,0
ENSG00000255220,0
ENSG00000255221,1
ENSG00000255222,2
ENSG00000255223,0
ENSG00000255224,45
ENSG00000255225,0
ENSG00000255226,1
ENSG00000255227,0
ENSG00000255229,0
ENSG00000255230,0
ENSG00000255231,0
ENSG00000255232,0
ENSG00000255233,0
ENSG00000255234,2
ENSG00000255235,0
ENSG00000255236,3
ENSG00000255237,13
ENSG00000255238,0
ENSG00000255239,0
ENSG00000255240,51
ENSG00000255241,1
ENSG00000255243,0
ENSG00000255244,0
ENSG00000255245,0
ENSG00000255246,0
ENSG00000255247,0
ENSG00000255248,129
ENSG00000255250,25
ENSG00000255251,0
ENSG00000255252,0
ENSG00000255253,0
ENSG00000255254,0
ENSG00000255255,0
ENSG00000255256,0
ENSG00000255257,0
ENSG00000255258,0
ENSG00000255259,0
ENSG00000255260,1
ENSG00000255261,0
ENSG00000255262,0
ENSG00000255265,0
ENSG00000255266,0
ENSG00000255267,2
ENSG00000255268,0
ENSG00000255269,0
ENSG00000255270,0
ENSG00000255271,0
ENSG00000255272,0
ENSG00000255273,0
ENSG00000255274,0
ENSG00000255275,0
ENSG00000255276,1
ENSG00000255277,3
ENSG00000255279,0
ENSG00000255280,0
ENSG00000255281,0
ENSG00000255282,0
ENSG00000255283,0
ENSG00000255284,163
ENSG00000255285,0
ENSG00000255286,0
ENSG00000255287,0
ENSG00000255288,0
ENSG00000255289,0
ENSG00000255291,1
ENSG00000255292,1
ENSG00000255293,0
ENSG00000255294,0
ENSG00000255295,0
ENSG00000255296,0
ENSG00000255297,0
ENSG00000255298,0
ENSG00000255299,0
ENSG00000255300,0
ENSG00000255301,0
ENSG00000255302,15507
ENSG00000255303,0
ENSG00000255304,0
ENSG00000255305,0
ENSG00000255306,12
ENSG00000255307,0
ENSG00000255308,0
ENSG00000255309,0
ENSG00000255310,52
ENSG00000255311,0
ENSG00000255312,0
ENSG00000255313,0
ENSG00000255314,0
ENSG00000255315,0
ENSG00000255316,0
ENSG00000255317,0
ENSG00000255318,0
ENSG00000255319,0
ENSG00000255320,61
ENSG00000255321,0
ENSG00000255322,11
ENSG00000255323,0
ENSG00000255325,0
ENSG00000255326,14
ENSG00000255327,0
ENSG00000255328,22
ENSG00000255329,5
ENSG00000255330,9
ENSG00000255331,0
ENSG00000255332,0
ENSG00000255333,0
ENSG00000255334,1
ENSG00000255335,0
ENSG00000255336,0
ENSG00000255337,2
ENSG00000255338,0
ENSG00000255339,4
ENSG00000255340,0
ENSG00000255341,0
ENSG00000255342,0
ENSG00000255343,1
ENSG00000255344,0
ENSG00000255345,0
ENSG00000255346,742
ENSG00000255347,0
ENSG00000255348,1
ENSG00000255349,0
ENSG00000255350,0
ENSG00000255351,0
ENSG00000255352,0
ENSG00000255353,2
ENSG00000255354,0
ENSG00000255355,4
ENSG00000255356,0
ENSG00000255357,0
ENSG00000255358,0
ENSG00000255359,0
ENSG00000255360,0
ENSG00000255361,0
ENSG00000255362,7
ENSG00000255363,3
ENSG00000255364,0
ENSG00000255365,0
ENSG00000255366,283
ENSG00000255367,24
ENSG00000255368,0
ENSG00000255369,0
ENSG00000255370,0
ENSG00000255371,0
ENSG00000255372,0
ENSG00000255374,1
ENSG00000255375,0
ENSG00000255376,0
ENSG00000255377,0
ENSG00000255378,0
ENSG00000255379,0
ENSG00000255380,0
ENSG00000255381,0
ENSG00000255382,0
ENSG00000255384,2
ENSG00000255385,0
ENSG00000255386,0
ENSG00000255387,0
ENSG00000255388,0
ENSG00000255389,43
ENSG00000255390,0
ENSG00000255391,0
ENSG00000255393,0
ENSG00000255394,0
ENSG00000255395,1
ENSG00000255396,0
ENSG00000255397,2
ENSG00000255398,19
ENSG00000255399,15
ENSG00000255400,0
ENSG00000255401,0
ENSG00000255402,0
ENSG00000255403,0
ENSG00000255404,0
ENSG00000255406,0
ENSG00000255408,3
ENSG00000255409,0
ENSG00000255410,0
ENSG00000255411,0
ENSG00000255413,0
ENSG00000255414,0
ENSG00000255415,0
ENSG00000255416,0
ENSG00000255417,0
ENSG00000255418,13
ENSG00000255420,0
ENSG00000255421,4
ENSG00000255422,2
ENSG00000255423,34
ENSG00000255424,0
ENSG00000255425,0
ENSG00000255426,0
ENSG00000255427,0
ENSG00000255428,0
ENSG00000255429,0
ENSG00000255430,0
ENSG00000255431,0
ENSG00000255432,1
ENSG00000255433,0
ENSG00000255434,9
ENSG00000255435,52
ENSG00000255437,0
ENSG00000255438,0
ENSG00000255439,0
ENSG00000255440,0
ENSG00000255441,0
ENSG00000255442,2
ENSG00000255443,13
ENSG00000255444,0
ENSG00000255445,2
ENSG00000255446,0
ENSG00000255447,0
ENSG00000255448,0
ENSG00000255449,3
ENSG00000255450,0
ENSG00000255451,0
ENSG00000255452,0
ENSG00000255454,0
ENSG00000255455,446
ENSG00000255456,0
ENSG00000255457,0
ENSG00000255458,39
ENSG00000255459,0
ENSG00000255460,0
ENSG00000255461,0
ENSG00000255462,5
ENSG00000255463,0
ENSG00000255464,0
ENSG00000255465,2
ENSG00000255466,0
ENSG00000255467,0
ENSG00000255468,178
ENSG00000255469,0
ENSG00000255470,0
ENSG00000255471,24
ENSG00000255472,0
ENSG00000255474,1
ENSG00000255475,0
ENSG00000255476,0
ENSG00000255477,0
ENSG00000255478,0
ENSG00000255479,1
ENSG00000255480,1
ENSG00000255481,0
ENSG00000255482,0
ENSG00000255483,0
ENSG00000255484,1
ENSG00000255485,0
ENSG00000255486,0
ENSG00000255487,1
ENSG00000255489,0
ENSG00000255490,0
ENSG00000255491,2
ENSG00000255492,0
ENSG00000255493,0
ENSG00000255494,0
ENSG00000255495,9
ENSG00000255496,0
ENSG00000255497,0
ENSG00000255498,0
ENSG00000255499,0
ENSG00000255500,0
ENSG00000255501,0
ENSG00000255502,0
ENSG00000255503,1
ENSG00000255504,38
ENSG00000255505,0
ENSG00000255506,0
ENSG00000255507,2
ENSG00000255508,169
ENSG00000255510,0
ENSG00000255511,0
ENSG00000255512,0
ENSG00000255513,0
ENSG00000255514,0
ENSG00000255515,0
ENSG00000255516,0
ENSG00000255517,239
ENSG00000255518,0
ENSG00000255519,0
ENSG00000255520,2
ENSG00000255521,23
ENSG00000255522,0
ENSG00000255523,0
ENSG00000255524,1
ENSG00000255525,4
ENSG00000255526,1
ENSG00000255527,0
ENSG00000255528,0
ENSG00000255529,1262
ENSG00000255530,0
ENSG00000255531,0
ENSG00000255532,0
ENSG00000255533,1
ENSG00000255534,0
ENSG00000255535,0
ENSG00000255536,0
ENSG00000255537,0
ENSG00000255538,0
ENSG00000255539,0
ENSG00000255540,0
ENSG00000255541,0
ENSG00000255542,0
ENSG00000255543,0
ENSG00000255544,0
ENSG00000255545,0
ENSG00000255546,0
ENSG00000255547,0
ENSG00000255548,1
ENSG00000255549,0
ENSG00000255550,0
ENSG00000255551,0
ENSG00000255552,0
ENSG00000255553,0
ENSG00000255554,0
ENSG00000255555,0
ENSG00000255556,1
ENSG00000255557,9
ENSG00000255558,0
ENSG00000255559,14
ENSG00000255560,0
ENSG00000255561,103
ENSG00000255562,0
ENSG00000255563,0
ENSG00000255565,0
ENSG00000255566,3
ENSG00000255568,33
ENSG00000255569,0
ENSG00000255571,27
ENSG00000255572,0
ENSG00000255575,0
ENSG00000255580,0
ENSG00000255581,0
ENSG00000255582,1
ENSG00000255583,0
ENSG00000255585,33
ENSG00000255587,7
ENSG00000255595,0
ENSG00000255599,0
ENSG00000255605,0
ENSG00000255606,15
ENSG00000255608,0
ENSG00000255618,0
ENSG00000255621,11
ENSG00000255622,1
ENSG00000255624,5
ENSG00000255627,0
ENSG00000255628,0
ENSG00000255629,0
ENSG00000255633,2
ENSG00000255639,1
ENSG00000255641,4
ENSG00000255642,7
ENSG00000255644,5
ENSG00000255647,6
ENSG00000255648,0
ENSG00000255649,1
ENSG00000255650,40
ENSG00000255652,2
ENSG00000255653,0
ENSG00000255655,5
ENSG00000255660,1
ENSG00000255663,0
ENSG00000255664,0
ENSG00000255666,0
ENSG00000255669,2
ENSG00000255670,7
ENSG00000255671,1
ENSG00000255672,3
ENSG00000255679,0
ENSG00000255680,1
ENSG00000255686,0
ENSG00000255689,0
ENSG00000255690,1631
ENSG00000255692,0
ENSG00000255693,8
ENSG00000255700,0
ENSG00000255703,0
ENSG00000255704,0
ENSG00000255710,2
ENSG00000255713,0
ENSG00000255714,0
ENSG00000255717,786
ENSG00000255723,2
ENSG00000255725,0
ENSG00000255726,0
ENSG00000255727,52
ENSG00000255730,0
ENSG00000255733,0
ENSG00000255734,1
ENSG00000255737,1292
ENSG00000255740,0
ENSG00000255741,18
ENSG00000255745,0
ENSG00000255746,0
ENSG00000255749,0
ENSG00000255750,0
ENSG00000255753,1
ENSG00000255757,0
ENSG00000255760,0
ENSG00000255763,0
ENSG00000255767,0
ENSG00000255769,80
ENSG00000255772,1
ENSG00000255774,12
ENSG00000255775,0
ENSG00000255776,0
ENSG00000255778,0
ENSG00000255780,0
ENSG00000255786,0
ENSG00000255790,0
ENSG00000255794,20
ENSG00000255801,0
ENSG00000255804,0
ENSG00000255807,1
ENSG00000255808,0
ENSG00000255811,0
ENSG00000255814,0
ENSG00000255815,16
ENSG00000255817,1
ENSG00000255819,10
ENSG00000255823,11
ENSG00000255825,0
ENSG00000255829,0
ENSG00000255830,0
ENSG00000255833,9
ENSG00000255835,0
ENSG00000255836,94
ENSG00000255837,24
ENSG00000255838,1
ENSG00000255839,0
ENSG00000255843,1
ENSG00000255845,0
ENSG00000255847,1
ENSG00000255850,1
ENSG00000255851,0
ENSG00000255853,0
ENSG00000255855,0
ENSG00000255856,1
ENSG00000255857,259
ENSG00000255858,1
ENSG00000255860,3
ENSG00000255863,0
ENSG00000255864,1
ENSG00000255866,0
ENSG00000255867,2
ENSG00000255870,0
ENSG00000255871,0
ENSG00000255872,0
ENSG00000255874,362
ENSG00000255875,1
ENSG00000255882,0
ENSG00000255883,7
ENSG00000255885,0
ENSG00000255886,1
ENSG00000255892,0
ENSG00000255893,3
ENSG00000255899,0
ENSG00000255900,0
ENSG00000255903,0
ENSG00000255909,0
ENSG00000255910,1
ENSG00000255916,0
ENSG00000255919,0
ENSG00000255920,0
ENSG00000255921,0
ENSG00000255923,0
ENSG00000255928,0
ENSG00000255929,0
ENSG00000255931,3
ENSG00000255933,1
ENSG00000255944,0
ENSG00000255945,0
ENSG00000255946,0
ENSG00000255947,0
ENSG00000255949,0
ENSG00000255951,0
ENSG00000255958,0
ENSG00000255959,0
ENSG00000255960,1
ENSG00000255964,0
ENSG00000255965,0
ENSG00000255966,11
ENSG00000255967,1
ENSG00000255968,9
ENSG00000255970,1
ENSG00000255972,0
ENSG00000255973,0
ENSG00000255974,15
ENSG00000255976,0
ENSG00000255977,0
ENSG00000255980,29
ENSG00000255982,0
ENSG00000255983,58
ENSG00000255986,0
ENSG00000255987,2
ENSG00000255988,0
ENSG00000255991,2
ENSG00000255992,3
ENSG00000255993,2
ENSG00000255995,0
ENSG00000255996,0
ENSG00000255998,0
ENSG00000256001,2
ENSG00000256004,0
ENSG00000256006,4
ENSG00000256007,0
ENSG00000256008,2
ENSG00000256011,0
ENSG00000256013,0
ENSG00000256019,0
ENSG00000256020,1
ENSG00000256021,0
ENSG00000256022,0
ENSG00000256025,0
ENSG00000256028,21
ENSG00000256029,1
ENSG00000256030,4
ENSG00000256031,0
ENSG00000256034,0
ENSG00000256035,0
ENSG00000256037,0
ENSG00000256039,7
ENSG00000256040,0
ENSG00000256041,0
ENSG00000256043,1905
ENSG00000256044,0
ENSG00000256045,5
ENSG00000256050,12
ENSG00000256053,1152
ENSG00000256056,0
ENSG00000256060,351
ENSG00000256061,117
ENSG00000256064,0
ENSG00000256069,2
ENSG00000256070,0
ENSG00000256071,0
ENSG00000256072,0
ENSG00000256073,268
ENSG00000256075,0
ENSG00000256077,0
ENSG00000256079,0
ENSG00000256081,0
ENSG00000256083,0
ENSG00000256084,3
ENSG00000256085,0
ENSG00000256087,513
ENSG00000256091,1
ENSG00000256092,26
ENSG00000256093,0
ENSG00000256098,0
ENSG00000256100,0
ENSG00000256101,2
ENSG00000256103,0
ENSG00000256108,0
ENSG00000256115,1
ENSG00000256116,0
ENSG00000256120,0
ENSG00000256124,54
ENSG00000256125,0
ENSG00000256128,3
ENSG00000256134,1
ENSG00000256136,0
ENSG00000256137,0
ENSG00000256138,0
ENSG00000256139,21
ENSG00000256146,0
ENSG00000256148,3
ENSG00000256149,0
ENSG00000256150,0
ENSG00000256151,0
ENSG00000256152,0
ENSG00000256155,1
ENSG00000256157,1
ENSG00000256159,0
ENSG00000256162,5
ENSG00000256164,2
ENSG00000256166,41
ENSG00000256167,2
ENSG00000256171,1
ENSG00000256172,0
ENSG00000256176,0
ENSG00000256181,0
ENSG00000256185,64
ENSG00000256188,1
ENSG00000256189,1
ENSG00000256192,0
ENSG00000256193,0
ENSG00000256195,0
ENSG00000256196,1
ENSG00000256197,0
ENSG00000256199,2
ENSG00000256204,0
ENSG00000256206,1
ENSG00000256209,1
ENSG00000256210,26
ENSG00000256211,1
ENSG00000256218,0
ENSG00000256220,0
ENSG00000256221,0
ENSG00000256222,1
ENSG00000256223,437
ENSG00000256226,0
ENSG00000256229,460
ENSG00000256232,0
ENSG00000256234,62
ENSG00000256235,625
ENSG00000256237,1
ENSG00000256238,12
ENSG00000256243,1
ENSG00000256248,1
ENSG00000256249,1
ENSG00000256250,0
ENSG00000256254,0
ENSG00000256256,0
ENSG00000256257,0
ENSG00000256258,0
ENSG00000256259,0
ENSG00000256262,18
ENSG00000256263,0
ENSG00000256268,1
ENSG00000256269,970
ENSG00000256271,2
ENSG00000256273,0
ENSG00000256274,1
ENSG00000256276,0
ENSG00000256278,8
ENSG00000256280,0
ENSG00000256281,0
ENSG00000256282,9
ENSG00000256283,0
ENSG00000256285,0
ENSG00000256286,0
ENSG00000256287,0
ENSG00000256288,1
ENSG00000256292,0
ENSG00000256293,1
ENSG00000256294,272
ENSG00000256298,0
ENSG00000256299,0
ENSG00000256304,77
ENSG00000256306,1
ENSG00000256310,0
ENSG00000256311,0
ENSG00000256312,7
ENSG00000256314,0
ENSG00000256315,0
ENSG00000256321,0
ENSG00000256325,0
ENSG00000256331,0
ENSG00000256338,29
ENSG00000256339,0
ENSG00000256340,2
ENSG00000256341,0
ENSG00000256342,0
ENSG00000256343,0
ENSG00000256346,0
ENSG00000256347,0
ENSG00000256349,1
ENSG00000256350,0
ENSG00000256351,1
ENSG00000256353,0
ENSG00000256355,0
ENSG00000256356,2
ENSG00000256357,16
ENSG00000256358,0
ENSG00000256361,0
ENSG00000256362,0
ENSG00000256364,0
ENSG00000256371,0
ENSG00000256372,0
ENSG00000256374,0
ENSG00000256377,6
ENSG00000256378,0
ENSG00000256379,0
ENSG00000256381,0
ENSG00000256385,0
ENSG00000256389,0
ENSG00000256393,182
ENSG00000256394,9
ENSG00000256399,0
ENSG00000256400,0
ENSG00000256403,0
ENSG00000256407,2
ENSG00000256417,59
ENSG00000256420,0
ENSG00000256422,0
ENSG00000256424,0
ENSG00000256427,0
ENSG00000256433,71
ENSG00000256436,8
ENSG00000256440,0
ENSG00000256441,0
ENSG00000256442,2
ENSG00000256443,45
ENSG00000256448,1
ENSG00000256450,0
ENSG00000256452,0
ENSG00000256453,0
ENSG00000256458,0
ENSG00000256462,0
ENSG00000256463,1
ENSG00000256464,3
ENSG00000256465,0
ENSG00000256469,0
ENSG00000256473,0
ENSG00000256474,0
ENSG00000256480,0
ENSG00000256481,0
ENSG00000256482,0
ENSG00000256484,0
ENSG00000256494,0
ENSG00000256496,0
ENSG00000256499,0
ENSG00000256500,0
ENSG00000256502,0
ENSG00000256504,0
ENSG00000256508,1
ENSG00000256512,0
ENSG00000256513,0
ENSG00000256514,0
ENSG00000256518,0
ENSG00000256525,461
ENSG00000256533,0
ENSG00000256537,1866
ENSG00000256538,1
ENSG00000256540,123
ENSG00000256542,0
ENSG00000256546,12
ENSG00000256551,0
ENSG00000256552,28
ENSG00000256553,0
ENSG00000256557,0
ENSG00000256560,0
ENSG00000256563,0
ENSG00000256564,1
ENSG00000256566,4
ENSG00000256568,1
ENSG00000256569,0
ENSG00000256571,4
ENSG00000256574,13
ENSG00000256576,79
ENSG00000256577,0
ENSG00000256581,0
ENSG00000256582,1
ENSG00000256588,0
ENSG00000256589,4
ENSG00000256590,1
ENSG00000256591,49
ENSG00000256594,98
ENSG00000256596,4
ENSG00000256597,0
ENSG00000256603,0
ENSG00000256609,0
ENSG00000256612,479
ENSG00000256614,0
ENSG00000256615,2
ENSG00000256616,7
ENSG00000256618,5
ENSG00000256625,9
ENSG00000256626,0
ENSG00000256627,0
ENSG00000256628,122
ENSG00000256630,0
ENSG00000256632,0
ENSG00000256633,4
ENSG00000256637,0
ENSG00000256640,0
ENSG00000256642,0
ENSG00000256643,0
ENSG00000256646,1
ENSG00000256650,9
ENSG00000256651,4
ENSG00000256654,0
ENSG00000256657,0
ENSG00000256658,0
ENSG00000256659,0
ENSG00000256660,0
ENSG00000256661,0
ENSG00000256663,5
ENSG00000256664,0
ENSG00000256667,59
ENSG00000256670,0
ENSG00000256671,0
ENSG00000256672,0
ENSG00000256673,9
ENSG00000256674,0
ENSG00000256678,9
ENSG00000256681,0
ENSG00000256682,4
ENSG00000256683,965
ENSG00000256684,0
ENSG00000256686,0
ENSG00000256690,9
ENSG00000256691,0
ENSG00000256694,258
ENSG00000256695,0
ENSG00000256699,0
ENSG00000256704,0
ENSG00000256705,1
ENSG00000256706,3
ENSG00000256708,0
ENSG00000256709,0
ENSG00000256712,1
ENSG00000256713,0
ENSG00000256714,0
ENSG00000256717,0
ENSG00000256720,0
ENSG00000256721,0
ENSG00000256723,1
ENSG00000256725,0
ENSG00000256732,0
ENSG00000256733,1
ENSG00000256734,0
ENSG00000256737,0
ENSG00000256739,0
ENSG00000256742,9
ENSG00000256745,10
ENSG00000256746,1
ENSG00000256747,1
ENSG00000256748,0
ENSG00000256750,0
ENSG00000256751,132
ENSG00000256752,0
ENSG00000256756,0
ENSG00000256757,1
ENSG00000256762,1
ENSG00000256763,0
ENSG00000256769,0
ENSG00000256771,741
ENSG00000256774,0
ENSG00000256777,0
ENSG00000256779,0
ENSG00000256783,1
ENSG00000256789,0
ENSG00000256790,0
ENSG00000256797,3
ENSG00000256799,2
ENSG00000256802,86
ENSG00000256803,0
ENSG00000256804,0
ENSG00000256806,118
ENSG00000256810,0
ENSG00000256811,0
ENSG00000256812,0
ENSG00000256813,0
ENSG00000256814,0
ENSG00000256817,0
ENSG00000256824,0
ENSG00000256825,0
ENSG00000256826,0
ENSG00000256827,4
ENSG00000256835,0
ENSG00000256837,0
ENSG00000256843,0
ENSG00000256844,0
ENSG00000256847,0
ENSG00000256849,1
ENSG00000256851,0
ENSG00000256852,0
ENSG00000256861,0
ENSG00000256862,1
ENSG00000256863,0
ENSG00000256870,1
ENSG00000256875,0
ENSG00000256879,0
ENSG00000256884,2
ENSG00000256888,0
ENSG00000256892,0
ENSG00000256894,122
ENSG00000256896,0
ENSG00000256897,3
ENSG00000256898,0
ENSG00000256902,0
ENSG00000256904,0
ENSG00000256906,1
ENSG00000256912,0
ENSG00000256913,1
ENSG00000256915,0
ENSG00000256916,0
ENSG00000256917,0
ENSG00000256922,0
ENSG00000256923,0
ENSG00000256925,0
ENSG00000256927,0
ENSG00000256928,0
ENSG00000256937,0
ENSG00000256940,7
ENSG00000256943,0
ENSG00000256944,0
ENSG00000256947,0
ENSG00000256948,1
ENSG00000256950,2
ENSG00000256951,0
ENSG00000256953,0
ENSG00000256955,0
ENSG00000256963,0
ENSG00000256966,2
ENSG00000256967,51
ENSG00000256968,24
ENSG00000256969,0
ENSG00000256971,0
ENSG00000256972,0
ENSG00000256973,2
ENSG00000256975,0
ENSG00000256977,0
ENSG00000256980,22
ENSG00000256981,0
ENSG00000256982,43
ENSG00000256984,1
ENSG00000256986,0
ENSG00000256987,1
ENSG00000256988,0
ENSG00000256994,0
ENSG00000256995,0
ENSG00000257000,0
ENSG00000257002,3
ENSG00000257004,0
ENSG00000257005,0
ENSG00000257008,0
ENSG00000257009,0
ENSG00000257012,0
ENSG00000257016,0
ENSG00000257017,1
ENSG00000257021,0
ENSG00000257022,0
ENSG00000257023,0
ENSG00000257025,0
ENSG00000257027,44
ENSG00000257035,0
ENSG00000257037,0
ENSG00000257038,2
ENSG00000257042,0
ENSG00000257043,0
ENSG00000257045,0
ENSG00000257046,0
ENSG00000257048,3
ENSG00000257052,17
ENSG00000257053,0
ENSG00000257056,0
ENSG00000257057,0
ENSG00000257058,4
ENSG00000257060,1
ENSG00000257061,0
ENSG00000257062,0
ENSG00000257065,0
ENSG00000257067,0
ENSG00000257069,0
ENSG00000257070,0
ENSG00000257074,0
ENSG00000257075,0
ENSG00000257078,0
ENSG00000257083,0
ENSG00000257084,175
ENSG00000257086,27
ENSG00000257087,0
ENSG00000257093,5657
ENSG00000257094,0
ENSG00000257095,0
ENSG00000257096,0
ENSG00000257097,2
ENSG00000257101,0
ENSG00000257103,5025
ENSG00000257105,0
ENSG00000257108,916
ENSG00000257109,0
ENSG00000257110,0
ENSG00000257113,1
ENSG00000257114,0
ENSG00000257115,0
ENSG00000257119,0
ENSG00000257120,0
ENSG00000257121,0
ENSG00000257122,110
ENSG00000257124,0
ENSG00000257125,0
ENSG00000257126,0
ENSG00000257127,0
ENSG00000257128,0
ENSG00000257129,1
ENSG00000257135,17
ENSG00000257137,0
ENSG00000257138,0
ENSG00000257139,2
ENSG00000257141,0
ENSG00000257142,0
ENSG00000257146,0
ENSG00000257150,3
ENSG00000257151,197
ENSG00000257155,0
ENSG00000257156,1
ENSG00000257157,0
ENSG00000257159,3
ENSG00000257162,0
ENSG00000257164,0
ENSG00000257165,1
ENSG00000257167,57
ENSG00000257169,1
ENSG00000257171,0
ENSG00000257173,0
ENSG00000257175,0
ENSG00000257176,105
ENSG00000257178,0
ENSG00000257179,0
ENSG00000257180,0
ENSG00000257181,0
ENSG00000257183,0
ENSG00000257184,0
ENSG00000257185,0
ENSG00000257191,1
ENSG00000257193,0
ENSG00000257194,0
ENSG00000257195,1
ENSG00000257198,0
ENSG00000257199,0
ENSG00000257202,4
ENSG00000257207,7
ENSG00000257210,1
ENSG00000257218,1401
ENSG00000257219,5
ENSG00000257220,0
ENSG00000257221,1
ENSG00000257222,5
ENSG00000257224,0
ENSG00000257225,0
ENSG00000257226,0
ENSG00000257228,0
ENSG00000257230,0
ENSG00000257231,1
ENSG00000257235,0
ENSG00000257237,0
ENSG00000257239,0
ENSG00000257241,0
ENSG00000257242,3
ENSG00000257243,0
ENSG00000257246,24
ENSG00000257252,16
ENSG00000257253,0
ENSG00000257254,0
ENSG00000257256,0
ENSG00000257258,2
ENSG00000257259,1
ENSG00000257261,263
ENSG00000257262,0
ENSG00000257264,0
ENSG00000257265,0
ENSG00000257267,1824
ENSG00000257268,0
ENSG00000257270,65
ENSG00000257271,0
ENSG00000257272,0
ENSG00000257275,1
ENSG00000257277,0
ENSG00000257279,3
ENSG00000257281,0
ENSG00000257283,5
ENSG00000257284,0
ENSG00000257285,8
ENSG00000257286,0
ENSG00000257287,0
ENSG00000257288,0
ENSG00000257289,0
ENSG00000257292,0
ENSG00000257294,0
ENSG00000257296,0
ENSG00000257298,7
ENSG00000257300,0
ENSG00000257302,1
ENSG00000257303,59
ENSG00000257307,3
ENSG00000257308,0
ENSG00000257310,0
ENSG00000257315,163
ENSG00000257316,0
ENSG00000257319,0
ENSG00000257322,8
ENSG00000257323,0
ENSG00000257325,0
ENSG00000257327,10
ENSG00000257329,0
ENSG00000257331,0
ENSG00000257332,0
ENSG00000257335,3413
ENSG00000257336,0
ENSG00000257337,4654
ENSG00000257341,0
ENSG00000257342,0
ENSG00000257343,0
ENSG00000257345,0
ENSG00000257346,0
ENSG00000257350,0
ENSG00000257354,82
ENSG00000257355,0
ENSG00000257356,0
ENSG00000257359,0
ENSG00000257360,0
ENSG00000257364,0
ENSG00000257365,395
ENSG00000257366,0
ENSG00000257368,0
ENSG00000257373,0
ENSG00000257376,2
ENSG00000257378,0
ENSG00000257379,3
ENSG00000257381,0
ENSG00000257384,2
ENSG00000257386,0
ENSG00000257389,0
ENSG00000257390,9
ENSG00000257391,1
ENSG00000257392,0
ENSG00000257395,0
ENSG00000257398,1
ENSG00000257400,0
ENSG00000257402,0
ENSG00000257403,1
ENSG00000257404,0
ENSG00000257405,0
ENSG00000257407,0
ENSG00000257408,0
ENSG00000257410,0
ENSG00000257411,0
ENSG00000257414,0
ENSG00000257415,0
ENSG00000257426,1
ENSG00000257429,8
ENSG00000257431,0
ENSG00000257432,0
ENSG00000257433,34
ENSG00000257434,5
ENSG00000257435,0
ENSG00000257438,0
ENSG00000257443,0
ENSG00000257444,0
ENSG00000257446,4
ENSG00000257449,3
ENSG00000257452,0
ENSG00000257453,0
ENSG00000257454,0
ENSG00000257456,0
ENSG00000257458,0
ENSG00000257464,1
ENSG00000257465,0
ENSG00000257467,9
ENSG00000257470,1
ENSG00000257472,0
ENSG00000257474,1
ENSG00000257475,4
ENSG00000257476,0
ENSG00000257477,2
ENSG00000257480,0
ENSG00000257488,4
ENSG00000257489,32
ENSG00000257493,0
ENSG00000257494,0
ENSG00000257495,1
ENSG00000257496,5
ENSG00000257497,30
ENSG00000257500,0
ENSG00000257501,0
ENSG00000257503,1
ENSG00000257504,0
ENSG00000257506,0
ENSG00000257507,2
ENSG00000257509,7
ENSG00000257510,0
ENSG00000257511,35
ENSG00000257512,73
ENSG00000257513,2
ENSG00000257514,0
ENSG00000257515,0
ENSG00000257517,4
ENSG00000257519,0
ENSG00000257520,0
ENSG00000257522,0
ENSG00000257523,0
ENSG00000257524,13
ENSG00000257526,6
ENSG00000257527,0
ENSG00000257528,0
ENSG00000257529,0
ENSG00000257530,0
ENSG00000257531,1
ENSG00000257534,2
ENSG00000257539,2
ENSG00000257541,0
ENSG00000257542,15
ENSG00000257543,9
ENSG00000257545,0
ENSG00000257548,0
ENSG00000257550,1
ENSG00000257551,1
ENSG00000257553,0
ENSG00000257556,205
ENSG00000257557,141
ENSG00000257558,0
ENSG00000257563,0
ENSG00000257564,0
ENSG00000257568,0
ENSG00000257569,0
ENSG00000257570,0
ENSG00000257572,0
ENSG00000257576,11
ENSG00000257579,0
ENSG00000257580,0
ENSG00000257582,0
ENSG00000257583,0
ENSG00000257585,0
ENSG00000257586,0
ENSG00000257587,0
ENSG00000257588,0
ENSG00000257591,13
ENSG00000257594,2
ENSG00000257595,2
ENSG00000257596,10
ENSG00000257599,2
ENSG00000257603,0
ENSG00000257604,12
ENSG00000257605,35
ENSG00000257607,0
ENSG00000257609,0
ENSG00000257611,0
ENSG00000257612,0
ENSG00000257613,11
ENSG00000257614,0
ENSG00000257616,0
ENSG00000257621,1055
ENSG00000257622,0
ENSG00000257624,6
ENSG00000257629,0
ENSG00000257634,0
ENSG00000257635,0
ENSG00000257636,0
ENSG00000257639,0
ENSG00000257640,0
ENSG00000257642,2
ENSG00000257643,0
ENSG00000257644,0
ENSG00000257645,0
ENSG00000257647,6
ENSG00000257648,0
ENSG00000257649,0
ENSG00000257653,0
ENSG00000257654,1
ENSG00000257657,0
ENSG00000257658,0
ENSG00000257660,57
ENSG00000257662,0
ENSG00000257663,0
ENSG00000257664,0
ENSG00000257666,0
ENSG00000257668,0
ENSG00000257671,0
ENSG00000257672,0
ENSG00000257674,2
ENSG00000257675,0
ENSG00000257677,0
ENSG00000257680,1
ENSG00000257681,41
ENSG00000257682,0
ENSG00000257683,2
ENSG00000257687,0
ENSG00000257691,0
ENSG00000257696,3
ENSG00000257698,559
ENSG00000257700,0
ENSG00000257702,286
ENSG00000257703,0
ENSG00000257704,457
ENSG00000257711,2
ENSG00000257715,0
ENSG00000257718,9
ENSG00000257720,0
ENSG00000257721,0
ENSG00000257723,0
ENSG00000257725,0
ENSG00000257726,2
ENSG00000257727,1600
ENSG00000257729,0
ENSG00000257730,0
ENSG00000257731,0
ENSG00000257732,1
ENSG00000257735,0
ENSG00000257737,0
ENSG00000257738,0
ENSG00000257740,38
ENSG00000257741,9
ENSG00000257743,7
ENSG00000257746,0
ENSG00000257747,0
ENSG00000257748,0
ENSG00000257750,0
ENSG00000257751,0
ENSG00000257752,6
ENSG00000257754,0
ENSG00000257756,0
ENSG00000257757,0
ENSG00000257758,0
ENSG00000257759,0
ENSG00000257761,0
ENSG00000257762,0
ENSG00000257763,0
ENSG00000257764,0
ENSG00000257766,0
ENSG00000257767,0
ENSG00000257769,0
ENSG00000257771,3
ENSG00000257773,0
ENSG00000257777,0
ENSG00000257779,0
ENSG00000257780,0
ENSG00000257781,9
ENSG00000257784,0
ENSG00000257786,1
ENSG00000257787,0
ENSG00000257790,9
ENSG00000257792,0
ENSG00000257794,0
ENSG00000257797,0
ENSG00000257800,63
ENSG00000257802,1
ENSG00000257803,0
ENSG00000257807,0
ENSG00000257808,10
ENSG00000257809,2
ENSG00000257813,0
ENSG00000257815,50
ENSG00000257817,40
ENSG00000257818,4
ENSG00000257820,0
ENSG00000257823,1
ENSG00000257824,0
ENSG00000257825,0
ENSG00000257826,0
ENSG00000257829,0
ENSG00000257830,0
ENSG00000257831,2
ENSG00000257835,0
ENSG00000257837,0
ENSG00000257838,33
ENSG00000257839,0
ENSG00000257842,0
ENSG00000257844,0
ENSG00000257845,0
ENSG00000257846,0
ENSG00000257847,0
ENSG00000257848,1
ENSG00000257849,0
ENSG00000257851,3
ENSG00000257852,0
ENSG00000257853,0
ENSG00000257855,0
ENSG00000257858,0
ENSG00000257859,5
ENSG00000257860,0
ENSG00000257863,0
ENSG00000257864,1
ENSG00000257865,0
ENSG00000257869,0
ENSG00000257870,0
ENSG00000257872,0
ENSG00000257875,4
ENSG00000257878,0
ENSG00000257879,0
ENSG00000257880,0
ENSG00000257883,6
ENSG00000257884,0
ENSG00000257885,0
ENSG00000257886,0
ENSG00000257890,0
ENSG00000257891,0
ENSG00000257893,0
ENSG00000257894,25
ENSG00000257896,2
ENSG00000257897,0
ENSG00000257899,0
ENSG00000257900,2
ENSG00000257902,0
ENSG00000257904,0
ENSG00000257905,0
ENSG00000257906,0
ENSG00000257907,4
ENSG00000257910,2
ENSG00000257912,0
ENSG00000257913,8
ENSG00000257915,0
ENSG00000257918,2
ENSG00000257920,0
ENSG00000257921,5
ENSG00000257923,10523
ENSG00000257924,2
ENSG00000257925,0
ENSG00000257927,0
ENSG00000257932,0
ENSG00000257933,0
ENSG00000257935,0
ENSG00000257940,0
ENSG00000257941,0
ENSG00000257943,0
ENSG00000257947,0
ENSG00000257948,0
ENSG00000257949,5
ENSG00000257950,40
ENSG00000257951,94
ENSG00000257953,3
ENSG00000257954,4
ENSG00000257955,2
ENSG00000257956,15
ENSG00000257957,0
ENSG00000257958,1
ENSG00000257959,0
ENSG00000257962,0
ENSG00000257964,5
ENSG00000257966,3
ENSG00000257976,0
ENSG00000257979,0
ENSG00000257985,0
ENSG00000257986,1
ENSG00000257987,2
ENSG00000257989,0
ENSG00000257991,1
ENSG00000257994,0
ENSG00000257995,0
ENSG00000257997,0
ENSG00000257998,0
ENSG00000257999,0
ENSG00000258001,0
ENSG00000258007,0
ENSG00000258010,0
ENSG00000258011,0
ENSG00000258012,2
ENSG00000258013,0
ENSG00000258016,3
ENSG00000258017,5
ENSG00000258018,1
ENSG00000258021,0
ENSG00000258024,0
ENSG00000258026,4
ENSG00000258027,0
ENSG00000258028,0
ENSG00000258033,0
ENSG00000258034,5
ENSG00000258035,0
ENSG00000258036,0
ENSG00000258038,0
ENSG00000258039,0
ENSG00000258044,1
ENSG00000258045,22
ENSG00000258048,83
ENSG00000258050,0
ENSG00000258051,1
ENSG00000258052,0
ENSG00000258053,0
ENSG00000258056,624
ENSG00000258057,221
ENSG00000258064,0
ENSG00000258065,0
ENSG00000258066,1
ENSG00000258068,0
ENSG00000258071,0
ENSG00000258072,65
ENSG00000258073,0
ENSG00000258074,0
ENSG00000258076,0
ENSG00000258077,3
ENSG00000258080,0
ENSG00000258081,0
ENSG00000258082,4
ENSG00000258083,0
ENSG00000258084,0
ENSG00000258086,0
ENSG00000258088,0
ENSG00000258090,1
ENSG00000258091,0
ENSG00000258092,12
ENSG00000258096,0
ENSG00000258098,0
ENSG00000258099,8
ENSG00000258100,0
ENSG00000258101,22
ENSG00000258102,192
ENSG00000258104,0
ENSG00000258107,0
ENSG00000258108,0
ENSG00000258111,0
ENSG00000258112,2
ENSG00000258114,0
ENSG00000258115,0
ENSG00000258116,1
ENSG00000258117,0
ENSG00000258118,0
ENSG00000258119,0
ENSG00000258120,0
ENSG00000258121,0
ENSG00000258122,0
ENSG00000258123,0
ENSG00000258125,1
ENSG00000258128,1
ENSG00000258130,3
ENSG00000258131,5
ENSG00000258133,0
ENSG00000258134,0
ENSG00000258135,0
ENSG00000258136,15
ENSG00000258137,4
ENSG00000258140,0
ENSG00000258142,0
ENSG00000258144,0
ENSG00000258148,0
ENSG00000258150,1
ENSG00000258153,1
ENSG00000258154,0
ENSG00000258159,0
ENSG00000258162,0
ENSG00000258167,0
ENSG00000258168,3
ENSG00000258169,0
ENSG00000258170,0
ENSG00000258171,6
ENSG00000258172,0
ENSG00000258173,0
ENSG00000258175,0
ENSG00000258177,0
ENSG00000258178,0
ENSG00000258179,0
ENSG00000258181,6
ENSG00000258183,0
ENSG00000258184,0
ENSG00000258185,0
ENSG00000258186,0
ENSG00000258193,0
ENSG00000258196,0
ENSG00000258197,0
ENSG00000258199,150
ENSG00000258202,0
ENSG00000258203,3
ENSG00000258204,1
ENSG00000258205,0
ENSG00000258206,0
ENSG00000258210,5
ENSG00000258212,0
ENSG00000258214,0
ENSG00000258215,4
ENSG00000258216,2
ENSG00000258220,0
ENSG00000258223,0
ENSG00000258224,0
ENSG00000258225,0
ENSG00000258227,394
ENSG00000258230,1
ENSG00000258231,0
ENSG00000258232,0
ENSG00000258233,0
ENSG00000258234,0
ENSG00000258235,0
ENSG00000258239,0
ENSG00000258240,0
ENSG00000258244,0
ENSG00000258245,0
ENSG00000258247,0
ENSG00000258249,36
ENSG00000258251,0
ENSG00000258253,0
ENSG00000258254,0
ENSG00000258256,0
ENSG00000258260,0
ENSG00000258262,0
ENSG00000258265,0
ENSG00000258268,0
ENSG00000258271,0
ENSG00000258272,0
ENSG00000258273,1
ENSG00000258274,2
ENSG00000258275,0
ENSG00000258278,0
ENSG00000258279,0
ENSG00000258280,0
ENSG00000258282,1
ENSG00000258283,0
ENSG00000258284,2
ENSG00000258285,2
ENSG00000258288,0
ENSG00000258289,2140
ENSG00000258290,1
ENSG00000258292,0
ENSG00000258294,0
ENSG00000258297,1873
ENSG00000258300,1
ENSG00000258301,31
ENSG00000258302,22
ENSG00000258303,5
ENSG00000258304,0
ENSG00000258308,0
ENSG00000258311,20
ENSG00000258312,0
ENSG00000258313,0
ENSG00000258314,0
ENSG00000258315,87
ENSG00000258316,0
ENSG00000258317,0
ENSG00000258320,0
ENSG00000258323,0
ENSG00000258324,0
ENSG00000258325,15
ENSG00000258331,0
ENSG00000258332,0
ENSG00000258334,34
ENSG00000258336,0
ENSG00000258337,0
ENSG00000258338,0
ENSG00000258342,0
ENSG00000258343,0
ENSG00000258344,3
ENSG00000258345,0
ENSG00000258346,0
ENSG00000258350,0
ENSG00000258352,4
ENSG00000258354,0
ENSG00000258355,2
ENSG00000258357,2
ENSG00000258358,0
ENSG00000258359,8
ENSG00000258360,0
ENSG00000258364,0
ENSG00000258365,21
ENSG00000258366,55
ENSG00000258367,0
ENSG00000258368,0
ENSG00000258369,0
ENSG00000258373,1
ENSG00000258375,0
ENSG00000258376,80
ENSG00000258377,0
ENSG00000258378,3
ENSG00000258379,0
ENSG00000258380,0
ENSG00000258381,0
ENSG00000258383,0
ENSG00000258384,14
ENSG00000258385,0
ENSG00000258386,4
ENSG00000258387,0
ENSG00000258388,74
ENSG00000258390,2
ENSG00000258392,0
ENSG00000258393,0
ENSG00000258394,10
ENSG00000258397,0
ENSG00000258399,2
ENSG00000258400,2
ENSG00000258401,0
ENSG00000258402,0
ENSG00000258404,0
ENSG00000258405,15
ENSG00000258406,0
ENSG00000258407,0
ENSG00000258408,0
ENSG00000258410,0
ENSG00000258411,0
ENSG00000258412,0
ENSG00000258413,0
ENSG00000258414,11
ENSG00000258415,0
ENSG00000258416,1
ENSG00000258417,0
ENSG00000258418,0
ENSG00000258419,0
ENSG00000258420,0
ENSG00000258421,0
ENSG00000258422,0
ENSG00000258423,0
ENSG00000258424,13
ENSG00000258425,0
ENSG00000258426,0
ENSG00000258427,6
ENSG00000258428,0
ENSG00000258429,166
ENSG00000258430,0
ENSG00000258431,0
ENSG00000258433,0
ENSG00000258435,0
ENSG00000258436,0
ENSG00000258437,0
ENSG00000258438,0
ENSG00000258439,1
ENSG00000258440,0
ENSG00000258441,250
ENSG00000258443,3
ENSG00000258444,0
ENSG00000258445,0
ENSG00000258446,1
ENSG00000258448,1
ENSG00000258449,0
ENSG00000258450,2
ENSG00000258451,7
ENSG00000258452,0
ENSG00000258453,0
ENSG00000258454,10
ENSG00000258455,0
ENSG00000258456,0
ENSG00000258457,2
ENSG00000258458,6
ENSG00000258459,0
ENSG00000258460,0
ENSG00000258461,32
ENSG00000258462,0
ENSG00000258463,0
ENSG00000258464,0
ENSG00000258465,1
ENSG00000258466,1
ENSG00000258467,0
ENSG00000258468,0
ENSG00000258469,10
ENSG00000258471,7
ENSG00000258472,105
ENSG00000258473,0
ENSG00000258474,0
ENSG00000258476,3
ENSG00000258477,3
ENSG00000258478,0
ENSG00000258479,2
ENSG00000258480,0
ENSG00000258481,0
ENSG00000258482,0
ENSG00000258483,0
ENSG00000258484,726
ENSG00000258485,0
ENSG00000258486,0
ENSG00000258487,0
ENSG00000258488,3
ENSG00000258489,0
ENSG00000258490,0
ENSG00000258491,0
ENSG00000258493,0
ENSG00000258494,0
ENSG00000258496,0
ENSG00000258497,0
ENSG00000258498,5
ENSG00000258499,5
ENSG00000258500,1
ENSG00000258501,1
ENSG00000258502,0
ENSG00000258503,0
ENSG00000258504,0
ENSG00000258505,0
ENSG00000258506,0
ENSG00000258507,0
ENSG00000258509,0
ENSG00000258510,0
ENSG00000258511,0
ENSG00000258512,3
ENSG00000258513,0
ENSG00000258515,8
ENSG00000258516,0
ENSG00000258517,0
ENSG00000258519,0
ENSG00000258520,0
ENSG00000258521,5
ENSG00000258524,2
ENSG00000258525,0
ENSG00000258526,1
ENSG00000258527,2
ENSG00000258529,0
ENSG00000258531,0
ENSG00000258532,0
ENSG00000258534,102
ENSG00000258535,0
ENSG00000258536,0
ENSG00000258537,0
ENSG00000258538,1
ENSG00000258539,7
ENSG00000258540,0
ENSG00000258541,0
ENSG00000258542,0
ENSG00000258544,0
ENSG00000258545,0
ENSG00000258546,0
ENSG00000258548,0
ENSG00000258549,0
ENSG00000258550,1
ENSG00000258551,4
ENSG00000258552,0
ENSG00000258553,1
ENSG00000258554,0
ENSG00000258555,0
ENSG00000258556,1
ENSG00000258557,0
ENSG00000258558,0
ENSG00000258559,11
ENSG00000258560,1
ENSG00000258561,13
ENSG00000258562,0
ENSG00000258563,0
ENSG00000258564,0
ENSG00000258565,0
ENSG00000258566,0
ENSG00000258567,0
ENSG00000258568,17
ENSG00000258569,6
ENSG00000258570,0
ENSG00000258571,0
ENSG00000258572,9
ENSG00000258573,0
ENSG00000258576,0
ENSG00000258577,0
ENSG00000258578,0
ENSG00000258580,0
ENSG00000258581,2
ENSG00000258582,0
ENSG00000258583,0
ENSG00000258584,0
ENSG00000258585,0
ENSG00000258586,0
ENSG00000258587,0
ENSG00000258588,0
ENSG00000258590,21
ENSG00000258591,8
ENSG00000258592,44
ENSG00000258593,1
ENSG00000258594,0
ENSG00000258595,0
ENSG00000258597,0
ENSG00000258598,0
ENSG00000258599,1
ENSG00000258600,0
ENSG00000258601,0
ENSG00000258602,3
ENSG00000258603,14
ENSG00000258604,1
ENSG00000258605,1
ENSG00000258608,3
ENSG00000258609,0
ENSG00000258610,0
ENSG00000258611,0
ENSG00000258613,1
ENSG00000258615,1
ENSG00000258616,0
ENSG00000258618,0
ENSG00000258619,0
ENSG00000258620,3
ENSG00000258622,0
ENSG00000258623,4
ENSG00000258624,0
ENSG00000258625,0
ENSG00000258626,0
ENSG00000258627,0
ENSG00000258628,1
ENSG00000258629,0
ENSG00000258630,2
ENSG00000258631,0
ENSG00000258632,0
ENSG00000258633,0
ENSG00000258634,448
ENSG00000258636,0
ENSG00000258637,1
ENSG00000258638,0
ENSG00000258639,0
ENSG00000258640,1
ENSG00000258641,0
ENSG00000258642,0
ENSG00000258643,16
ENSG00000258644,10
ENSG00000258645,6
ENSG00000258646,4
ENSG00000258647,120
ENSG00000258648,1
ENSG00000258649,1
ENSG00000258650,1
ENSG00000258651,1
ENSG00000258652,0
ENSG00000258653,1
ENSG00000258654,0
ENSG00000258655,106
ENSG00000258656,0
ENSG00000258657,1
ENSG00000258658,2
ENSG00000258659,53
ENSG00000258660,0
ENSG00000258661,92
ENSG00000258662,0
ENSG00000258663,0
ENSG00000258665,0
ENSG00000258666,0
ENSG00000258667,2
ENSG00000258668,0
ENSG00000258670,0
ENSG00000258671,0
ENSG00000258672,0
ENSG00000258673,1
ENSG00000258674,58
ENSG00000258675,0
ENSG00000258676,54
ENSG00000258677,0
ENSG00000258678,0
ENSG00000258679,3
ENSG00000258680,0
ENSG00000258681,0
ENSG00000258682,17
ENSG00000258683,0
ENSG00000258684,0
ENSG00000258685,0
ENSG00000258687,0
ENSG00000258689,0
ENSG00000258690,0
ENSG00000258691,1
ENSG00000258692,0
ENSG00000258693,0
ENSG00000258694,1
ENSG00000258695,0
ENSG00000258696,1
ENSG00000258698,1
ENSG00000258699,0
ENSG00000258700,0
ENSG00000258701,87
ENSG00000258702,25
ENSG00000258703,0
ENSG00000258704,10
ENSG00000258705,0
ENSG00000258706,0
ENSG00000258707,0
ENSG00000258708,64
ENSG00000258710,0
ENSG00000258711,1
ENSG00000258712,0
ENSG00000258713,0
ENSG00000258716,0
ENSG00000258717,0
ENSG00000258718,0
ENSG00000258719,0
ENSG00000258721,0
ENSG00000258722,0
ENSG00000258723,0
ENSG00000258724,1
ENSG00000258725,11
ENSG00000258726,0
ENSG00000258727,166
ENSG00000258728,0
ENSG00000258729,0
ENSG00000258730,2
ENSG00000258731,2
ENSG00000258732,0
ENSG00000258733,6
ENSG00000258734,12
ENSG00000258735,10
ENSG00000258736,0
ENSG00000258737,0
ENSG00000258738,49
ENSG00000258739,0
ENSG00000258740,0
ENSG00000258741,15
ENSG00000258742,2
ENSG00000258743,0
ENSG00000258744,9
ENSG00000258745,5
ENSG00000258746,0
ENSG00000258747,0
ENSG00000258748,0
ENSG00000258749,0
ENSG00000258750,0
ENSG00000258751,0
ENSG00000258752,2
ENSG00000258753,0
ENSG00000258754,0
ENSG00000258757,0
ENSG00000258758,0
ENSG00000258759,0
ENSG00000258760,0
ENSG00000258761,0
ENSG00000258762,0
ENSG00000258763,0
ENSG00000258764,0
ENSG00000258765,0
ENSG00000258766,0
ENSG00000258767,0
ENSG00000258768,76
ENSG00000258769,0
ENSG00000258770,0
ENSG00000258771,0
ENSG00000258772,0
ENSG00000258773,0
ENSG00000258774,0
ENSG00000258776,0
ENSG00000258777,2
ENSG00000258778,1
ENSG00000258779,0
ENSG00000258780,0
ENSG00000258781,0
ENSG00000258782,0
ENSG00000258783,0
ENSG00000258784,0
ENSG00000258785,0
ENSG00000258786,0
ENSG00000258787,0
ENSG00000258788,0
ENSG00000258789,3
ENSG00000258790,4
ENSG00000258791,0
ENSG00000258792,0
ENSG00000258793,0
ENSG00000258794,2
ENSG00000258795,0
ENSG00000258796,0
ENSG00000258797,0
ENSG00000258798,4
ENSG00000258799,0
ENSG00000258800,0
ENSG00000258802,0
ENSG00000258803,0
ENSG00000258804,0
ENSG00000258805,0
ENSG00000258806,3
ENSG00000258807,1
ENSG00000258808,0
ENSG00000258809,0
ENSG00000258810,16
ENSG00000258811,15
ENSG00000258812,0
ENSG00000258813,5
ENSG00000258814,0
ENSG00000258815,0
ENSG00000258816,0
ENSG00000258817,0
ENSG00000258818,80
ENSG00000258819,18
ENSG00000258820,2
ENSG00000258822,0
ENSG00000258823,0
ENSG00000258824,27
ENSG00000258825,1
ENSG00000258826,0
ENSG00000258827,0
ENSG00000258828,1
ENSG00000258829,0
ENSG00000258830,10
ENSG00000258831,0
ENSG00000258834,0
ENSG00000258835,0
ENSG00000258836,0
ENSG00000258837,0
ENSG00000258838,2
ENSG00000258839,211
ENSG00000258841,2
ENSG00000258842,0
ENSG00000258843,0
ENSG00000258844,0
ENSG00000258845,0
ENSG00000258846,3
ENSG00000258847,2
ENSG00000258848,0
ENSG00000258849,0
ENSG00000258850,0
ENSG00000258851,1
ENSG00000258853,0
ENSG00000258854,0
ENSG00000258855,0
ENSG00000258856,0
ENSG00000258857,5
ENSG00000258858,0
ENSG00000258859,0
ENSG00000258860,0
ENSG00000258861,0
ENSG00000258863,0
ENSG00000258864,0
ENSG00000258866,0
ENSG00000258867,13
ENSG00000258868,0
ENSG00000258869,0
ENSG00000258870,0
ENSG00000258871,0
ENSG00000258872,1
ENSG00000258873,0
ENSG00000258874,0
ENSG00000258875,23
ENSG00000258876,10
ENSG00000258877,0
ENSG00000258878,0
ENSG00000258879,0
ENSG00000258881,6
ENSG00000258882,1
ENSG00000258883,0
ENSG00000258884,10
ENSG00000258885,0
ENSG00000258886,1
ENSG00000258887,0
ENSG00000258888,0
ENSG00000258890,1250
ENSG00000258891,0
ENSG00000258892,0
ENSG00000258893,0
ENSG00000258894,0
ENSG00000258895,0
ENSG00000258896,0
ENSG00000258897,0
ENSG00000258899,0
ENSG00000258900,17
ENSG00000258901,0
ENSG00000258902,0
ENSG00000258903,1
ENSG00000258904,2
ENSG00000258905,0
ENSG00000258906,0
ENSG00000258907,0
ENSG00000258908,0
ENSG00000258909,0
ENSG00000258910,1
ENSG00000258912,0
ENSG00000258913,0
ENSG00000258914,11
ENSG00000258915,0
ENSG00000258916,0
ENSG00000258917,1
ENSG00000258918,0
ENSG00000258919,1
ENSG00000258920,150
ENSG00000258921,0
ENSG00000258922,1
ENSG00000258923,0
ENSG00000258924,2
ENSG00000258925,2
ENSG00000258926,1
ENSG00000258927,0
ENSG00000258928,0
ENSG00000258929,8
ENSG00000258930,0
ENSG00000258931,0
ENSG00000258932,0
ENSG00000258933,3
ENSG00000258934,0
ENSG00000258935,2
ENSG00000258938,24
ENSG00000258940,62
ENSG00000258941,0
ENSG00000258942,0
ENSG00000258943,4
ENSG00000258944,0
ENSG00000258945,0
ENSG00000258946,1
ENSG00000258947,27
ENSG00000258948,0
ENSG00000258949,3
ENSG00000258951,0
ENSG00000258952,0
ENSG00000258954,0
ENSG00000258955,2
ENSG00000258956,1
ENSG00000258957,4
ENSG00000258958,0
ENSG00000258959,5
ENSG00000258960,0
ENSG00000258962,0
ENSG00000258963,0
ENSG00000258964,0
ENSG00000258965,0
ENSG00000258966,0
ENSG00000258967,0
ENSG00000258968,1
ENSG00000258969,0
ENSG00000258970,0
ENSG00000258971,0
ENSG00000258972,0
ENSG00000258973,2
ENSG00000258975,0
ENSG00000258976,1
ENSG00000258977,0
ENSG00000258978,0
ENSG00000258979,0
ENSG00000258980,0
ENSG00000258981,0
ENSG00000258982,25
ENSG00000258983,4
ENSG00000258984,4
ENSG00000258985,0
ENSG00000258986,0
ENSG00000258987,1
ENSG00000258988,0
ENSG00000258989,0
ENSG00000258990,0
ENSG00000258991,0
ENSG00000258992,0
ENSG00000258993,0
ENSG00000258994,0
ENSG00000258995,0
ENSG00000258996,0
ENSG00000258997,0
ENSG00000258998,0
ENSG00000258999,10
ENSG00000259000,0
ENSG00000259001,1
ENSG00000259002,0
ENSG00000259003,0
ENSG00000259004,8
ENSG00000259005,1
ENSG00000259006,0
ENSG00000259007,0
ENSG00000259008,0
ENSG00000259009,0
ENSG00000259010,0
ENSG00000259011,0
ENSG00000259012,0
ENSG00000259013,0
ENSG00000259015,13
ENSG00000259016,0
ENSG00000259017,1
ENSG00000259018,0
ENSG00000259019,0
ENSG00000259020,13
ENSG00000259021,0
ENSG00000259022,0
ENSG00000259023,0
ENSG00000259024,7
ENSG00000259025,0
ENSG00000259026,0
ENSG00000259028,0
ENSG00000259029,0
ENSG00000259030,13
ENSG00000259031,0
ENSG00000259032,6
ENSG00000259033,0
ENSG00000259035,0
ENSG00000259036,0
ENSG00000259037,0
ENSG00000259038,4
ENSG00000259039,1
ENSG00000259040,3
ENSG00000259041,0
ENSG00000259042,0
ENSG00000259043,0
ENSG00000259044,0
ENSG00000259045,4
ENSG00000259046,0
ENSG00000259047,0
ENSG00000259048,3
ENSG00000259049,0
ENSG00000259050,0
ENSG00000259051,2
ENSG00000259052,0
ENSG00000259053,0
ENSG00000259054,3
ENSG00000259055,0
ENSG00000259056,1
ENSG00000259057,0
ENSG00000259058,0
ENSG00000259059,0
ENSG00000259060,0
ENSG00000259061,0
ENSG00000259062,1
ENSG00000259064,3
ENSG00000259065,85
ENSG00000259066,6
ENSG00000259067,0
ENSG00000259068,0
ENSG00000259069,0
ENSG00000259070,20
ENSG00000259071,0
ENSG00000259072,0
ENSG00000259073,0
ENSG00000259074,0
ENSG00000259075,2
ENSG00000259076,0
ENSG00000259077,0
ENSG00000259078,2
ENSG00000259079,0
ENSG00000259080,0
ENSG00000259081,6
ENSG00000259082,0
ENSG00000259083,2
ENSG00000259084,0
ENSG00000259086,0
ENSG00000259087,4
ENSG00000259088,47
ENSG00000259089,0
ENSG00000259090,0
ENSG00000259091,2
ENSG00000259092,0
ENSG00000259093,1
ENSG00000259094,0
ENSG00000259095,0
ENSG00000259096,0
ENSG00000259097,0
ENSG00000259098,0
ENSG00000259099,0
ENSG00000259100,5
ENSG00000259102,0
ENSG00000259103,0
ENSG00000259104,0
ENSG00000259105,0
ENSG00000259106,0
ENSG00000259107,0
ENSG00000259108,0
ENSG00000259109,0
ENSG00000259110,0
ENSG00000259111,0
ENSG00000259112,0
ENSG00000259113,3
ENSG00000259115,0
ENSG00000259116,4
ENSG00000259117,0
ENSG00000259118,2
ENSG00000259119,0
ENSG00000259120,2
ENSG00000259121,0
ENSG00000259122,0
ENSG00000259123,0
ENSG00000259124,7
ENSG00000259125,4
ENSG00000259126,0
ENSG00000259129,0
ENSG00000259130,0
ENSG00000259132,0
ENSG00000259133,0
ENSG00000259134,15
ENSG00000259135,1
ENSG00000259136,0
ENSG00000259137,2
ENSG00000259138,1
ENSG00000259140,0
ENSG00000259142,0
ENSG00000259143,0
ENSG00000259144,0
ENSG00000259146,65
ENSG00000259148,0
ENSG00000259149,0
ENSG00000259150,0
ENSG00000259151,1
ENSG00000259152,0
ENSG00000259153,27
ENSG00000259154,0
ENSG00000259155,0
ENSG00000259156,0
ENSG00000259157,0
ENSG00000259158,4
ENSG00000259159,2
ENSG00000259160,0
ENSG00000259161,0
ENSG00000259162,0
ENSG00000259163,7
ENSG00000259164,0
ENSG00000259165,2
ENSG00000259166,0
ENSG00000259167,0
ENSG00000259168,1
ENSG00000259169,8
ENSG00000259170,0
ENSG00000259171,11
ENSG00000259172,134
ENSG00000259173,0
ENSG00000259175,0
ENSG00000259176,0
ENSG00000259177,0
ENSG00000259178,0
ENSG00000259179,0
ENSG00000259180,0
ENSG00000259181,3
ENSG00000259182,4
ENSG00000259183,0
ENSG00000259185,0
ENSG00000259186,0
ENSG00000259187,0
ENSG00000259188,2
ENSG00000259191,0
ENSG00000259192,4
ENSG00000259194,0
ENSG00000259195,0
ENSG00000259196,0
ENSG00000259198,0
ENSG00000259199,0
ENSG00000259200,1
ENSG00000259201,2
ENSG00000259202,0
ENSG00000259203,0
ENSG00000259204,0
ENSG00000259205,40
ENSG00000259207,98
ENSG00000259208,0
ENSG00000259209,6
ENSG00000259211,7
ENSG00000259212,8
ENSG00000259213,0
ENSG00000259214,0
ENSG00000259215,13
ENSG00000259216,0
ENSG00000259217,0
ENSG00000259218,0
ENSG00000259219,0
ENSG00000259221,1
ENSG00000259222,4
ENSG00000259223,0
ENSG00000259224,3
ENSG00000259225,18
ENSG00000259227,0
ENSG00000259228,0
ENSG00000259229,0
ENSG00000259230,5
ENSG00000259231,0
ENSG00000259232,0
ENSG00000259234,0
ENSG00000259235,0
ENSG00000259236,39
ENSG00000259237,0
ENSG00000259238,1
ENSG00000259239,0
ENSG00000259240,0
ENSG00000259241,0
ENSG00000259242,0
ENSG00000259244,9
ENSG00000259245,4
ENSG00000259246,0
ENSG00000259247,0
ENSG00000259248,244
ENSG00000259250,58
ENSG00000259251,11
ENSG00000259252,0
ENSG00000259254,0
ENSG00000259255,0
ENSG00000259256,0
ENSG00000259257,0
ENSG00000259258,0
ENSG00000259259,0
ENSG00000259261,0
ENSG00000259262,4
ENSG00000259264,1
ENSG00000259265,0
ENSG00000259266,0
ENSG00000259267,0
ENSG00000259268,0
ENSG00000259269,5
ENSG00000259270,0
ENSG00000259271,0
ENSG00000259273,0
ENSG00000259274,1
ENSG00000259275,23
ENSG00000259276,0
ENSG00000259277,0
ENSG00000259278,3
ENSG00000259279,0
ENSG00000259280,0
ENSG00000259281,0
ENSG00000259282,0
ENSG00000259283,0
ENSG00000259284,0
ENSG00000259285,0
ENSG00000259286,0
ENSG00000259287,22
ENSG00000259288,0
ENSG00000259289,0
ENSG00000259290,0
ENSG00000259291,1136
ENSG00000259293,0
ENSG00000259294,1
ENSG00000259295,3
ENSG00000259296,2
ENSG00000259298,12
ENSG00000259299,0
ENSG00000259300,0
ENSG00000259301,0
ENSG00000259302,0
ENSG00000259303,0
ENSG00000259304,0
ENSG00000259305,22
ENSG00000259306,0
ENSG00000259307,0
ENSG00000259308,0
ENSG00000259309,13
ENSG00000259312,0
ENSG00000259314,1
ENSG00000259315,52
ENSG00000259316,3
ENSG00000259317,0
ENSG00000259318,4
ENSG00000259319,132
ENSG00000259320,0
ENSG00000259321,14
ENSG00000259322,1
ENSG00000259324,0
ENSG00000259326,7
ENSG00000259327,0
ENSG00000259330,858
ENSG00000259331,0
ENSG00000259332,27
ENSG00000259333,0
ENSG00000259334,0
ENSG00000259335,2
ENSG00000259336,0
ENSG00000259337,0
ENSG00000259338,0
ENSG00000259339,0
ENSG00000259340,0
ENSG00000259341,0
ENSG00000259342,0
ENSG00000259343,43
ENSG00000259345,321
ENSG00000259346,0
ENSG00000259347,0
ENSG00000259348,0
ENSG00000259349,5
ENSG00000259350,0
ENSG00000259351,8
ENSG00000259352,0
ENSG00000259353,0
ENSG00000259354,54
ENSG00000259356,0
ENSG00000259357,0
ENSG00000259358,0
ENSG00000259359,0
ENSG00000259360,0
ENSG00000259361,1
ENSG00000259362,3
ENSG00000259363,10
ENSG00000259364,4
ENSG00000259365,0
ENSG00000259366,27
ENSG00000259367,1
ENSG00000259368,0
ENSG00000259369,0
ENSG00000259370,1
ENSG00000259371,3
ENSG00000259372,6
ENSG00000259374,1
ENSG00000259375,0
ENSG00000259376,42
ENSG00000259377,0
ENSG00000259378,0
ENSG00000259379,0
ENSG00000259380,0
ENSG00000259381,13
ENSG00000259383,0
ENSG00000259384,0
ENSG00000259385,0
ENSG00000259388,0
ENSG00000259389,0
ENSG00000259390,7
ENSG00000259392,4
ENSG00000259393,0
ENSG00000259394,0
ENSG00000259395,0
ENSG00000259396,0
ENSG00000259397,5
ENSG00000259398,1
ENSG00000259399,3
ENSG00000259402,1
ENSG00000259403,0
ENSG00000259404,0
ENSG00000259405,1
ENSG00000259407,12
ENSG00000259408,21
ENSG00000259409,0
ENSG00000259410,1
ENSG00000259411,0
ENSG00000259413,0
ENSG00000259414,0
ENSG00000259415,1
ENSG00000259416,1
ENSG00000259417,23
ENSG00000259418,0
ENSG00000259419,0
ENSG00000259420,46
ENSG00000259421,0
ENSG00000259422,21
ENSG00000259423,8
ENSG00000259424,58
ENSG00000259425,20
ENSG00000259426,50
ENSG00000259427,0
ENSG00000259428,0
ENSG00000259429,36
ENSG00000259430,0
ENSG00000259431,657
ENSG00000259432,0
ENSG00000259433,0
ENSG00000259434,0
ENSG00000259435,0
ENSG00000259436,9
ENSG00000259437,0
ENSG00000259438,2
ENSG00000259439,16
ENSG00000259440,0
ENSG00000259441,0
ENSG00000259442,10
ENSG00000259443,0
ENSG00000259444,0
ENSG00000259445,0
ENSG00000259446,0
ENSG00000259447,21
ENSG00000259448,113
ENSG00000259449,0
ENSG00000259450,196
ENSG00000259452,0
ENSG00000259453,0
ENSG00000259454,0
ENSG00000259456,66
ENSG00000259457,6
ENSG00000259458,0
ENSG00000259459,18
ENSG00000259460,0
ENSG00000259461,0
ENSG00000259462,1
ENSG00000259463,0
ENSG00000259464,0
ENSG00000259465,1
ENSG00000259466,1
ENSG00000259467,0
ENSG00000259468,0
ENSG00000259469,0
ENSG00000259470,0
ENSG00000259471,0
ENSG00000259473,0
ENSG00000259474,0
ENSG00000259475,18
ENSG00000259476,0
ENSG00000259477,0
ENSG00000259478,0
ENSG00000259479,725
ENSG00000259481,2
ENSG00000259482,1
ENSG00000259483,0
ENSG00000259485,0
ENSG00000259488,21
ENSG00000259489,0
ENSG00000259490,0
ENSG00000259493,0
ENSG00000259494,977
ENSG00000259495,962
ENSG00000259496,2
ENSG00000259498,5
ENSG00000259499,1
ENSG00000259500,1
ENSG00000259502,1
ENSG00000259503,0
ENSG00000259504,2
ENSG00000259505,1
ENSG00000259507,0
ENSG00000259508,0
ENSG00000259509,0
ENSG00000259511,0
ENSG00000259512,0
ENSG00000259513,4
ENSG00000259514,0
ENSG00000259515,8
ENSG00000259516,1
ENSG00000259517,0
ENSG00000259518,3
ENSG00000259519,2
ENSG00000259520,3
ENSG00000259521,2
ENSG00000259522,5
ENSG00000259523,28
ENSG00000259525,0
ENSG00000259527,0
ENSG00000259528,0
ENSG00000259529,19
ENSG00000259530,0
ENSG00000259531,4
ENSG00000259532,0
ENSG00000259533,0
ENSG00000259534,0
ENSG00000259535,0
ENSG00000259536,39
ENSG00000259538,0
ENSG00000259539,3
ENSG00000259540,3
ENSG00000259541,0
ENSG00000259542,0
ENSG00000259543,0
ENSG00000259544,0
ENSG00000259545,0
ENSG00000259546,3
ENSG00000259547,0
ENSG00000259548,3
ENSG00000259550,0
ENSG00000259551,1
ENSG00000259553,1
ENSG00000259554,0
ENSG00000259555,0
ENSG00000259556,26
ENSG00000259557,0
ENSG00000259558,0
ENSG00000259560,0
ENSG00000259561,4
ENSG00000259562,31
ENSG00000259563,3
ENSG00000259564,0
ENSG00000259565,1
ENSG00000259569,0
ENSG00000259570,0
ENSG00000259571,0
ENSG00000259572,0
ENSG00000259573,0
ENSG00000259575,1
ENSG00000259577,98
ENSG00000259579,0
ENSG00000259580,0
ENSG00000259581,0
ENSG00000259582,0
ENSG00000259583,106
ENSG00000259584,8
ENSG00000259585,0
ENSG00000259586,0
ENSG00000259587,0
ENSG00000259588,0
ENSG00000259589,1
ENSG00000259590,0
ENSG00000259591,2
ENSG00000259592,8
ENSG00000259593,0
ENSG00000259594,0
ENSG00000259595,4
ENSG00000259598,0
ENSG00000259600,0
ENSG00000259601,0
ENSG00000259602,0
ENSG00000259603,0
ENSG00000259604,33
ENSG00000259605,9
ENSG00000259607,0
ENSG00000259608,0
ENSG00000259609,0
ENSG00000259610,0
ENSG00000259611,0
ENSG00000259612,7
ENSG00000259614,0
ENSG00000259615,0
ENSG00000259616,1
ENSG00000259617,3
ENSG00000259618,4
ENSG00000259619,0
ENSG00000259620,0
ENSG00000259621,2
ENSG00000259622,0
ENSG00000259623,1337
ENSG00000259624,0
ENSG00000259626,0
ENSG00000259627,0
ENSG00000259628,1
ENSG00000259630,1
ENSG00000259631,0
ENSG00000259632,2
ENSG00000259633,0
ENSG00000259635,10
ENSG00000259636,0
ENSG00000259637,1
ENSG00000259639,1
ENSG00000259641,69
ENSG00000259642,451
ENSG00000259644,1
ENSG00000259645,1
ENSG00000259646,0
ENSG00000259647,8
ENSG00000259648,1
ENSG00000259649,7
ENSG00000259650,0
ENSG00000259651,0
ENSG00000259652,0
ENSG00000259654,5
ENSG00000259655,0
ENSG00000259656,0
ENSG00000259657,8
ENSG00000259658,25
ENSG00000259659,8
ENSG00000259660,44
ENSG00000259661,0
ENSG00000259663,0
ENSG00000259664,0
ENSG00000259665,3
ENSG00000259666,7
ENSG00000259668,14
ENSG00000259669,0
ENSG00000259670,0
ENSG00000259671,0
ENSG00000259672,0
ENSG00000259673,526
ENSG00000259674,2
ENSG00000259675,0
ENSG00000259676,0
ENSG00000259677,5
ENSG00000259678,0
ENSG00000259680,0
ENSG00000259681,0
ENSG00000259682,0
ENSG00000259683,13
ENSG00000259684,0
ENSG00000259685,0
ENSG00000259686,0
ENSG00000259687,6
ENSG00000259688,0
ENSG00000259690,0
ENSG00000259691,0
ENSG00000259692,1
ENSG00000259694,0
ENSG00000259695,0
ENSG00000259696,0
ENSG00000259697,1
ENSG00000259698,0
ENSG00000259699,4
ENSG00000259700,0
ENSG00000259701,0
ENSG00000259702,0
ENSG00000259703,69
ENSG00000259704,1
ENSG00000259705,6
ENSG00000259706,4
ENSG00000259707,0
ENSG00000259708,0
ENSG00000259709,1
ENSG00000259710,0
ENSG00000259711,152
ENSG00000259712,9
ENSG00000259713,1
ENSG00000259715,0
ENSG00000259717,1
ENSG00000259719,0
ENSG00000259720,0
ENSG00000259721,2
ENSG00000259722,1
ENSG00000259723,0
ENSG00000259724,0
ENSG00000259725,82
ENSG00000259726,0
ENSG00000259727,3
ENSG00000259728,49
ENSG00000259730,0
ENSG00000259731,0
ENSG00000259732,1
ENSG00000259734,0
ENSG00000259735,0
ENSG00000259736,29
ENSG00000259737,0
ENSG00000259738,0
ENSG00000259740,0
ENSG00000259742,0
ENSG00000259743,0
ENSG00000259744,3
ENSG00000259746,7
ENSG00000259747,0
ENSG00000259749,0
ENSG00000259750,0
ENSG00000259751,0
ENSG00000259752,0
ENSG00000259753,0
ENSG00000259754,0
ENSG00000259755,8
ENSG00000259756,0
ENSG00000259757,0
ENSG00000259759,0
ENSG00000259760,1
ENSG00000259761,0
ENSG00000259762,8
ENSG00000259763,0
ENSG00000259764,0
ENSG00000259767,7
ENSG00000259768,125
ENSG00000259769,0
ENSG00000259770,0
ENSG00000259771,0
ENSG00000259772,40
ENSG00000259773,0
ENSG00000259774,1
ENSG00000259775,17
ENSG00000259776,0
ENSG00000259779,0
ENSG00000259780,2
ENSG00000259781,543
ENSG00000259782,3
ENSG00000259783,2
ENSG00000259784,0
ENSG00000259786,0
ENSG00000259788,0
ENSG00000259789,0
ENSG00000259790,2
ENSG00000259791,0
ENSG00000259792,1
ENSG00000259793,14
ENSG00000259797,2
ENSG00000259798,0
ENSG00000259799,31
ENSG00000259800,0
ENSG00000259802,182
ENSG00000259803,3
ENSG00000259804,7
ENSG00000259805,1
ENSG00000259807,14
ENSG00000259810,4
ENSG00000259813,0
ENSG00000259814,0
ENSG00000259815,0
ENSG00000259817,0
ENSG00000259818,3
ENSG00000259819,0
ENSG00000259820,60
ENSG00000259821,0
ENSG00000259822,0
ENSG00000259823,49
ENSG00000259826,32
ENSG00000259827,0
ENSG00000259828,0
ENSG00000259831,0
ENSG00000259832,0
ENSG00000259833,0
ENSG00000259834,13
ENSG00000259836,0
ENSG00000259837,0
ENSG00000259838,1
ENSG00000259839,0
ENSG00000259840,15
ENSG00000259841,0
ENSG00000259842,0
ENSG00000259843,0
ENSG00000259844,0
ENSG00000259845,8
ENSG00000259846,0
ENSG00000259847,2
ENSG00000259848,6
ENSG00000259849,0
ENSG00000259852,0
ENSG00000259854,0
ENSG00000259855,0
ENSG00000259856,12
ENSG00000259859,0
ENSG00000259861,0
ENSG00000259862,0
ENSG00000259863,6
ENSG00000259864,0
ENSG00000259865,147
ENSG00000259866,0
ENSG00000259867,34
ENSG00000259868,2
ENSG00000259869,2
ENSG00000259870,0
ENSG00000259871,3
ENSG00000259873,0
ENSG00000259874,0
ENSG00000259876,0
ENSG00000259877,161
ENSG00000259878,0
ENSG00000259881,29
ENSG00000259882,0
ENSG00000259883,1
ENSG00000259884,1
ENSG00000259887,0
ENSG00000259888,0
ENSG00000259889,0
ENSG00000259890,0
ENSG00000259891,61
ENSG00000259892,0
ENSG00000259895,1
ENSG00000259897,0
ENSG00000259898,0
ENSG00000259899,0
ENSG00000259900,0
ENSG00000259904,2
ENSG00000259905,1
ENSG00000259906,0
ENSG00000259907,0
ENSG00000259909,0
ENSG00000259910,0
ENSG00000259912,0
ENSG00000259914,1
ENSG00000259915,9
ENSG00000259916,6
ENSG00000259917,13
ENSG00000259918,0
ENSG00000259920,3
ENSG00000259921,1
ENSG00000259922,0
ENSG00000259923,0
ENSG00000259924,4
ENSG00000259925,0
ENSG00000259926,0
ENSG00000259928,0
ENSG00000259929,0
ENSG00000259931,5
ENSG00000259932,9
ENSG00000259933,11
ENSG00000259934,0
ENSG00000259935,2
ENSG00000259937,0
ENSG00000259939,0
ENSG00000259940,34
ENSG00000259941,0
ENSG00000259943,260
ENSG00000259944,0
ENSG00000259945,0
ENSG00000259946,0
ENSG00000259947,0
ENSG00000259948,0
ENSG00000259950,0
ENSG00000259952,0
ENSG00000259953,158
ENSG00000259954,3
ENSG00000259955,0
ENSG00000259956,4171
ENSG00000259957,0
ENSG00000259959,134
ENSG00000259961,0
ENSG00000259962,0
ENSG00000259963,0
ENSG00000259964,9
ENSG00000259966,0
ENSG00000259967,3
ENSG00000259968,0
ENSG00000259969,18
ENSG00000259970,2
ENSG00000259971,0
ENSG00000259972,204
ENSG00000259974,0
ENSG00000259976,1034
ENSG00000259977,7
ENSG00000259978,0
ENSG00000259979,0
ENSG00000259981,0
ENSG00000259982,0
ENSG00000259983,0
ENSG00000259984,0
ENSG00000259985,32
ENSG00000259986,1
ENSG00000259987,0
ENSG00000259989,0
ENSG00000259990,0
ENSG00000259992,0
ENSG00000259993,0
ENSG00000259994,42
ENSG00000259995,0
ENSG00000259996,0
ENSG00000259997,0
ENSG00000259998,0
ENSG00000259999,0
ENSG00000260000,50
ENSG00000260001,3
ENSG00000260003,0
ENSG00000260004,0
ENSG00000260005,34
ENSG00000260007,0
ENSG00000260008,2
ENSG00000260009,8
ENSG00000260010,0
ENSG00000260011,6
ENSG00000260012,2
ENSG00000260014,0
ENSG00000260015,0
ENSG00000260017,2
ENSG00000260018,33
ENSG00000260019,0
ENSG00000260021,0
ENSG00000260022,8
ENSG00000260024,0
ENSG00000260025,48
ENSG00000260026,0
ENSG00000260027,177
ENSG00000260029,0
ENSG00000260030,0
ENSG00000260031,0
ENSG00000260032,19878
ENSG00000260033,0
ENSG00000260034,1
ENSG00000260035,8
ENSG00000260036,0
ENSG00000260037,21
ENSG00000260038,11
ENSG00000260041,0
ENSG00000260042,0
ENSG00000260046,4
ENSG00000260047,2
ENSG00000260048,0
ENSG00000260049,0
ENSG00000260051,32
ENSG00000260052,3
ENSG00000260053,0
ENSG00000260057,0
ENSG00000260058,0
ENSG00000260059,0
ENSG00000260060,0
ENSG00000260062,0
ENSG00000260063,97
ENSG00000260064,1
ENSG00000260066,0
ENSG00000260067,0
ENSG00000260068,0
ENSG00000260070,2
ENSG00000260071,2
ENSG00000260072,0
ENSG00000260073,0
ENSG00000260075,7
ENSG00000260077,27
ENSG00000260078,5
ENSG00000260081,58
ENSG00000260082,2
ENSG00000260083,66
ENSG00000260084,0
ENSG00000260086,35
ENSG00000260087,0
ENSG00000260088,151
ENSG00000260089,0
ENSG00000260090,0
ENSG00000260091,27
ENSG00000260092,0
ENSG00000260093,6
ENSG00000260094,0
ENSG00000260095,14
ENSG00000260096,0
ENSG00000260097,27
ENSG00000260100,0
ENSG00000260101,8
ENSG00000260102,0
ENSG00000260103,13
ENSG00000260104,0
ENSG00000260105,4
ENSG00000260107,0
ENSG00000260108,0
ENSG00000260109,0
ENSG00000260111,0
ENSG00000260112,0
ENSG00000260113,0
ENSG00000260114,122
ENSG00000260115,1
ENSG00000260118,9
ENSG00000260120,0
ENSG00000260121,69
ENSG00000260122,0
ENSG00000260123,2
ENSG00000260125,0
ENSG00000260126,0
ENSG00000260128,0
ENSG00000260131,0
ENSG00000260132,1
ENSG00000260133,0
ENSG00000260134,0
ENSG00000260135,6
ENSG00000260136,200
ENSG00000260137,0
ENSG00000260139,42
ENSG00000260141,0
ENSG00000260142,0
ENSG00000260144,4
ENSG00000260145,0
ENSG00000260146,0
ENSG00000260147,0
ENSG00000260148,1
ENSG00000260151,0
ENSG00000260152,0
ENSG00000260153,0
ENSG00000260156,6
ENSG00000260157,0
ENSG00000260158,0
ENSG00000260159,1
ENSG00000260160,77
ENSG00000260161,0
ENSG00000260162,0
ENSG00000260163,2
ENSG00000260165,0
ENSG00000260166,0
ENSG00000260167,5
ENSG00000260170,2
ENSG00000260171,0
ENSG00000260172,0
ENSG00000260173,0
ENSG00000260174,2
ENSG00000260176,2
ENSG00000260177,0
ENSG00000260179,6
ENSG00000260182,1
ENSG00000260183,2
ENSG00000260184,0
ENSG00000260185,2
ENSG00000260186,5
ENSG00000260187,0
ENSG00000260188,0
ENSG00000260190,4
ENSG00000260192,0
ENSG00000260193,31
ENSG00000260194,0
ENSG00000260196,164
ENSG00000260197,0
ENSG00000260198,0
ENSG00000260201,0
ENSG00000260202,0
ENSG00000260205,1
ENSG00000260206,0
ENSG00000260207,0
ENSG00000260209,2
ENSG00000260211,0
ENSG00000260212,0
ENSG00000260213,12
ENSG00000260217,0
ENSG00000260218,0
ENSG00000260219,592
ENSG00000260220,327
ENSG00000260223,0
ENSG00000260224,0
ENSG00000260228,17
ENSG00000260229,0
ENSG00000260230,0
ENSG00000260231,61
ENSG00000260232,0
ENSG00000260233,162
ENSG00000260234,3
ENSG00000260235,1
ENSG00000260236,45
ENSG00000260237,0
ENSG00000260238,61
ENSG00000260239,1
ENSG00000260240,0
ENSG00000260242,0
ENSG00000260244,357
ENSG00000260246,4
ENSG00000260247,2
ENSG00000260249,1
ENSG00000260251,0
ENSG00000260252,0
ENSG00000260253,10
ENSG00000260254,0
ENSG00000260255,0
ENSG00000260256,0
ENSG00000260257,744
ENSG00000260258,1
ENSG00000260259,32
ENSG00000260260,256
ENSG00000260261,40
ENSG00000260262,0
ENSG00000260264,0
ENSG00000260265,0
ENSG00000260266,9
ENSG00000260267,331
ENSG00000260268,0
ENSG00000260269,7
ENSG00000260271,0
ENSG00000260272,8
ENSG00000260273,10
ENSG00000260274,150
ENSG00000260275,0
ENSG00000260276,193
ENSG00000260277,4
ENSG00000260278,0
ENSG00000260279,18
ENSG00000260280,0
ENSG00000260281,24
ENSG00000260282,0
ENSG00000260284,55
ENSG00000260285,25
ENSG00000260286,0
ENSG00000260287,0
ENSG00000260288,14
ENSG00000260289,0
ENSG00000260290,8
ENSG00000260291,0
ENSG00000260293,8
ENSG00000260296,32
ENSG00000260298,0
ENSG00000260300,43
ENSG00000260302,8
ENSG00000260303,0
ENSG00000260304,0
ENSG00000260305,0
ENSG00000260306,3
ENSG00000260307,0
ENSG00000260308,0
ENSG00000260310,0
ENSG00000260311,0
ENSG00000260312,0
ENSG00000260314,207
ENSG00000260316,1
ENSG00000260317,99
ENSG00000260318,898
ENSG00000260322,0
ENSG00000260325,89
ENSG00000260326,0
ENSG00000260327,0
ENSG00000260328,0
ENSG00000260329,50
ENSG00000260331,6
ENSG00000260332,0
ENSG00000260335,0
ENSG00000260337,213
ENSG00000260338,0
ENSG00000260339,143
ENSG00000260340,0
ENSG00000260341,0
ENSG00000260342,3
ENSG00000260343,0
ENSG00000260344,0
ENSG00000260345,0
ENSG00000260347,0
ENSG00000260348,2
ENSG00000260349,0
ENSG00000260350,1
ENSG00000260351,6
ENSG00000260352,4
ENSG00000260357,0
ENSG00000260360,15
ENSG00000260361,15
ENSG00000260362,0
ENSG00000260364,0
ENSG00000260366,1
ENSG00000260367,5
ENSG00000260368,10
ENSG00000260369,2
ENSG00000260370,0
ENSG00000260371,0
ENSG00000260372,40
ENSG00000260375,0
ENSG00000260377,1
ENSG00000260378,0
ENSG00000260379,0
ENSG00000260381,2
ENSG00000260382,0
ENSG00000260385,0
ENSG00000260386,0
ENSG00000260387,0
ENSG00000260388,8
ENSG00000260389,0
ENSG00000260390,5
ENSG00000260391,0
ENSG00000260392,0
ENSG00000260393,0
ENSG00000260394,5
ENSG00000260395,0
ENSG00000260398,1
ENSG00000260399,0
ENSG00000260400,43
ENSG00000260401,10
ENSG00000260402,0
ENSG00000260403,0
ENSG00000260404,162
ENSG00000260405,0
ENSG00000260406,0
ENSG00000260409,4
ENSG00000260410,4
ENSG00000260411,0
ENSG00000260412,0
ENSG00000260413,0
ENSG00000260414,0
ENSG00000260416,17
ENSG00000260417,0
ENSG00000260418,53
ENSG00000260419,0
ENSG00000260420,0
ENSG00000260422,0
ENSG00000260423,14
ENSG00000260425,7
ENSG00000260426,0
ENSG00000260427,0
ENSG00000260428,21
ENSG00000260430,25
ENSG00000260431,1
ENSG00000260433,0
ENSG00000260436,0
ENSG00000260438,0
ENSG00000260439,6
ENSG00000260440,1
ENSG00000260441,2
ENSG00000260442,9
ENSG00000260443,6
ENSG00000260444,0
ENSG00000260445,0
ENSG00000260447,3
ENSG00000260448,11
ENSG00000260449,0
ENSG00000260450,0
ENSG00000260451,0
ENSG00000260452,0
ENSG00000260454,2
ENSG00000260455,2
ENSG00000260456,86
ENSG00000260457,0
ENSG00000260458,0
ENSG00000260459,25
ENSG00000260460,0
ENSG00000260461,149
ENSG00000260464,36
ENSG00000260465,0
ENSG00000260466,0
ENSG00000260467,0
ENSG00000260468,7
ENSG00000260469,4
ENSG00000260470,10
ENSG00000260471,1
ENSG00000260472,0
ENSG00000260473,0
ENSG00000260475,4
ENSG00000260476,0
ENSG00000260477,0
ENSG00000260478,0
ENSG00000260479,0
ENSG00000260480,0
ENSG00000260482,0
ENSG00000260483,0
ENSG00000260484,1
ENSG00000260487,177
ENSG00000260488,0
ENSG00000260490,10
ENSG00000260492,3
ENSG00000260493,10
ENSG00000260494,2
ENSG00000260495,17
ENSG00000260496,0
ENSG00000260497,0
ENSG00000260498,0
ENSG00000260500,2
ENSG00000260504,0
ENSG00000260505,0
ENSG00000260507,0
ENSG00000260509,1
ENSG00000260510,1
ENSG00000260511,0
ENSG00000260514,0
ENSG00000260515,0
ENSG00000260516,0
ENSG00000260517,11
ENSG00000260518,4
ENSG00000260519,2
ENSG00000260520,0
ENSG00000260521,6
ENSG00000260522,0
ENSG00000260524,1
ENSG00000260525,0
ENSG00000260526,20
ENSG00000260528,18
ENSG00000260530,0
ENSG00000260532,0
ENSG00000260534,0
ENSG00000260536,1
ENSG00000260537,0
ENSG00000260540,0
ENSG00000260541,4
ENSG00000260542,0
ENSG00000260545,2
ENSG00000260548,0
ENSG00000260549,29
ENSG00000260550,0
ENSG00000260551,0
ENSG00000260552,75
ENSG00000260555,2
ENSG00000260558,0
ENSG00000260563,67
ENSG00000260564,0
ENSG00000260565,640
ENSG00000260566,0
ENSG00000260568,0
ENSG00000260569,0
ENSG00000260570,0
ENSG00000260571,9
ENSG00000260572,55
ENSG00000260573,0
ENSG00000260574,0
ENSG00000260575,0
ENSG00000260576,0
ENSG00000260577,6
ENSG00000260578,0
ENSG00000260579,0
ENSG00000260580,0
ENSG00000260581,9
ENSG00000260582,0
ENSG00000260583,7
ENSG00000260584,0
ENSG00000260585,1
ENSG00000260586,2
ENSG00000260588,204
ENSG00000260589,19
ENSG00000260590,0
ENSG00000260592,2
ENSG00000260593,1
ENSG00000260594,0
ENSG00000260595,0
ENSG00000260596,0
ENSG00000260597,16
ENSG00000260598,1
ENSG00000260599,1
ENSG00000260600,0
ENSG00000260601,0
ENSG00000260602,1
ENSG00000260603,0
ENSG00000260604,14
ENSG00000260605,0
ENSG00000260608,6
ENSG00000260610,0
ENSG00000260611,0
ENSG00000260612,0
ENSG00000260613,3
ENSG00000260614,0
ENSG00000260615,38
ENSG00000260616,0
ENSG00000260617,0
ENSG00000260618,45
ENSG00000260619,9
ENSG00000260620,0
ENSG00000260621,0
ENSG00000260622,0
ENSG00000260624,0
ENSG00000260625,16
ENSG00000260626,0
ENSG00000260628,5
ENSG00000260629,1
ENSG00000260630,121
ENSG00000260631,0
ENSG00000260633,2
ENSG00000260634,3
ENSG00000260635,1
ENSG00000260636,0
ENSG00000260639,0
ENSG00000260640,0
ENSG00000260641,14
ENSG00000260642,0
ENSG00000260643,66
ENSG00000260644,0
ENSG00000260645,9
ENSG00000260646,8
ENSG00000260647,25
ENSG00000260648,0
ENSG00000260649,0
ENSG00000260650,8
ENSG00000260651,3
ENSG00000260653,1
ENSG00000260657,3
ENSG00000260658,0
ENSG00000260659,0
ENSG00000260660,3
ENSG00000260661,2
ENSG00000260662,0
ENSG00000260664,0
ENSG00000260668,13
ENSG00000260669,41
ENSG00000260670,0
ENSG00000260671,0
ENSG00000260672,1
ENSG00000260673,1
ENSG00000260674,0
ENSG00000260675,0
ENSG00000260676,0
ENSG00000260677,2
ENSG00000260678,0
ENSG00000260679,2
ENSG00000260680,0
ENSG00000260681,0
ENSG00000260682,0
ENSG00000260683,0
ENSG00000260685,1
ENSG00000260686,74
ENSG00000260687,0
ENSG00000260688,0
ENSG00000260689,1
ENSG00000260690,0
ENSG00000260691,5
ENSG00000260693,4
ENSG00000260694,0
ENSG00000260695,0
ENSG00000260698,27
ENSG00000260701,0
ENSG00000260702,0
ENSG00000260704,0
ENSG00000260706,0
ENSG00000260708,119
ENSG00000260710,26
ENSG00000260711,123
ENSG00000260714,0
ENSG00000260715,0
ENSG00000260719,1
ENSG00000260720,0
ENSG00000260721,0
ENSG00000260722,2
ENSG00000260723,0
ENSG00000260724,0
ENSG00000260725,0
ENSG00000260726,0
ENSG00000260727,0
ENSG00000260729,56
ENSG00000260731,0
ENSG00000260733,0
ENSG00000260734,0
ENSG00000260735,1
ENSG00000260737,2
ENSG00000260738,0
ENSG00000260739,0
ENSG00000260740,1
ENSG00000260741,0
ENSG00000260742,17
ENSG00000260743,15
ENSG00000260744,2
ENSG00000260746,0
ENSG00000260747,2
ENSG00000260750,11
ENSG00000260751,16
ENSG00000260755,0
ENSG00000260756,0
ENSG00000260757,0
ENSG00000260758,0
ENSG00000260759,0
ENSG00000260760,0
ENSG00000260761,0
ENSG00000260762,0
ENSG00000260763,0
ENSG00000260764,0
ENSG00000260765,0
ENSG00000260766,335
ENSG00000260769,0
ENSG00000260771,0
ENSG00000260772,0
ENSG00000260773,23
ENSG00000260774,44
ENSG00000260776,5
ENSG00000260777,2
ENSG00000260778,31
ENSG00000260779,1
ENSG00000260780,0
ENSG00000260781,0
ENSG00000260782,2
ENSG00000260784,1
ENSG00000260785,0
ENSG00000260786,0
ENSG00000260788,12
ENSG00000260790,2
ENSG00000260792,4
ENSG00000260793,82
ENSG00000260795,0
ENSG00000260796,2
ENSG00000260797,0
ENSG00000260798,1
ENSG00000260799,1
ENSG00000260802,0
ENSG00000260803,1
ENSG00000260804,184
ENSG00000260805,65
ENSG00000260806,38
ENSG00000260807,51
ENSG00000260808,11
ENSG00000260809,1
ENSG00000260810,181
ENSG00000260811,0
ENSG00000260812,0
ENSG00000260814,0
ENSG00000260815,1
ENSG00000260816,4
ENSG00000260817,0
ENSG00000260818,0
ENSG00000260822,1930
ENSG00000260823,2
ENSG00000260827,0
ENSG00000260828,1
ENSG00000260830,6
ENSG00000260832,0
ENSG00000260834,0
ENSG00000260835,0
ENSG00000260836,0
ENSG00000260837,54
ENSG00000260838,0
ENSG00000260840,0
ENSG00000260841,56
ENSG00000260844,12
ENSG00000260845,0
ENSG00000260846,0
ENSG00000260847,0
ENSG00000260848,0
ENSG00000260850,0
ENSG00000260851,0
ENSG00000260852,92
ENSG00000260853,29
ENSG00000260854,0
ENSG00000260855,44
ENSG00000260857,0
ENSG00000260858,1
ENSG00000260859,0
ENSG00000260860,0
ENSG00000260861,0
ENSG00000260862,0
ENSG00000260863,1
ENSG00000260864,0
ENSG00000260865,0
ENSG00000260866,0
ENSG00000260867,0
ENSG00000260868,1
ENSG00000260869,0
ENSG00000260870,1
ENSG00000260871,0
ENSG00000260872,32
ENSG00000260874,3
ENSG00000260876,0
ENSG00000260877,0
ENSG00000260878,0
ENSG00000260879,0
ENSG00000260880,2
ENSG00000260882,0
ENSG00000260883,0
ENSG00000260884,21
ENSG00000260886,5
ENSG00000260887,0
ENSG00000260889,0
ENSG00000260891,1
ENSG00000260892,0
ENSG00000260894,0
ENSG00000260895,3
ENSG00000260896,12
ENSG00000260897,0
ENSG00000260898,12
ENSG00000260899,5
ENSG00000260900,0
ENSG00000260902,0
ENSG00000260903,1
ENSG00000260905,0
ENSG00000260907,13
ENSG00000260908,0
ENSG00000260909,0
ENSG00000260910,107
ENSG00000260911,6
ENSG00000260912,463
ENSG00000260913,0
ENSG00000260914,3
ENSG00000260916,1440
ENSG00000260917,162
ENSG00000260918,7
ENSG00000260919,2
ENSG00000260920,107
ENSG00000260921,0
ENSG00000260922,0
ENSG00000260923,6
ENSG00000260924,11
ENSG00000260926,0
ENSG00000260927,11
ENSG00000260928,0
ENSG00000260929,2
ENSG00000260930,0
ENSG00000260932,1
ENSG00000260933,0
ENSG00000260934,0
ENSG00000260936,15
ENSG00000260937,0
ENSG00000260939,0
ENSG00000260940,5
ENSG00000260941,28
ENSG00000260942,82
ENSG00000260943,0
ENSG00000260944,1
ENSG00000260945,0
ENSG00000260947,7
ENSG00000260948,45
ENSG00000260949,4
ENSG00000260951,0
ENSG00000260953,5
ENSG00000260954,5
ENSG00000260955,1
ENSG00000260957,0
ENSG00000260958,0
ENSG00000260959,0
ENSG00000260962,0
ENSG00000260963,5
ENSG00000260965,0
ENSG00000260966,155
ENSG00000260967,0
ENSG00000260969,6
ENSG00000260970,0
ENSG00000260971,6
ENSG00000260972,0
ENSG00000260973,0
ENSG00000260974,0
ENSG00000260975,0
ENSG00000260976,0
ENSG00000260977,3
ENSG00000260978,0
ENSG00000260979,5
ENSG00000260981,0
ENSG00000260983,0
ENSG00000260984,0
ENSG00000260986,0
ENSG00000260988,4
ENSG00000260989,27
ENSG00000260990,1
ENSG00000260991,0
ENSG00000260992,21
ENSG00000260994,0
ENSG00000260995,0
ENSG00000260996,23
ENSG00000260997,230
ENSG00000260999,0
ENSG00000261000,0
ENSG00000261002,5
ENSG00000261003,1
ENSG00000261007,1
ENSG00000261008,45
ENSG00000261009,0
ENSG00000261010,0
ENSG00000261011,0
ENSG00000261012,0
ENSG00000261013,1
ENSG00000261014,0
ENSG00000261017,0
ENSG00000261018,0
ENSG00000261019,5
ENSG00000261020,0
ENSG00000261024,3
ENSG00000261025,0
ENSG00000261026,1
ENSG00000261028,0
ENSG00000261029,0
ENSG00000261030,0
ENSG00000261033,11
ENSG00000261035,0
ENSG00000261036,0
ENSG00000261037,7
ENSG00000261038,0
ENSG00000261039,41
ENSG00000261040,5
ENSG00000261041,0
ENSG00000261043,3
ENSG00000261044,0
ENSG00000261045,0
ENSG00000261046,0
ENSG00000261047,0
ENSG00000261048,0
ENSG00000261049,0
ENSG00000261051,3
ENSG00000261052,0
ENSG00000261053,0
ENSG00000261054,0
ENSG00000261055,1
ENSG00000261056,10
ENSG00000261057,1
ENSG00000261058,1
ENSG00000261060,5
ENSG00000261061,76
ENSG00000261063,1
ENSG00000261064,14
ENSG00000261065,0
ENSG00000261066,0
ENSG00000261067,29
ENSG00000261068,128
ENSG00000261069,5
ENSG00000261070,0
ENSG00000261071,0
ENSG00000261072,0
ENSG00000261075,0
ENSG00000261076,1
ENSG00000261077,0
ENSG00000261078,0
ENSG00000261079,16
ENSG00000261080,0
ENSG00000261081,0
ENSG00000261082,0
ENSG00000261083,180
ENSG00000261084,0
ENSG00000261087,106
ENSG00000261089,3
ENSG00000261090,0
ENSG00000261092,0
ENSG00000261093,0
ENSG00000261094,65
ENSG00000261095,0
ENSG00000261096,2
ENSG00000261097,4
ENSG00000261098,82
ENSG00000261101,19
ENSG00000261102,0
ENSG00000261103,0
ENSG00000261104,0
ENSG00000261105,36
ENSG00000261108,0
ENSG00000261111,0
ENSG00000261113,5
ENSG00000261114,32
ENSG00000261115,1147
ENSG00000261116,43
ENSG00000261117,0
ENSG00000261118,27
ENSG00000261120,0
ENSG00000261121,1
ENSG00000261122,0
ENSG00000261123,7
ENSG00000261124,1
ENSG00000261126,67
ENSG00000261127,0
ENSG00000261129,0
ENSG00000261130,0
ENSG00000261131,6
ENSG00000261135,6
ENSG00000261136,95
ENSG00000261140,2
ENSG00000261141,27
ENSG00000261143,5
ENSG00000261144,0
ENSG00000261145,0
ENSG00000261146,0
ENSG00000261147,21
ENSG00000261150,339
ENSG00000261151,0
ENSG00000261153,0
ENSG00000261154,0
ENSG00000261156,0
ENSG00000261158,0
ENSG00000261159,40
ENSG00000261161,0
ENSG00000261166,0
ENSG00000261167,115
ENSG00000261168,8
ENSG00000261170,0
ENSG00000261171,0
ENSG00000261172,19
ENSG00000261173,1
ENSG00000261174,1
ENSG00000261175,3
ENSG00000261176,0
ENSG00000261177,1
ENSG00000261178,0
ENSG00000261181,0
ENSG00000261182,0
ENSG00000261183,1551
ENSG00000261184,0
ENSG00000261186,12
ENSG00000261187,16
ENSG00000261188,123
ENSG00000261189,12
ENSG00000261190,0
ENSG00000261191,0
ENSG00000261192,3
ENSG00000261193,0
ENSG00000261194,0
ENSG00000261195,0
ENSG00000261196,0
ENSG00000261197,0
ENSG00000261198,0
ENSG00000261199,0
ENSG00000261200,0
ENSG00000261202,0
ENSG00000261203,0
ENSG00000261204,0
ENSG00000261205,0
ENSG00000261206,0
ENSG00000261207,10
ENSG00000261208,1
ENSG00000261209,0
ENSG00000261210,0
ENSG00000261211,27
ENSG00000261212,2
ENSG00000261213,0
ENSG00000261215,5
ENSG00000261216,1
ENSG00000261217,6
ENSG00000261218,4
ENSG00000261219,0
ENSG00000261220,39
ENSG00000261221,918
ENSG00000261222,3
ENSG00000261226,7
ENSG00000261227,0
ENSG00000261229,55
ENSG00000261231,0
ENSG00000261232,1
ENSG00000261233,0
ENSG00000261234,0
ENSG00000261235,3
ENSG00000261236,3088
ENSG00000261238,0
ENSG00000261239,1
ENSG00000261240,0
ENSG00000261241,0
ENSG00000261242,4
ENSG00000261243,2
ENSG00000261244,2
ENSG00000261245,1
ENSG00000261247,1
ENSG00000261248,1
ENSG00000261249,0
ENSG00000261250,0
ENSG00000261251,10
ENSG00000261253,12
ENSG00000261254,92
ENSG00000261257,2
ENSG00000261259,0
ENSG00000261260,0
ENSG00000261261,0
ENSG00000261263,0
ENSG00000261265,0
ENSG00000261266,0
ENSG00000261267,3
ENSG00000261268,0
ENSG00000261269,223
ENSG00000261270,47
ENSG00000261272,0
ENSG00000261273,0
ENSG00000261274,0
ENSG00000261275,0
ENSG00000261276,0
ENSG00000261277,0
ENSG00000261278,0
ENSG00000261279,0
ENSG00000261281,0
ENSG00000261282,0
ENSG00000261284,0
ENSG00000261285,0
ENSG00000261286,53
ENSG00000261288,0
ENSG00000261289,0
ENSG00000261290,0
ENSG00000261291,4
ENSG00000261292,112
ENSG00000261293,0
ENSG00000261294,0
ENSG00000261295,7
ENSG00000261296,0
ENSG00000261298,0
ENSG00000261299,0
ENSG00000261302,3
ENSG00000261303,0
ENSG00000261304,0
ENSG00000261305,15
ENSG00000261307,0
ENSG00000261308,8
ENSG00000261310,0
ENSG00000261312,1
ENSG00000261313,0
ENSG00000261314,0
ENSG00000261315,0
ENSG00000261316,0
ENSG00000261317,0
ENSG00000261318,7
ENSG00000261319,0
ENSG00000261320,0
ENSG00000261324,174
ENSG00000261325,0
ENSG00000261326,289
ENSG00000261327,3
ENSG00000261329,1
ENSG00000261330,0
ENSG00000261331,0
ENSG00000261332,138
ENSG00000261333,3
ENSG00000261334,0
ENSG00000261335,6
ENSG00000261336,1
ENSG00000261338,97
ENSG00000261340,0
ENSG00000261341,2
ENSG00000261342,53
ENSG00000261346,17
ENSG00000261347,0
ENSG00000261348,0
ENSG00000261349,0
ENSG00000261350,0
ENSG00000261351,132
ENSG00000261353,37
ENSG00000261356,0
ENSG00000261357,3
ENSG00000261359,15
ENSG00000261360,28
ENSG00000261362,0
ENSG00000261363,1
ENSG00000261364,0
ENSG00000261365,0
ENSG00000261366,14
ENSG00000261367,2
ENSG00000261368,0
ENSG00000261369,0
ENSG00000261371,7016
ENSG00000261373,157
ENSG00000261375,1
ENSG00000261376,0
ENSG00000261377,12
ENSG00000261379,7
ENSG00000261382,0
ENSG00000261384,0
ENSG00000261385,0
ENSG00000261386,4
ENSG00000261390,3
ENSG00000261391,0
ENSG00000261392,0
ENSG00000261393,0
ENSG00000261394,0
ENSG00000261395,0
ENSG00000261396,1
ENSG00000261397,0
ENSG00000261398,0
ENSG00000261399,0
ENSG00000261400,0
ENSG00000261401,1
ENSG00000261402,0
ENSG00000261403,0
ENSG00000261404,3
ENSG00000261405,0
ENSG00000261407,2
ENSG00000261408,64
ENSG00000261409,0
ENSG00000261410,0
ENSG00000261411,1
ENSG00000261416,7
ENSG00000261418,0
ENSG00000261419,0
ENSG00000261420,11
ENSG00000261421,0
ENSG00000261423,42
ENSG00000261424,0
ENSG00000261426,0
ENSG00000261427,5
ENSG00000261428,29
ENSG00000261429,0
ENSG00000261430,1
ENSG00000261431,3
ENSG00000261432,0
ENSG00000261433,3
ENSG00000261434,3
ENSG00000261435,0
ENSG00000261436,0
ENSG00000261437,53
ENSG00000261438,19
ENSG00000261439,1
ENSG00000261440,0
ENSG00000261441,21
ENSG00000261442,1
ENSG00000261444,0
ENSG00000261445,0
ENSG00000261446,0
ENSG00000261447,2
ENSG00000261448,1
ENSG00000261449,0
ENSG00000261451,3
ENSG00000261453,0
ENSG00000261455,360
ENSG00000261456,13
ENSG00000261457,5
ENSG00000261458,0
ENSG00000261459,1
ENSG00000261460,34
ENSG00000261461,24
ENSG00000261462,1
ENSG00000261465,8
ENSG00000261466,0
ENSG00000261467,1
ENSG00000261468,8
ENSG00000261469,13
ENSG00000261470,0
ENSG00000261471,0
ENSG00000261472,0
ENSG00000261474,75
ENSG00000261475,0
ENSG00000261476,2
ENSG00000261478,0
ENSG00000261480,0
ENSG00000261481,1
ENSG00000261482,0
ENSG00000261485,39
ENSG00000261486,0
ENSG00000261487,16
ENSG00000261488,742
ENSG00000261489,1
ENSG00000261490,19
ENSG00000261491,0
ENSG00000261496,2
ENSG00000261497,0
ENSG00000261498,1
ENSG00000261499,7
ENSG00000261501,0
ENSG00000261502,0
ENSG00000261504,11
ENSG00000261505,110
ENSG00000261507,0
ENSG00000261509,0
ENSG00000261510,0
ENSG00000261511,0
ENSG00000261512,87
ENSG00000261513,3
ENSG00000261514,0
ENSG00000261515,0
ENSG00000261517,0
ENSG00000261519,0
ENSG00000261520,38
ENSG00000261522,2
ENSG00000261523,0
ENSG00000261524,0
ENSG00000261526,220
ENSG00000261527,0
ENSG00000261528,2
ENSG00000261529,2
ENSG00000261532,0
ENSG00000261533,21
ENSG00000261534,385
ENSG00000261535,1
ENSG00000261536,0
ENSG00000261537,0
ENSG00000261538,291
ENSG00000261540,0
ENSG00000261541,0
ENSG00000261542,32
ENSG00000261543,0
ENSG00000261544,1
ENSG00000261546,10
ENSG00000261548,6
ENSG00000261549,0
ENSG00000261550,3
ENSG00000261552,0
ENSG00000261553,21
ENSG00000261554,0
ENSG00000261555,0
ENSG00000261556,114
ENSG00000261557,6
ENSG00000261558,0
ENSG00000261559,1
ENSG00000261560,11
ENSG00000261561,0
ENSG00000261564,0
ENSG00000261566,0
ENSG00000261567,3
ENSG00000261568,1
ENSG00000261569,0
ENSG00000261570,10
ENSG00000261572,507
ENSG00000261573,0
ENSG00000261574,0
ENSG00000261575,11
ENSG00000261578,28
ENSG00000261580,0
ENSG00000261581,0
ENSG00000261582,5
ENSG00000261583,0
ENSG00000261584,2
ENSG00000261586,27
ENSG00000261587,1
ENSG00000261588,4
ENSG00000261590,0
ENSG00000261592,1
ENSG00000261593,0
ENSG00000261594,22
ENSG00000261595,1
ENSG00000261596,7
ENSG00000261598,0
ENSG00000261599,0
ENSG00000261600,26
ENSG00000261602,0
ENSG00000261603,8
ENSG00000261604,9
ENSG00000261606,1
ENSG00000261607,0
ENSG00000261608,0
ENSG00000261609,365
ENSG00000261610,2
ENSG00000261611,9
ENSG00000261612,1
ENSG00000261613,0
ENSG00000261614,1
ENSG00000261615,0
ENSG00000261616,6
ENSG00000261617,3
ENSG00000261618,0
ENSG00000261620,16
ENSG00000261621,0
ENSG00000261622,0
ENSG00000261623,0
ENSG00000261624,0
ENSG00000261625,10
ENSG00000261627,0
ENSG00000261628,0
ENSG00000261629,0
ENSG00000261630,0
ENSG00000261632,0
ENSG00000261633,0
ENSG00000261634,1
ENSG00000261635,0
ENSG00000261636,0
ENSG00000261637,0
ENSG00000261638,0
ENSG00000261641,0
ENSG00000261642,0
ENSG00000261643,49
ENSG00000261644,3
ENSG00000261645,0
ENSG00000261646,1
ENSG00000261647,1
ENSG00000261648,0
ENSG00000261649,2
ENSG00000261650,0
ENSG00000261651,0
ENSG00000261652,418
ENSG00000261653,0
ENSG00000261654,15
ENSG00000261655,50
ENSG00000261656,7
ENSG00000261659,45
ENSG00000261662,12
ENSG00000261663,70
ENSG00000261664,104
ENSG00000261665,0
ENSG00000261666,0
ENSG00000261667,0
ENSG00000261668,1
ENSG00000261669,5
ENSG00000261670,3
ENSG00000261671,9
ENSG00000261672,0
ENSG00000261673,1
ENSG00000261675,0
ENSG00000261678,5
ENSG00000261679,0
ENSG00000261680,1
ENSG00000261682,0
ENSG00000261683,0
ENSG00000261684,0
ENSG00000261685,62
ENSG00000261687,5
ENSG00000261689,0
ENSG00000261691,0
ENSG00000261692,0
ENSG00000261693,12
ENSG00000261695,0
ENSG00000261696,0
ENSG00000261697,0
ENSG00000261701,0
ENSG00000261702,0
ENSG00000261703,0
ENSG00000261704,0
ENSG00000261706,1
ENSG00000261707,8
ENSG00000261708,0
ENSG00000261709,0
ENSG00000261710,0
ENSG00000261711,0
ENSG00000261713,33
ENSG00000261714,1
ENSG00000261715,0
ENSG00000261716,330
ENSG00000261717,0
ENSG00000261719,0
ENSG00000261720,0
ENSG00000261722,0
ENSG00000261723,1
ENSG00000261725,0
ENSG00000261727,1
ENSG00000261728,1
ENSG00000261729,0
ENSG00000261730,0
ENSG00000261731,0
ENSG00000261732,6
ENSG00000261733,0
ENSG00000261734,0
ENSG00000261736,1
ENSG00000261737,34
ENSG00000261738,0
ENSG00000261739,8
ENSG00000261740,247
ENSG00000261741,1
ENSG00000261742,3
ENSG00000261743,0
ENSG00000261744,27
ENSG00000261745,1
ENSG00000261747,0
ENSG00000261748,0
ENSG00000261749,0
ENSG00000261751,0
ENSG00000261752,0
ENSG00000261754,113
ENSG00000261757,0
ENSG00000261758,0
ENSG00000261759,0
ENSG00000261760,0
ENSG00000261761,0
ENSG00000261762,14
ENSG00000261763,0
ENSG00000261764,1
ENSG00000261765,1
ENSG00000261766,2
ENSG00000261770,13
ENSG00000261771,2
ENSG00000261773,2
ENSG00000261774,0
ENSG00000261775,6
ENSG00000261776,0
ENSG00000261777,182
ENSG00000261778,0
ENSG00000261779,0
ENSG00000261780,0
ENSG00000261781,0
ENSG00000261782,0
ENSG00000261783,11
ENSG00000261786,0
ENSG00000261787,1
ENSG00000261789,0
ENSG00000261790,0
ENSG00000261792,0
ENSG00000261793,0
ENSG00000261794,9
ENSG00000261795,2
ENSG00000261796,0
ENSG00000261797,1
ENSG00000261798,1
ENSG00000261799,485
ENSG00000261800,0
ENSG00000261801,1248
ENSG00000261802,0
ENSG00000261803,2
ENSG00000261804,23
ENSG00000261806,0
ENSG00000261807,0
ENSG00000261809,0
ENSG00000261810,0
ENSG00000261811,0
ENSG00000261812,3
ENSG00000261813,0
ENSG00000261815,0
ENSG00000261816,0
ENSG00000261817,0
ENSG00000261818,0
ENSG00000261819,57
ENSG00000261820,0
ENSG00000261821,8
ENSG00000261822,0
ENSG00000261823,0
ENSG00000261824,492
ENSG00000261826,0
ENSG00000261829,1
ENSG00000261831,0
ENSG00000261832,1
ENSG00000261833,0
ENSG00000261834,0
ENSG00000261835,0
ENSG00000261836,0
ENSG00000261837,0
ENSG00000261838,2
ENSG00000261839,3
ENSG00000261840,29
ENSG00000261842,7
ENSG00000261845,0
ENSG00000261848,0
ENSG00000261856,0
ENSG00000261857,2
ENSG00000261863,0
ENSG00000261864,4
ENSG00000261866,0
ENSG00000261868,1
ENSG00000261872,0
ENSG00000261873,0
ENSG00000261879,108
ENSG00000261882,0
ENSG00000261884,56
ENSG00000261886,8
ENSG00000261888,37
ENSG00000261889,33
ENSG00000261898,1
ENSG00000261904,0
ENSG00000261914,0
ENSG00000261915,0
ENSG00000261916,2
ENSG00000261924,5
ENSG00000261934,27
ENSG00000261938,0
ENSG00000261939,0
ENSG00000261949,0
ENSG00000261959,0
ENSG00000261963,0
ENSG00000261965,0
ENSG00000261970,1
ENSG00000261971,392
ENSG00000261976,0
ENSG00000261978,0
ENSG00000261987,0
ENSG00000261996,2
ENSG00000261997,2
ENSG00000262000,0
ENSG00000262001,9
ENSG00000262003,1
ENSG00000262006,4
ENSG00000262008,0
ENSG00000262011,0
ENSG00000262020,0
ENSG00000262031,0
ENSG00000262038,0
ENSG00000262039,0
ENSG00000262048,0
ENSG00000262049,115
ENSG00000262050,10
ENSG00000262052,10
ENSG00000262061,13
ENSG00000262067,0
ENSG00000262074,0
ENSG00000262075,2
ENSG00000262079,0
ENSG00000262081,0
ENSG00000262085,0
ENSG00000262089,29
ENSG00000262090,0
ENSG00000262094,0
ENSG00000262095,0
ENSG00000262096,8
ENSG00000262097,1
ENSG00000262098,7
ENSG00000262099,0
ENSG00000262106,0
ENSG00000262107,0
ENSG00000262112,0
ENSG00000262115,8
ENSG00000262116,0
ENSG00000262117,0
ENSG00000262118,0
ENSG00000262119,0
ENSG00000262120,0
ENSG00000262133,2
ENSG00000262135,0
ENSG00000262136,18
ENSG00000262140,0
ENSG00000262141,0
ENSG00000262147,7
ENSG00000262151,0
ENSG00000262152,9
ENSG00000262154,1
ENSG00000262155,17
ENSG00000262158,0
ENSG00000262160,0
ENSG00000262165,43
ENSG00000262171,3
ENSG00000262172,1
ENSG00000262179,21
ENSG00000262180,1
ENSG00000262181,0
ENSG00000262185,19
ENSG00000262187,0
ENSG00000262188,10
ENSG00000262198,8
ENSG00000262202,0
ENSG00000262209,20
ENSG00000262211,0
ENSG00000262213,0
ENSG00000262222,29
ENSG00000262223,2
ENSG00000262227,35
ENSG00000262228,6
ENSG00000262231,0
ENSG00000262235,0
ENSG00000262246,1055
ENSG00000262248,7
ENSG00000262251,25
ENSG00000262259,0
ENSG00000262262,0
ENSG00000262265,0
ENSG00000262267,1
ENSG00000262271,0
ENSG00000262292,0
ENSG00000262294,56
ENSG00000262296,0
ENSG00000262298,3
ENSG00000262302,0
ENSG00000262304,9
ENSG00000262312,3
ENSG00000262313,0
ENSG00000262316,0
ENSG00000262319,5
ENSG00000262322,0
ENSG00000262332,0
ENSG00000262333,53
ENSG00000262339,0
ENSG00000262343,0
ENSG00000262352,1
ENSG00000262358,1
ENSG00000262362,9
ENSG00000262366,0
ENSG00000262370,16
ENSG00000262372,8
ENSG00000262380,0
ENSG00000262381,0
ENSG00000262384,0
ENSG00000262395,0
ENSG00000262400,0
ENSG00000262402,3
ENSG00000262406,7
ENSG00000262408,0
ENSG00000262410,10
ENSG00000262412,1
ENSG00000262413,0
ENSG00000262420,13
ENSG00000262429,0
ENSG00000262434,6
ENSG00000262445,6
ENSG00000262454,25
ENSG00000262456,0
ENSG00000262461,0
ENSG00000262468,170
ENSG00000262470,0
ENSG00000262471,0
ENSG00000262477,0
ENSG00000262480,1
ENSG00000262481,2
ENSG00000262482,3
ENSG00000262484,8
ENSG00000262488,2
ENSG00000262492,0
ENSG00000262495,1
ENSG00000262497,1
ENSG00000262500,1
ENSG00000262503,27
ENSG00000262514,0
ENSG00000262516,0
ENSG00000262518,0
ENSG00000262519,2
ENSG00000262521,0
ENSG00000262526,0
ENSG00000262528,6
ENSG00000262529,0
ENSG00000262533,0
ENSG00000262539,6
ENSG00000262543,0
ENSG00000262554,0
ENSG00000262558,35
ENSG00000262560,0
ENSG00000262561,0
ENSG00000262566,0
ENSG00000262576,15
ENSG00000262580,387
ENSG00000262583,16
ENSG00000262585,48
ENSG00000262587,41
ENSG00000262601,16
ENSG00000262609,0
ENSG00000262619,3
ENSG00000262621,8
ENSG00000262623,0
ENSG00000262624,0
ENSG00000262628,0
ENSG00000262633,0
ENSG00000262636,4
ENSG00000262648,0
ENSG00000262651,0
ENSG00000262652,3
ENSG00000262655,176
ENSG00000262660,0
ENSG00000262662,0
ENSG00000262663,1
ENSG00000262664,0
ENSG00000262668,0
ENSG00000262670,0
ENSG00000262678,19
ENSG00000262681,1
ENSG00000262686,13
ENSG00000262691,39
ENSG00000262692,8
ENSG00000262693,2
ENSG00000262700,3
ENSG00000262703,4
ENSG00000262708,0
ENSG00000262712,10
ENSG00000262714,30
ENSG00000262721,0
ENSG00000262728,4
ENSG00000262730,0
ENSG00000262732,2
ENSG00000262759,0
ENSG00000262766,25
ENSG00000262768,0
ENSG00000262769,1
ENSG00000262772,1315
ENSG00000262777,4
ENSG00000262786,0
ENSG00000262791,0
ENSG00000262801,1
ENSG00000262803,1
ENSG00000262810,3
ENSG00000262814,1426
ENSG00000262815,0
ENSG00000262818,0
ENSG00000262823,164
ENSG00000262831,0
ENSG00000262833,0
ENSG00000262837,2
ENSG00000262848,0
ENSG00000262855,0
ENSG00000262869,2
ENSG00000262870,0
ENSG00000262873,13
ENSG00000262874,7
ENSG00000262877,15
ENSG00000262879,218
ENSG00000262880,0
ENSG00000262881,0
ENSG00000262884,6
ENSG00000262885,0
ENSG00000262888,18
ENSG00000262890,0
ENSG00000262898,0
ENSG00000262899,0
ENSG00000262902,35
ENSG00000262903,14
ENSG00000262904,0
ENSG00000262905,3
ENSG00000262919,1088
ENSG00000262920,5
ENSG00000262921,0
ENSG00000262943,435
ENSG00000262950,0
ENSG00000262952,0
ENSG00000262953,0
ENSG00000262959,0
ENSG00000262961,0
ENSG00000262962,2
ENSG00000262966,5
ENSG00000262967,0
ENSG00000262974,0
ENSG00000262979,31
ENSG00000262980,0
ENSG00000262983,1
ENSG00000262990,0
ENSG00000262995,0
ENSG00000262999,0
ENSG00000263001,3030
ENSG00000263002,581
ENSG00000263004,113
ENSG00000263006,39
ENSG00000263011,25
ENSG00000263013,36
ENSG00000263015,0
ENSG00000263017,0
ENSG00000263020,2
ENSG00000263029,0
ENSG00000263033,5
ENSG00000263041,0
ENSG00000263045,0
ENSG00000263050,47
ENSG00000263051,0
ENSG00000263063,9
ENSG00000263064,46
ENSG00000263065,2
ENSG00000263069,59
ENSG00000263070,0
ENSG00000263072,442
ENSG00000263080,6
ENSG00000263081,0
ENSG00000263082,0
ENSG00000263089,22
ENSG00000263096,0
ENSG00000263098,1
ENSG00000263105,27
ENSG00000263107,0
ENSG00000263110,0
ENSG00000263120,0
ENSG00000263125,1
ENSG00000263126,49
ENSG00000263142,404
ENSG00000263146,0
ENSG00000263154,2
ENSG00000263155,52
ENSG00000263159,0
ENSG00000263164,18
ENSG00000263165,0
ENSG00000263167,23
ENSG00000263171,0
ENSG00000263176,0
ENSG00000263177,2
ENSG00000263179,0
ENSG00000263189,1
ENSG00000263196,0
ENSG00000263198,0
ENSG00000263199,0
ENSG00000263201,2
ENSG00000263204,0
ENSG00000263206,0
ENSG00000263207,0
ENSG00000263212,0
ENSG00000263214,78
ENSG00000263218,0
ENSG00000263219,3
ENSG00000263220,1
ENSG00000263232,1
ENSG00000263234,0
ENSG00000263235,9
ENSG00000263237,0
ENSG00000263241,0
ENSG00000263244,0
ENSG00000263252,0
ENSG00000263253,0
ENSG00000263257,0
ENSG00000263264,1
ENSG00000263266,87
ENSG00000263271,0
ENSG00000263272,120
ENSG00000263276,14
ENSG00000263277,0
ENSG00000263278,0
ENSG00000263279,0
ENSG00000263280,27
ENSG00000263293,15
ENSG00000263300,0
ENSG00000263301,0
ENSG00000263305,0
ENSG00000263307,7
ENSG00000263311,0
ENSG00000263312,2
ENSG00000263316,43
ENSG00000263317,0
ENSG00000263321,2
ENSG00000263325,20
ENSG00000263326,7
ENSG00000263327,115
ENSG00000263331,0
ENSG00000263335,291
ENSG00000263337,0
ENSG00000263338,0
ENSG00000263342,0
ENSG00000263343,2
ENSG00000263345,44
ENSG00000263351,0
ENSG00000263353,0
ENSG00000263354,0
ENSG00000263355,0
ENSG00000263357,0
ENSG00000263360,0
ENSG00000263361,0
ENSG00000263363,0
ENSG00000263365,0
ENSG00000263366,1
ENSG00000263368,0
ENSG00000263369,0
ENSG00000263370,0
ENSG00000263371,0
ENSG00000263372,0
ENSG00000263375,0
ENSG00000263377,0
ENSG00000263378,0
ENSG00000263381,0
ENSG00000263382,0
ENSG00000263383,0
ENSG00000263384,0
ENSG00000263388,0
ENSG00000263389,0
ENSG00000263390,0
ENSG00000263391,0
ENSG00000263392,0
ENSG00000263393,4
ENSG00000263394,0
ENSG00000263395,0
ENSG00000263396,0
ENSG00000263397,0
ENSG00000263399,0
ENSG00000263400,2
ENSG00000263401,0
ENSG00000263403,0
ENSG00000263404,0
ENSG00000263405,0
ENSG00000263407,0
ENSG00000263409,0
ENSG00000263410,0
ENSG00000263412,36
ENSG00000263413,0
ENSG00000263414,0
ENSG00000263415,0
ENSG00000263416,0
ENSG00000263417,0
ENSG00000263421,0
ENSG00000263422,18
ENSG00000263424,0
ENSG00000263425,0
ENSG00000263426,0
ENSG00000263427,2
ENSG00000263429,0
ENSG00000263432,8
ENSG00000263433,0
ENSG00000263435,0
ENSG00000263436,0
ENSG00000263438,0
ENSG00000263439,0
ENSG00000263441,1
ENSG00000263443,0
ENSG00000263445,0
ENSG00000263447,0
ENSG00000263448,0
ENSG00000263449,0
ENSG00000263450,0
ENSG00000263453,0
ENSG00000263456,0
ENSG00000263457,0
ENSG00000263458,0
ENSG00000263460,0
ENSG00000263462,0
ENSG00000263463,0
ENSG00000263464,0
ENSG00000263465,1424
ENSG00000263466,6
ENSG00000263468,0
ENSG00000263470,241
ENSG00000263473,0
ENSG00000263475,3
ENSG00000263476,0
ENSG00000263477,1
ENSG00000263479,0
ENSG00000263481,0
ENSG00000263482,0
ENSG00000263483,0
ENSG00000263485,0
ENSG00000263489,0
ENSG00000263490,0
ENSG00000263494,0
ENSG00000263497,0
ENSG00000263499,0
ENSG00000263501,0
ENSG00000263502,0
ENSG00000263503,0
ENSG00000263504,0
ENSG00000263505,0
ENSG00000263506,0
ENSG00000263507,0
ENSG00000263508,1
ENSG00000263509,0
ENSG00000263510,0
ENSG00000263511,0
ENSG00000263512,0
ENSG00000263513,11
ENSG00000263514,0
ENSG00000263515,0
ENSG00000263519,0
ENSG00000263520,0
ENSG00000263522,0
ENSG00000263525,0
ENSG00000263526,0
ENSG00000263527,0
ENSG00000263528,520
ENSG00000263529,0
ENSG00000263531,1
ENSG00000263533,0
ENSG00000263535,3
ENSG00000263537,0
ENSG00000263538,0
ENSG00000263539,0
ENSG00000263540,0
ENSG00000263542,0
ENSG00000263546,0
ENSG00000263547,0
ENSG00000263548,0
ENSG00000263551,0
ENSG00000263553,0
ENSG00000263554,0
ENSG00000263556,0
ENSG00000263558,0
ENSG00000263561,0
ENSG00000263563,410
ENSG00000263565,0
ENSG00000263566,1
ENSG00000263567,0
ENSG00000263568,0
ENSG00000263570,0
ENSG00000263571,0
ENSG00000263572,0
ENSG00000263573,0
ENSG00000263574,0
ENSG00000263575,0
ENSG00000263576,0
ENSG00000263577,0
ENSG00000263578,0
ENSG00000263581,0
ENSG00000263583,0
ENSG00000263584,0
ENSG00000263585,0
ENSG00000263586,14
ENSG00000263588,0
ENSG00000263590,21
ENSG00000263592,0
ENSG00000263593,0
ENSG00000263594,0
ENSG00000263595,0
ENSG00000263596,0
ENSG00000263597,22
ENSG00000263600,0
ENSG00000263602,0
ENSG00000263603,3
ENSG00000263604,0
ENSG00000263606,0
ENSG00000263608,0
ENSG00000263609,2
ENSG00000263611,0
ENSG00000263612,7
ENSG00000263613,0
ENSG00000263615,0
ENSG00000263616,0
ENSG00000263618,0
ENSG00000263620,0
ENSG00000263622,0
ENSG00000263623,0
ENSG00000263624,0
ENSG00000263626,0
ENSG00000263627,17
ENSG00000263628,0
ENSG00000263629,0
ENSG00000263630,0
ENSG00000263631,0
ENSG00000263632,0
ENSG00000263634,0
ENSG00000263635,0
ENSG00000263636,0
ENSG00000263637,0
ENSG00000263639,1
ENSG00000263640,0
ENSG00000263641,0
ENSG00000263642,0
ENSG00000263643,0
ENSG00000263644,0
ENSG00000263645,1
ENSG00000263647,0
ENSG00000263648,0
ENSG00000263649,0
ENSG00000263651,0
ENSG00000263652,0
ENSG00000263653,0
ENSG00000263655,1
ENSG00000263657,2
ENSG00000263658,0
ENSG00000263660,2
ENSG00000263663,0
ENSG00000263666,0
ENSG00000263667,0
ENSG00000263669,0
ENSG00000263670,0
ENSG00000263672,1
ENSG00000263674,0
ENSG00000263675,6
ENSG00000263676,0
ENSG00000263677,0
ENSG00000263678,0
ENSG00000263680,0
ENSG00000263681,0
ENSG00000263682,0
ENSG00000263683,0
ENSG00000263684,0
ENSG00000263685,0
ENSG00000263686,0
ENSG00000263688,0
ENSG00000263689,0
ENSG00000263690,0
ENSG00000263691,0
ENSG00000263692,0
ENSG00000263693,0
ENSG00000263697,0
ENSG00000263698,0
ENSG00000263705,0
ENSG00000263707,0
ENSG00000263708,0
ENSG00000263709,0
ENSG00000263711,0
ENSG00000263712,0
ENSG00000263713,0
ENSG00000263715,0
ENSG00000263716,0
ENSG00000263717,7
ENSG00000263718,1
ENSG00000263719,0
ENSG00000263720,0
ENSG00000263721,0
ENSG00000263723,0
ENSG00000263724,0
ENSG00000263725,0
ENSG00000263727,0
ENSG00000263729,0
ENSG00000263730,0
ENSG00000263731,173
ENSG00000263733,0
ENSG00000263734,0
ENSG00000263735,0
ENSG00000263738,27
ENSG00000263740,2
ENSG00000263741,0
ENSG00000263742,1
ENSG00000263743,0
ENSG00000263744,0
ENSG00000263745,0
ENSG00000263746,0
ENSG00000263748,0
ENSG00000263749,0
ENSG00000263750,0
ENSG00000263751,0
ENSG00000263752,0
ENSG00000263753,1433
ENSG00000263755,0
ENSG00000263756,0
ENSG00000263757,0
ENSG00000263759,0
ENSG00000263761,1
ENSG00000263762,0
ENSG00000263763,0
ENSG00000263764,0
ENSG00000263765,0
ENSG00000263766,10
ENSG00000263767,0
ENSG00000263768,1
ENSG00000263772,0
ENSG00000263774,0
ENSG00000263775,0
ENSG00000263776,0
ENSG00000263780,0
ENSG00000263781,4
ENSG00000263782,0
ENSG00000263783,0
ENSG00000263785,0
ENSG00000263786,6
ENSG00000263787,2
ENSG00000263788,0
ENSG00000263790,0
ENSG00000263793,0
ENSG00000263794,0
ENSG00000263795,0
ENSG00000263797,0
ENSG00000263798,0
ENSG00000263800,3
ENSG00000263802,0
ENSG00000263805,0
ENSG00000263808,0
ENSG00000263809,13
ENSG00000263810,0
ENSG00000263811,0
ENSG00000263812,48
ENSG00000263813,0
ENSG00000263814,0
ENSG00000263815,0
ENSG00000263816,0
ENSG00000263818,14
ENSG00000263820,0
ENSG00000263821,0
ENSG00000263823,17
ENSG00000263825,0
ENSG00000263826,20
ENSG00000263827,0
ENSG00000263828,0
ENSG00000263829,0
ENSG00000263831,0
ENSG00000263834,0
ENSG00000263835,0
ENSG00000263838,0
ENSG00000263840,0
ENSG00000263841,0
ENSG00000263842,3
ENSG00000263843,27
ENSG00000263845,0
ENSG00000263846,2
ENSG00000263847,1
ENSG00000263848,0
ENSG00000263849,0
ENSG00000263853,0
ENSG00000263855,0
ENSG00000263856,0
ENSG00000263857,0
ENSG00000263858,0
ENSG00000263859,0
ENSG00000263860,0
ENSG00000263861,0
ENSG00000263862,0
ENSG00000263863,0
ENSG00000263868,0
ENSG00000263870,0
ENSG00000263872,0
ENSG00000263873,0
ENSG00000263874,66
ENSG00000263878,1
ENSG00000263881,0
ENSG00000263882,1
ENSG00000263883,0
ENSG00000263884,16
ENSG00000263885,0
ENSG00000263886,0
ENSG00000263887,0
ENSG00000263890,0
ENSG00000263891,0
ENSG00000263892,0
ENSG00000263893,0
ENSG00000263894,0
ENSG00000263895,0
ENSG00000263897,0
ENSG00000263898,0
ENSG00000263900,0
ENSG00000263903,0
ENSG00000263904,0
ENSG00000263905,0
ENSG00000263907,0
ENSG00000263908,0
ENSG00000263909,0
ENSG00000263913,0
ENSG00000263914,0
ENSG00000263916,3
ENSG00000263917,0
ENSG00000263918,0
ENSG00000263921,0
ENSG00000263923,0
ENSG00000263924,1
ENSG00000263926,0
ENSG00000263927,0
ENSG00000263928,0
ENSG00000263931,1
ENSG00000263932,0
ENSG00000263933,1
ENSG00000263934,2
ENSG00000263935,0
ENSG00000263938,0
ENSG00000263940,0
ENSG00000263941,1
ENSG00000263944,0
ENSG00000263945,0
ENSG00000263946,0
ENSG00000263948,0
ENSG00000263952,2
ENSG00000263954,0
ENSG00000263955,0
ENSG00000263956,456
ENSG00000263957,0
ENSG00000263958,0
ENSG00000263960,4
ENSG00000263961,10
ENSG00000263963,0
ENSG00000263964,0
ENSG00000263967,0
ENSG00000263968,27
ENSG00000263969,1
ENSG00000263970,2
ENSG00000263972,0
ENSG00000263973,0
ENSG00000263974,0
ENSG00000263976,0
ENSG00000263978,0
ENSG00000263979,0
ENSG00000263980,2
ENSG00000263981,0
ENSG00000263982,5
ENSG00000263984,0
ENSG00000263985,0
ENSG00000263986,0
ENSG00000263987,0
ENSG00000263988,0
ENSG00000263989,0
ENSG00000263990,6
ENSG00000263993,0
ENSG00000263995,0
ENSG00000263997,0
ENSG00000263999,0
ENSG00000264000,0
ENSG00000264002,0
ENSG00000264004,0
ENSG00000264005,0
ENSG00000264006,2
ENSG00000264007,3
ENSG00000264009,0
ENSG00000264010,0
ENSG00000264012,0
ENSG00000264013,0
ENSG00000264014,0
ENSG00000264015,0
ENSG00000264016,3
ENSG00000264017,7
ENSG00000264019,0
ENSG00000264021,0
ENSG00000264022,0
ENSG00000264023,0
ENSG00000264024,0
ENSG00000264026,0
ENSG00000264028,0
ENSG00000264029,0
ENSG00000264030,0
ENSG00000264031,0
ENSG00000264032,0
ENSG00000264034,0
ENSG00000264036,0
ENSG00000264037,0
ENSG00000264038,0
ENSG00000264039,0
ENSG00000264040,0
ENSG00000264041,0
ENSG00000264042,0
ENSG00000264044,1
ENSG00000264045,0
ENSG00000264047,0
ENSG00000264048,0
ENSG00000264049,3
ENSG00000264050,0
ENSG00000264052,0
ENSG00000264054,0
ENSG00000264055,0
ENSG00000264056,5
ENSG00000264057,2
ENSG00000264058,1
ENSG00000264060,0
ENSG00000264061,0
ENSG00000264062,0
ENSG00000264063,0
ENSG00000264066,0
ENSG00000264067,2
ENSG00000264069,0
ENSG00000264070,1
ENSG00000264071,1
ENSG00000264072,0
ENSG00000264073,0
ENSG00000264074,0
ENSG00000264075,0
ENSG00000264076,0
ENSG00000264077,0
ENSG00000264078,0
ENSG00000264079,0
ENSG00000264080,0
ENSG00000264081,0
ENSG00000264083,4
ENSG00000264084,0
ENSG00000264085,0
ENSG00000264089,0
ENSG00000264090,0
ENSG00000264091,1
ENSG00000264092,0
ENSG00000264093,0
ENSG00000264095,0
ENSG00000264097,0
ENSG00000264099,0
ENSG00000264101,0
ENSG00000264102,0
ENSG00000264103,0
ENSG00000264104,0
ENSG00000264105,0
ENSG00000264107,18
ENSG00000264108,0
ENSG00000264109,0
ENSG00000264110,0
ENSG00000264112,125
ENSG00000264113,2
ENSG00000264114,0
ENSG00000264115,0
ENSG00000264116,0
ENSG00000264119,0
ENSG00000264120,0
ENSG00000264124,0
ENSG00000264125,1
ENSG00000264127,0
ENSG00000264128,0
ENSG00000264130,0
ENSG00000264131,0
ENSG00000264133,0
ENSG00000264134,0
ENSG00000264135,0
ENSG00000264136,0
ENSG00000264137,0
ENSG00000264138,0
ENSG00000264139,0
ENSG00000264141,0
ENSG00000264142,0
ENSG00000264144,1
ENSG00000264145,0
ENSG00000264146,0
ENSG00000264147,0
ENSG00000264148,52
ENSG00000264149,0
ENSG00000264150,0
ENSG00000264151,0
ENSG00000264155,0
ENSG00000264157,0
ENSG00000264158,0
ENSG00000264160,0
ENSG00000264163,0
ENSG00000264164,0
ENSG00000264167,0
ENSG00000264168,0
ENSG00000264169,0
ENSG00000264171,0
ENSG00000264172,0
ENSG00000264173,0
ENSG00000264174,0
ENSG00000264175,0
ENSG00000264176,7
ENSG00000264177,0
ENSG00000264178,0
ENSG00000264179,1
ENSG00000264181,0
ENSG00000264182,0
ENSG00000264183,0
ENSG00000264184,0
ENSG00000264186,0
ENSG00000264187,18
ENSG00000264188,2
ENSG00000264189,0
ENSG00000264190,0
ENSG00000264192,0
ENSG00000264193,0
ENSG00000264196,0
ENSG00000264200,0
ENSG00000264201,8
ENSG00000264203,0
ENSG00000264204,5
ENSG00000264206,0
ENSG00000264207,0
ENSG00000264208,0
ENSG00000264209,1
ENSG00000264210,0
ENSG00000264211,0
ENSG00000264212,1
ENSG00000264215,1
ENSG00000264216,0
ENSG00000264217,0
ENSG00000264219,12
ENSG00000264222,4
ENSG00000264224,0
ENSG00000264226,2
ENSG00000264229,3
ENSG00000264230,2
ENSG00000264232,0
ENSG00000264233,0
ENSG00000264235,16
ENSG00000264236,0
ENSG00000264238,0
ENSG00000264239,0
ENSG00000264240,0
ENSG00000264241,0
ENSG00000264242,3
ENSG00000264243,0
ENSG00000264245,0
ENSG00000264246,0
ENSG00000264247,238
ENSG00000264248,0
ENSG00000264249,0
ENSG00000264250,0
ENSG00000264251,0
ENSG00000264254,3
ENSG00000264256,0
ENSG00000264257,0
ENSG00000264260,0
ENSG00000264261,0
ENSG00000264262,0
ENSG00000264263,0
ENSG00000264265,0
ENSG00000264266,0
ENSG00000264267,0
ENSG00000264268,0
ENSG00000264269,72
ENSG00000264270,1
ENSG00000264271,0
ENSG00000264272,1
ENSG00000264273,0
ENSG00000264274,0
ENSG00000264275,0
ENSG00000264277,0
ENSG00000264278,92
ENSG00000264279,2
ENSG00000264281,30
ENSG00000264283,1
ENSG00000264284,0
ENSG00000264286,0
ENSG00000264288,0
ENSG00000264289,0
ENSG00000264290,3
ENSG00000264292,0
ENSG00000264293,0
ENSG00000264294,0
ENSG00000264295,0
ENSG00000264296,2
ENSG00000264297,0
ENSG00000264298,0
ENSG00000264299,0
ENSG00000264300,0
ENSG00000264301,0
ENSG00000264302,0
ENSG00000264303,0
ENSG00000264304,3
ENSG00000264306,0
ENSG00000264308,0
ENSG00000264309,0
ENSG00000264311,1
ENSG00000264313,0
ENSG00000264314,0
ENSG00000264315,0
ENSG00000264316,0
ENSG00000264317,0
ENSG00000264319,0
ENSG00000264321,0
ENSG00000264322,0
ENSG00000264323,0
ENSG00000264324,16
ENSG00000264326,0
ENSG00000264327,0
ENSG00000264329,0
ENSG00000264330,0
ENSG00000264332,0
ENSG00000264333,0
ENSG00000264334,0
ENSG00000264336,0
ENSG00000264338,0
ENSG00000264339,0
ENSG00000264340,0
ENSG00000264341,0
ENSG00000264342,0
ENSG00000264343,8
ENSG00000264344,0
ENSG00000264345,4
ENSG00000264346,0
ENSG00000264349,2
ENSG00000264350,52
ENSG00000264352,0
ENSG00000264354,0
ENSG00000264357,1
ENSG00000264358,0
ENSG00000264359,0
ENSG00000264362,0
ENSG00000264364,11703
ENSG00000264365,8
ENSG00000264370,0
ENSG00000264371,0
ENSG00000264372,0
ENSG00000264373,0
ENSG00000264374,0
ENSG00000264377,1
ENSG00000264378,0
ENSG00000264379,0
ENSG00000264380,0
ENSG00000264382,0
ENSG00000264383,0
ENSG00000264384,0
ENSG00000264386,0
ENSG00000264387,0
ENSG00000264388,0
ENSG00000264390,0
ENSG00000264391,1
ENSG00000264392,0
ENSG00000264395,0
ENSG00000264397,0
ENSG00000264399,0
ENSG00000264400,0
ENSG00000264402,0
ENSG00000264404,0
ENSG00000264405,0
ENSG00000264406,0
ENSG00000264408,0
ENSG00000264410,0
ENSG00000264419,0
ENSG00000264420,0
ENSG00000264421,0
ENSG00000264422,0
ENSG00000264423,0
ENSG00000264424,0
ENSG00000264425,8
ENSG00000264426,0
ENSG00000264429,0
ENSG00000264431,0
ENSG00000264434,0
ENSG00000264435,0
ENSG00000264437,0
ENSG00000264438,0
ENSG00000264439,0
ENSG00000264441,0
ENSG00000264443,2
ENSG00000264444,0
ENSG00000264445,0
ENSG00000264446,0
ENSG00000264448,1
ENSG00000264449,0
ENSG00000264451,0
ENSG00000264452,2
ENSG00000264453,2
ENSG00000264455,0
ENSG00000264456,102
ENSG00000264458,0
ENSG00000264462,0
ENSG00000264463,0
ENSG00000264464,0
ENSG00000264465,0
ENSG00000264468,1
ENSG00000264470,0
ENSG00000264471,0
ENSG00000264472,0
ENSG00000264474,0
ENSG00000264475,0
ENSG00000264477,0
ENSG00000264478,0
ENSG00000264479,0
ENSG00000264480,0
ENSG00000264482,0
ENSG00000264483,0
ENSG00000264484,0
ENSG00000264486,0
ENSG00000264488,0
ENSG00000264489,0
ENSG00000264490,0
ENSG00000264491,10
ENSG00000264493,0
ENSG00000264494,0
ENSG00000264496,0
ENSG00000264497,0
ENSG00000264500,0
ENSG00000264501,0
ENSG00000264502,0
ENSG00000264503,0
ENSG00000264505,0
ENSG00000264510,0
ENSG00000264511,0
ENSG00000264512,0
ENSG00000264513,3
ENSG00000264514,0
ENSG00000264515,1
ENSG00000264517,0
ENSG00000264518,0
ENSG00000264519,0
ENSG00000264520,6
ENSG00000264522,4746
ENSG00000264525,0
ENSG00000264526,0
ENSG00000264527,0
ENSG00000264529,0
ENSG00000264530,0
ENSG00000264534,0
ENSG00000264535,0
ENSG00000264536,0
ENSG00000264538,668
ENSG00000264539,0
ENSG00000264540,0
ENSG00000264542,0
ENSG00000264543,0
ENSG00000264544,0
ENSG00000264545,0
ENSG00000264546,1
ENSG00000264548,12
ENSG00000264549,0
ENSG00000264551,0
ENSG00000264552,0
ENSG00000264553,2
ENSG00000264554,0
ENSG00000264558,0
ENSG00000264559,0
ENSG00000264560,0
ENSG00000264562,0
ENSG00000264563,1
ENSG00000264564,0
ENSG00000264566,0
ENSG00000264569,1
ENSG00000264570,1
ENSG00000264571,0
ENSG00000264572,1
ENSG00000264573,0
ENSG00000264574,0
ENSG00000264575,103
ENSG00000264576,0
ENSG00000264577,56
ENSG00000264578,0
ENSG00000264580,0
ENSG00000264582,0
ENSG00000264583,0
ENSG00000264585,0
ENSG00000264587,0
ENSG00000264589,43
ENSG00000264592,0
ENSG00000264594,0
ENSG00000264595,0
ENSG00000264596,0
ENSG00000264598,0
ENSG00000264599,2
ENSG00000264603,0
ENSG00000264604,1
ENSG00000264607,1
ENSG00000264608,33
ENSG00000264609,0
ENSG00000264610,0
ENSG00000264613,0
ENSG00000264614,0
ENSG00000264615,0
ENSG00000264616,0
ENSG00000264617,0
ENSG00000264618,0
ENSG00000264620,0
ENSG00000264621,0
ENSG00000264622,0
ENSG00000264623,0
ENSG00000264624,0
ENSG00000264629,0
ENSG00000264630,0
ENSG00000264633,0
ENSG00000264634,0
ENSG00000264635,2
ENSG00000264637,0
ENSG00000264638,0
ENSG00000264641,0
ENSG00000264642,0
ENSG00000264643,0
ENSG00000264644,14
ENSG00000264645,0
ENSG00000264647,1
ENSG00000264652,0
ENSG00000264653,0
ENSG00000264655,10
ENSG00000264657,0
ENSG00000264658,0
ENSG00000264659,0
ENSG00000264660,0
ENSG00000264661,0
ENSG00000264662,0
ENSG00000264663,0
ENSG00000264666,21
ENSG00000264667,0
ENSG00000264668,8
ENSG00000264669,0
ENSG00000264671,0
ENSG00000264672,22
ENSG00000264673,0
ENSG00000264675,0
ENSG00000264676,0
ENSG00000264677,0
ENSG00000264678,0
ENSG00000264679,0
ENSG00000264684,0
ENSG00000264685,1
ENSG00000264686,0
ENSG00000264687,0
ENSG00000264689,0
ENSG00000264693,0
ENSG00000264695,0
ENSG00000264696,0
ENSG00000264697,0
ENSG00000264698,0
ENSG00000264699,0
ENSG00000264701,0
ENSG00000264702,0
ENSG00000264703,0
ENSG00000264705,3
ENSG00000264706,0
ENSG00000264707,22
ENSG00000264711,0
ENSG00000264712,0
ENSG00000264713,0
ENSG00000264714,11
ENSG00000264715,0
ENSG00000264717,0
ENSG00000264718,0
ENSG00000264720,0
ENSG00000264721,0
ENSG00000264722,0
ENSG00000264724,0
ENSG00000264725,2
ENSG00000264726,0
ENSG00000264727,0
ENSG00000264729,0
ENSG00000264730,0
ENSG00000264732,0
ENSG00000264733,0
ENSG00000264734,0
ENSG00000264735,0
ENSG00000264736,0
ENSG00000264737,0
ENSG00000264739,1
ENSG00000264740,0
ENSG00000264741,0
ENSG00000264742,0
ENSG00000264743,6
ENSG00000264744,0
ENSG00000264745,13
ENSG00000264746,0
ENSG00000264747,0
ENSG00000264748,0
ENSG00000264749,0
ENSG00000264750,0
ENSG00000264753,0
ENSG00000264754,0
ENSG00000264755,0
ENSG00000264757,0
ENSG00000264759,0
ENSG00000264760,0
ENSG00000264763,0
ENSG00000264764,0
ENSG00000264765,0
ENSG00000264766,0
ENSG00000264767,0
ENSG00000264768,0
ENSG00000264769,5
ENSG00000264771,0
ENSG00000264772,93
ENSG00000264773,0
ENSG00000264775,1
ENSG00000264779,0
ENSG00000264780,0
ENSG00000264781,0
ENSG00000264785,0
ENSG00000264788,0
ENSG00000264790,0
ENSG00000264791,0
ENSG00000264792,0
ENSG00000264793,0
ENSG00000264794,0
ENSG00000264796,1
ENSG00000264797,0
ENSG00000264799,0
ENSG00000264800,0
ENSG00000264801,3
ENSG00000264802,0
ENSG00000264803,0
ENSG00000264804,0
ENSG00000264808,8
ENSG00000264809,0
ENSG00000264810,0
ENSG00000264811,0
ENSG00000264812,1
ENSG00000264813,5
ENSG00000264814,0
ENSG00000264817,0
ENSG00000264818,0
ENSG00000264819,0
ENSG00000264823,0
ENSG00000264824,0
ENSG00000264825,0
ENSG00000264829,0
ENSG00000264831,0
ENSG00000264833,0
ENSG00000264834,0
ENSG00000264837,0
ENSG00000264838,0
ENSG00000264839,0
ENSG00000264840,0
ENSG00000264841,0
ENSG00000264843,0
ENSG00000264844,0
ENSG00000264845,0
ENSG00000264849,0
ENSG00000264850,0
ENSG00000264853,0
ENSG00000264855,0
ENSG00000264857,0
ENSG00000264859,6
ENSG00000264860,0
ENSG00000264861,0
ENSG00000264862,0
ENSG00000264864,2
ENSG00000264869,0
ENSG00000264871,0
ENSG00000264874,0
ENSG00000264875,0
ENSG00000264876,0
ENSG00000264877,0
ENSG00000264878,0
ENSG00000264879,0
ENSG00000264880,0
ENSG00000264881,0
ENSG00000264884,0
ENSG00000264885,71
ENSG00000264888,0
ENSG00000264890,0
ENSG00000264891,0
ENSG00000264892,0
ENSG00000264894,0
ENSG00000264895,0
ENSG00000264896,0
ENSG00000264897,0
ENSG00000264899,0
ENSG00000264900,0
ENSG00000264901,1
ENSG00000264902,0
ENSG00000264906,0
ENSG00000264907,0
ENSG00000264908,0
ENSG00000264910,1
ENSG00000264911,0
ENSG00000264913,0
ENSG00000264914,0
ENSG00000264916,0
ENSG00000264918,14
ENSG00000264919,0
ENSG00000264920,202
ENSG00000264921,0
ENSG00000264922,0
ENSG00000264924,8
ENSG00000264925,0
ENSG00000264926,0
ENSG00000264927,0
ENSG00000264928,0
ENSG00000264930,0
ENSG00000264931,0
ENSG00000264932,1
ENSG00000264933,0
ENSG00000264934,0
ENSG00000264935,0
ENSG00000264937,3
ENSG00000264940,0
ENSG00000264941,0
ENSG00000264943,17
ENSG00000264944,0
ENSG00000264947,0
ENSG00000264950,0
ENSG00000264952,0
ENSG00000264953,0
ENSG00000264954,9
ENSG00000264956,1
ENSG00000264957,0
ENSG00000264958,1
ENSG00000264961,3
ENSG00000264963,0
ENSG00000264964,11
ENSG00000264965,0
ENSG00000264966,0
ENSG00000264968,24
ENSG00000264969,0
ENSG00000264970,0
ENSG00000264971,0
ENSG00000264972,0
ENSG00000264974,0
ENSG00000264975,0
ENSG00000264976,0
ENSG00000264978,0
ENSG00000264979,0
ENSG00000264981,0
ENSG00000264982,0
ENSG00000264984,0
ENSG00000264985,1
ENSG00000264986,0
ENSG00000264990,0
ENSG00000264991,3
ENSG00000264994,0
ENSG00000264997,0
ENSG00000264999,0
ENSG00000265000,0
ENSG00000265002,0
ENSG00000265003,0
ENSG00000265005,0
ENSG00000265007,0
ENSG00000265008,2
ENSG00000265009,0
ENSG00000265010,5
ENSG00000265012,0
ENSG00000265014,0
ENSG00000265015,0
ENSG00000265017,2
ENSG00000265018,21
ENSG00000265019,0
ENSG00000265020,0
ENSG00000265023,0
ENSG00000265024,0
ENSG00000265028,0
ENSG00000265029,0
ENSG00000265031,0
ENSG00000265032,0
ENSG00000265033,0
ENSG00000265035,0
ENSG00000265037,0
ENSG00000265038,1
ENSG00000265039,0
ENSG00000265041,0
ENSG00000265042,0
ENSG00000265043,0
ENSG00000265046,0
ENSG00000265047,0
ENSG00000265049,0
ENSG00000265050,0
ENSG00000265052,0
ENSG00000265054,0
ENSG00000265055,18
ENSG00000265056,0
ENSG00000265057,0
ENSG00000265060,0
ENSG00000265061,0
ENSG00000265062,0
ENSG00000265063,0
ENSG00000265064,1
ENSG00000265068,2
ENSG00000265069,0
ENSG00000265070,0
ENSG00000265072,0
ENSG00000265073,0
ENSG00000265075,0
ENSG00000265076,0
ENSG00000265078,2
ENSG00000265080,0
ENSG00000265082,0
ENSG00000265083,0
ENSG00000265084,0
ENSG00000265085,0
ENSG00000265086,0
ENSG00000265087,0
ENSG00000265089,0
ENSG00000265090,0
ENSG00000265091,1
ENSG00000265092,0
ENSG00000265093,1
ENSG00000265094,0
ENSG00000265095,1
ENSG00000265096,1
ENSG00000265097,0
ENSG00000265098,0
ENSG00000265099,0
ENSG00000265100,9
ENSG00000265101,0
ENSG00000265102,2
ENSG00000265106,0
ENSG00000265107,2183
ENSG00000265108,0
ENSG00000265109,0
ENSG00000265110,0
ENSG00000265112,0
ENSG00000265113,0
ENSG00000265114,0
ENSG00000265115,0
ENSG00000265118,0
ENSG00000265119,0
ENSG00000265121,0
ENSG00000265123,0
ENSG00000265125,0
ENSG00000265126,0
ENSG00000265127,0
ENSG00000265128,1
ENSG00000265129,0
ENSG00000265132,0
ENSG00000265134,0
ENSG00000265135,0
ENSG00000265136,1
ENSG00000265137,1
ENSG00000265139,1
ENSG00000265140,0
ENSG00000265141,0
ENSG00000265142,0
ENSG00000265144,0
ENSG00000265145,0
ENSG00000265148,128
ENSG00000265151,0
ENSG00000265152,0
ENSG00000265154,1
ENSG00000265155,0
ENSG00000265158,5
ENSG00000265160,0
ENSG00000265163,0
ENSG00000265164,0
ENSG00000265165,0
ENSG00000265166,0
ENSG00000265167,0
ENSG00000265168,0
ENSG00000265169,0
ENSG00000265170,0
ENSG00000265172,0
ENSG00000265174,0
ENSG00000265175,0
ENSG00000265176,1
ENSG00000265178,2
ENSG00000265179,0
ENSG00000265180,0
ENSG00000265181,0
ENSG00000265182,0
ENSG00000265185,3
ENSG00000265186,0
ENSG00000265188,0
ENSG00000265190,0
ENSG00000265193,1
ENSG00000265194,7
ENSG00000265195,1
ENSG00000265199,0
ENSG00000265200,0
ENSG00000265201,0
ENSG00000265203,0
ENSG00000265204,0
ENSG00000265205,4
ENSG00000265206,32
ENSG00000265208,0
ENSG00000265209,0
ENSG00000265210,0
ENSG00000265211,0
ENSG00000265212,0
ENSG00000265213,0
ENSG00000265214,0
ENSG00000265215,1
ENSG00000265216,0
ENSG00000265217,0
ENSG00000265218,5
ENSG00000265222,0
ENSG00000265224,0
ENSG00000265225,0
ENSG00000265226,0
ENSG00000265227,0
ENSG00000265233,0
ENSG00000265236,0
ENSG00000265237,0
ENSG00000265238,0
ENSG00000265239,0
ENSG00000265240,0
ENSG00000265241,3972
ENSG00000265243,0
ENSG00000265244,0
ENSG00000265245,0
ENSG00000265246,0
ENSG00000265247,0
ENSG00000265249,0
ENSG00000265250,0
ENSG00000265251,0
ENSG00000265252,0
ENSG00000265253,0
ENSG00000265254,16
ENSG00000265257,1
ENSG00000265258,0
ENSG00000265260,1
ENSG00000265261,0
ENSG00000265262,0
ENSG00000265263,0
ENSG00000265264,0
ENSG00000265265,0
ENSG00000265266,0
ENSG00000265267,0
ENSG00000265268,0
ENSG00000265272,3
ENSG00000265273,2
ENSG00000265275,0
ENSG00000265279,0
ENSG00000265280,4
ENSG00000265281,0
ENSG00000265282,2
ENSG00000265284,0
ENSG00000265285,0
ENSG00000265286,0
ENSG00000265287,0
ENSG00000265289,0
ENSG00000265291,0
ENSG00000265293,0
ENSG00000265294,0
ENSG00000265295,1
ENSG00000265296,2
ENSG00000265298,169
ENSG00000265300,0
ENSG00000265301,0
ENSG00000265303,0
ENSG00000265304,0
ENSG00000265306,0
ENSG00000265311,0
ENSG00000265313,0
ENSG00000265315,0
ENSG00000265316,0
ENSG00000265317,0
ENSG00000265319,0
ENSG00000265320,0
ENSG00000265321,15
ENSG00000265322,0
ENSG00000265324,0
ENSG00000265327,2
ENSG00000265328,0
ENSG00000265329,0
ENSG00000265330,0
ENSG00000265331,0
ENSG00000265332,0
ENSG00000265333,0
ENSG00000265334,0
ENSG00000265337,1
ENSG00000265339,0
ENSG00000265340,0
ENSG00000265341,0
ENSG00000265342,7
ENSG00000265344,0
ENSG00000265345,1
ENSG00000265347,0
ENSG00000265349,0
ENSG00000265352,0
ENSG00000265354,1720
ENSG00000265355,0
ENSG00000265356,5
ENSG00000265357,0
ENSG00000265359,0
ENSG00000265362,0
ENSG00000265364,2
ENSG00000265366,13
ENSG00000265367,0
ENSG00000265368,0
ENSG00000265369,716
ENSG00000265370,0
ENSG00000265371,0
ENSG00000265372,0
ENSG00000265373,0
ENSG00000265374,0
ENSG00000265375,0
ENSG00000265376,0
ENSG00000265378,0
ENSG00000265379,0
ENSG00000265380,0
ENSG00000265381,0
ENSG00000265383,0
ENSG00000265386,1
ENSG00000265388,0
ENSG00000265390,2
ENSG00000265391,0
ENSG00000265392,0
ENSG00000265393,2
ENSG00000265394,0
ENSG00000265395,1
ENSG00000265396,0
ENSG00000265398,0
ENSG00000265399,7
ENSG00000265400,14
ENSG00000265401,0
ENSG00000265402,0
ENSG00000265403,1
ENSG00000265404,0
ENSG00000265407,0
ENSG00000265408,1
ENSG00000265411,0
ENSG00000265413,12
ENSG00000265415,15
ENSG00000265416,0
ENSG00000265417,0
ENSG00000265418,0
ENSG00000265419,0
ENSG00000265420,0
ENSG00000265421,0
ENSG00000265422,0
ENSG00000265423,0
ENSG00000265425,0
ENSG00000265428,0
ENSG00000265429,0
ENSG00000265430,0
ENSG00000265432,0
ENSG00000265433,0
ENSG00000265435,0
ENSG00000265437,0
ENSG00000265438,0
ENSG00000265439,0
ENSG00000265441,0
ENSG00000265442,0
ENSG00000265443,0
ENSG00000265444,0
ENSG00000265445,0
ENSG00000265450,0
ENSG00000265451,0
ENSG00000265452,16
ENSG00000265453,0
ENSG00000265455,0
ENSG00000265456,0
ENSG00000265457,0
ENSG00000265458,55
ENSG00000265460,4
ENSG00000265461,0
ENSG00000265462,1
ENSG00000265463,0
ENSG00000265465,0
ENSG00000265467,1
ENSG00000265469,0
ENSG00000265470,0
ENSG00000265472,0
ENSG00000265474,5
ENSG00000265477,0
ENSG00000265478,24
ENSG00000265479,23
ENSG00000265480,5
ENSG00000265481,0
ENSG00000265483,0
ENSG00000265484,0
ENSG00000265485,0
ENSG00000265486,0
ENSG00000265487,0
ENSG00000265488,1
ENSG00000265489,0
ENSG00000265490,0
ENSG00000265491,2239
ENSG00000265493,0
ENSG00000265494,0
ENSG00000265496,2
ENSG00000265498,0
ENSG00000265499,0
ENSG00000265501,1
ENSG00000265503,0
ENSG00000265504,0
ENSG00000265507,1
ENSG00000265510,0
ENSG00000265511,12
ENSG00000265514,0
ENSG00000265515,0
ENSG00000265516,0
ENSG00000265517,1
ENSG00000265518,0
ENSG00000265519,129
ENSG00000265520,0
ENSG00000265521,0
ENSG00000265522,0
ENSG00000265524,0
ENSG00000265526,0
ENSG00000265527,0
ENSG00000265529,0
ENSG00000265530,0
ENSG00000265531,31
ENSG00000265533,0
ENSG00000265535,0
ENSG00000265537,0
ENSG00000265538,0
ENSG00000265539,1
ENSG00000265541,0
ENSG00000265542,4
ENSG00000265543,0
ENSG00000265544,0
ENSG00000265545,0
ENSG00000265547,0
ENSG00000265550,0
ENSG00000265552,0
ENSG00000265554,0
ENSG00000265555,0
ENSG00000265556,0
ENSG00000265558,0
ENSG00000265559,1
ENSG00000265560,0
ENSG00000265561,0
ENSG00000265562,0
ENSG00000265564,0
ENSG00000265565,0
ENSG00000265566,0
ENSG00000265567,0
ENSG00000265568,0
ENSG00000265569,0
ENSG00000265573,0
ENSG00000265574,0
ENSG00000265575,0
ENSG00000265579,2
ENSG00000265582,0
ENSG00000265583,0
ENSG00000265584,0
ENSG00000265585,0
ENSG00000265587,0
ENSG00000265588,0
ENSG00000265589,0
ENSG00000265590,15
ENSG00000265592,2
ENSG00000265593,0
ENSG00000265595,0
ENSG00000265596,0
ENSG00000265597,0
ENSG00000265598,1
ENSG00000265599,0
ENSG00000265600,6
ENSG00000265606,0
ENSG00000265610,0
ENSG00000265611,3
ENSG00000265612,0
ENSG00000265614,0
ENSG00000265615,0
ENSG00000265616,0
ENSG00000265617,0
ENSG00000265618,0
ENSG00000265619,0
ENSG00000265621,1
ENSG00000265623,0
ENSG00000265625,0
ENSG00000265626,0
ENSG00000265627,0
ENSG00000265630,0
ENSG00000265631,0
ENSG00000265632,0
ENSG00000265635,0
ENSG00000265636,0
ENSG00000265637,0
ENSG00000265638,1
ENSG00000265639,0
ENSG00000265641,0
ENSG00000265642,0
ENSG00000265643,0
ENSG00000265644,0
ENSG00000265645,0
ENSG00000265646,2
ENSG00000265647,1
ENSG00000265648,0
ENSG00000265649,0
ENSG00000265650,0
ENSG00000265653,0
ENSG00000265654,0
ENSG00000265655,0
ENSG00000265656,0
ENSG00000265657,0
ENSG00000265658,0
ENSG00000265660,39
ENSG00000265662,0
ENSG00000265664,0
ENSG00000265665,0
ENSG00000265666,407
ENSG00000265667,0
ENSG00000265669,0
ENSG00000265670,0
ENSG00000265671,0
ENSG00000265672,0
ENSG00000265673,0
ENSG00000265675,0
ENSG00000265678,31
ENSG00000265679,0
ENSG00000265681,1112
ENSG00000265682,0
ENSG00000265683,9
ENSG00000265684,0
ENSG00000265686,0
ENSG00000265688,388
ENSG00000265689,0
ENSG00000265690,0
ENSG00000265691,0
ENSG00000265692,3
ENSG00000265693,0
ENSG00000265694,0
ENSG00000265695,0
ENSG00000265696,0
ENSG00000265697,0
ENSG00000265698,0
ENSG00000265699,0
ENSG00000265700,0
ENSG00000265702,4
ENSG00000265705,0
ENSG00000265706,1
ENSG00000265708,0
ENSG00000265709,0
ENSG00000265711,0
ENSG00000265712,0
ENSG00000265713,0
ENSG00000265714,0
ENSG00000265717,1
ENSG00000265719,0
ENSG00000265720,0
ENSG00000265722,0
ENSG00000265724,1
ENSG00000265725,0
ENSG00000265727,0
ENSG00000265728,3
ENSG00000265730,0
ENSG00000265733,0
ENSG00000265734,0
ENSG00000265735,1
ENSG00000265736,0
ENSG00000265737,1
ENSG00000265739,1
ENSG00000265740,0
ENSG00000265743,108
ENSG00000265744,0
ENSG00000265745,0
ENSG00000265746,0
ENSG00000265749,48
ENSG00000265750,41
ENSG00000265751,0
ENSG00000265752,125
ENSG00000265753,0
ENSG00000265758,0
ENSG00000265759,0
ENSG00000265763,6
ENSG00000265764,0
ENSG00000265766,2
ENSG00000265767,0
ENSG00000265768,0
ENSG00000265771,0
ENSG00000265774,0
ENSG00000265775,0
ENSG00000265776,0
ENSG00000265777,0
ENSG00000265778,34
ENSG00000265780,0
ENSG00000265781,0
ENSG00000265783,0
ENSG00000265784,0
ENSG00000265786,0
ENSG00000265787,28
ENSG00000265788,0
ENSG00000265789,0
ENSG00000265790,0
ENSG00000265791,10
ENSG00000265793,0
ENSG00000265794,0
ENSG00000265798,23
ENSG00000265799,1
ENSG00000265800,6
ENSG00000265801,2
ENSG00000265802,2
ENSG00000265804,0
ENSG00000265806,9
ENSG00000265808,2689
ENSG00000265810,0
ENSG00000265812,0
ENSG00000265813,0
ENSG00000265814,0
ENSG00000265815,0
ENSG00000265817,1
ENSG00000265818,0
ENSG00000265819,0
ENSG00000265820,0
ENSG00000265822,0
ENSG00000265827,0
ENSG00000265828,0
ENSG00000265829,0
ENSG00000265831,0
ENSG00000265833,0
ENSG00000265835,0
ENSG00000265836,0
ENSG00000265837,0
ENSG00000265840,0
ENSG00000265841,0
ENSG00000265843,0
ENSG00000265844,0
ENSG00000265845,0
ENSG00000265846,0
ENSG00000265847,0
ENSG00000265848,0
ENSG00000265850,0
ENSG00000265853,0
ENSG00000265855,0
ENSG00000265856,0
ENSG00000265858,0
ENSG00000265859,0
ENSG00000265861,0
ENSG00000265863,0
ENSG00000265864,0
ENSG00000265865,0
ENSG00000265866,0
ENSG00000265867,0
ENSG00000265869,0
ENSG00000265870,0
ENSG00000265871,0
ENSG00000265872,0
ENSG00000265873,0
ENSG00000265874,4
ENSG00000265875,0
ENSG00000265878,0
ENSG00000265879,0
ENSG00000265881,0
ENSG00000265882,0
ENSG00000265883,0
ENSG00000265885,0
ENSG00000265888,1
ENSG00000265889,0
ENSG00000265891,0
ENSG00000265892,0
ENSG00000265893,0
ENSG00000265894,0
ENSG00000265897,0
ENSG00000265898,0
ENSG00000265899,0
ENSG00000265902,0
ENSG00000265904,0
ENSG00000265905,0
ENSG00000265907,0
ENSG00000265908,1
ENSG00000265911,0
ENSG00000265912,6
ENSG00000265916,1
ENSG00000265917,7
ENSG00000265918,0
ENSG00000265919,0
ENSG00000265924,0
ENSG00000265927,0
ENSG00000265929,0
ENSG00000265931,0
ENSG00000265932,0
ENSG00000265933,0
ENSG00000265934,0
ENSG00000265935,0
ENSG00000265936,0
ENSG00000265939,1
ENSG00000265942,0
ENSG00000265943,6
ENSG00000265944,0
ENSG00000265946,0
ENSG00000265948,0
ENSG00000265954,0
ENSG00000265956,0
ENSG00000265957,0
ENSG00000265959,0
ENSG00000265960,0
ENSG00000265961,0
ENSG00000265962,75
ENSG00000265964,0
ENSG00000265965,0
ENSG00000265967,0
ENSG00000265971,2
ENSG00000265972,25188
ENSG00000265973,0
ENSG00000265975,21
ENSG00000265976,0
ENSG00000265978,0
ENSG00000265979,0
ENSG00000265980,1
ENSG00000265981,0
ENSG00000265982,7
ENSG00000265984,6
ENSG00000265985,0
ENSG00000265986,0
ENSG00000265987,0
ENSG00000265990,0
ENSG00000265991,0
ENSG00000265992,1
ENSG00000265993,0
ENSG00000265994,0
ENSG00000265995,0
ENSG00000265996,3
ENSG00000266002,0
ENSG00000266003,0
ENSG00000266006,0
ENSG00000266009,0
ENSG00000266010,4
ENSG00000266012,0
ENSG00000266013,0
ENSG00000266014,0
ENSG00000266015,0
ENSG00000266016,0
ENSG00000266017,0
ENSG00000266018,0
ENSG00000266019,0
ENSG00000266020,0
ENSG00000266025,0
ENSG00000266028,2162
ENSG00000266029,0
ENSG00000266030,0
ENSG00000266032,10
ENSG00000266036,55
ENSG00000266038,0
ENSG00000266039,0
ENSG00000266041,0
ENSG00000266042,0
ENSG00000266043,0
ENSG00000266044,0
ENSG00000266047,0
ENSG00000266048,0
ENSG00000266049,0
ENSG00000266050,0
ENSG00000266051,0
ENSG00000266052,0
ENSG00000266053,54
ENSG00000266055,0
ENSG00000266057,0
ENSG00000266058,0
ENSG00000266059,0
ENSG00000266060,0
ENSG00000266061,0
ENSG00000266063,0
ENSG00000266065,0
ENSG00000266066,69
ENSG00000266069,0
ENSG00000266070,0
ENSG00000266071,0
ENSG00000266072,0
ENSG00000266073,0
ENSG00000266074,340
ENSG00000266075,10
ENSG00000266076,1
ENSG00000266077,0
ENSG00000266078,0
ENSG00000266079,0
ENSG00000266082,0
ENSG00000266083,0
ENSG00000266085,0
ENSG00000266086,0
ENSG00000266088,1
ENSG00000266090,0
ENSG00000266094,586
ENSG00000266097,0
ENSG00000266099,0
ENSG00000266100,0
ENSG00000266101,0
ENSG00000266102,0
ENSG00000266104,1
ENSG00000266105,0
ENSG00000266106,0
ENSG00000266107,0
ENSG00000266108,0
ENSG00000266109,0
ENSG00000266110,0
ENSG00000266111,2
ENSG00000266112,0
ENSG00000266114,0
ENSG00000266115,0
ENSG00000266117,0
ENSG00000266120,0
ENSG00000266121,0
ENSG00000266124,1
ENSG00000266125,0
ENSG00000266126,2
ENSG00000266127,0
ENSG00000266128,0
ENSG00000266129,0
ENSG00000266133,0
ENSG00000266136,0
ENSG00000266139,0
ENSG00000266140,0
ENSG00000266143,0
ENSG00000266144,0
ENSG00000266145,1
ENSG00000266146,0
ENSG00000266148,0
ENSG00000266149,0
ENSG00000266150,0
ENSG00000266151,0
ENSG00000266153,0
ENSG00000266154,0
ENSG00000266155,0
ENSG00000266156,0
ENSG00000266158,0
ENSG00000266160,0
ENSG00000266162,0
ENSG00000266163,0
ENSG00000266166,0
ENSG00000266168,0
ENSG00000266171,0
ENSG00000266173,336
ENSG00000266174,2
ENSG00000266176,17
ENSG00000266179,0
ENSG00000266180,0
ENSG00000266181,0
ENSG00000266183,0
ENSG00000266184,0
ENSG00000266185,0
ENSG00000266186,0
ENSG00000266187,0
ENSG00000266188,0
ENSG00000266189,0
ENSG00000266190,0
ENSG00000266192,0
ENSG00000266193,0
ENSG00000266194,0
ENSG00000266195,0
ENSG00000266196,0
ENSG00000266200,3
ENSG00000266201,0
ENSG00000266202,0
ENSG00000266203,0
ENSG00000266204,0
ENSG00000266205,0
ENSG00000266206,0
ENSG00000266207,0
ENSG00000266208,811
ENSG00000266209,0
ENSG00000266210,0
ENSG00000266211,0
ENSG00000266213,0
ENSG00000266215,0
ENSG00000266216,0
ENSG00000266217,1
ENSG00000266218,0
ENSG00000266220,0
ENSG00000266222,0
ENSG00000266224,0
ENSG00000266226,0
ENSG00000266227,0
ENSG00000266228,0
ENSG00000266229,0
ENSG00000266230,0
ENSG00000266232,3
ENSG00000266233,0
ENSG00000266235,1
ENSG00000266236,10
ENSG00000266237,0
ENSG00000266239,0
ENSG00000266240,0
ENSG00000266241,0
ENSG00000266242,0
ENSG00000266243,0
ENSG00000266244,0
ENSG00000266245,0
ENSG00000266246,0
ENSG00000266248,0
ENSG00000266251,0
ENSG00000266252,0
ENSG00000266254,0
ENSG00000266255,0
ENSG00000266256,73
ENSG00000266257,0
ENSG00000266258,53
ENSG00000266259,0
ENSG00000266261,2
ENSG00000266262,4
ENSG00000266264,0
ENSG00000266265,5
ENSG00000266268,0
ENSG00000266269,0
ENSG00000266270,1
ENSG00000266272,0
ENSG00000266273,0
ENSG00000266274,21
ENSG00000266275,0
ENSG00000266276,0
ENSG00000266277,0
ENSG00000266278,1
ENSG00000266279,5
ENSG00000266282,0
ENSG00000266283,0
ENSG00000266287,0
ENSG00000266288,0
ENSG00000266289,4
ENSG00000266290,1
ENSG00000266291,0
ENSG00000266293,0
ENSG00000266294,0
ENSG00000266296,0
ENSG00000266297,0
ENSG00000266299,0
ENSG00000266302,2
ENSG00000266304,2
ENSG00000266305,0
ENSG00000266306,0
ENSG00000266307,0
ENSG00000266308,0
ENSG00000266309,0
ENSG00000266310,0
ENSG00000266311,0
ENSG00000266312,0
ENSG00000266313,8
ENSG00000266315,0
ENSG00000266317,0
ENSG00000266318,0
ENSG00000266319,0
ENSG00000266320,0
ENSG00000266321,0
ENSG00000266324,0
ENSG00000266325,0
ENSG00000266327,0
ENSG00000266328,0
ENSG00000266329,0
ENSG00000266330,0
ENSG00000266333,0
ENSG00000266335,0
ENSG00000266336,0
ENSG00000266338,844
ENSG00000266340,4
ENSG00000266341,0
ENSG00000266344,0
ENSG00000266347,0
ENSG00000266349,0
ENSG00000266354,0
ENSG00000266355,0
ENSG00000266356,0
ENSG00000266357,0
ENSG00000266358,0
ENSG00000266360,0
ENSG00000266363,0
ENSG00000266364,0
ENSG00000266365,0
ENSG00000266368,5
ENSG00000266369,0
ENSG00000266370,0
ENSG00000266371,1
ENSG00000266373,1
ENSG00000266374,0
ENSG00000266376,0
ENSG00000266378,1
ENSG00000266379,0
ENSG00000266382,0
ENSG00000266383,0
ENSG00000266385,2
ENSG00000266388,0
ENSG00000266389,14
ENSG00000266390,0
ENSG00000266391,0
ENSG00000266392,3
ENSG00000266393,0
ENSG00000266396,0
ENSG00000266397,1
ENSG00000266398,0
ENSG00000266399,0
ENSG00000266400,0
ENSG00000266401,0
ENSG00000266402,24
ENSG00000266403,0
ENSG00000266405,9
ENSG00000266407,0
ENSG00000266409,0
ENSG00000266411,1
ENSG00000266412,7237
ENSG00000266415,0
ENSG00000266416,0
ENSG00000266417,0
ENSG00000266420,0
ENSG00000266421,0
ENSG00000266423,0
ENSG00000266426,0
ENSG00000266429,0
ENSG00000266430,0
ENSG00000266431,0
ENSG00000266432,0
ENSG00000266433,0
ENSG00000266436,0
ENSG00000266437,0
ENSG00000266439,0
ENSG00000266441,0
ENSG00000266443,0
ENSG00000266445,3
ENSG00000266446,9
ENSG00000266448,0
ENSG00000266449,0
ENSG00000266450,0
ENSG00000266451,0
ENSG00000266454,0
ENSG00000266456,4
ENSG00000266457,0
ENSG00000266458,0
ENSG00000266459,0
ENSG00000266460,0
ENSG00000266461,0
ENSG00000266463,0
ENSG00000266466,0
ENSG00000266467,0
ENSG00000266469,569
ENSG00000266470,0
ENSG00000266472,3201
ENSG00000266473,5
ENSG00000266476,0
ENSG00000266477,1
ENSG00000266478,0
ENSG00000266479,0
ENSG00000266481,0
ENSG00000266482,0
ENSG00000266483,3
ENSG00000266485,0
ENSG00000266486,0
ENSG00000266489,0
ENSG00000266490,45
ENSG00000266491,0
ENSG00000266493,0
ENSG00000266494,0
ENSG00000266495,8
ENSG00000266496,0
ENSG00000266497,0
ENSG00000266498,1
ENSG00000266499,0
ENSG00000266500,0
ENSG00000266501,1
ENSG00000266502,0
ENSG00000266503,0
ENSG00000266504,0
ENSG00000266505,0
ENSG00000266507,1
ENSG00000266508,0
ENSG00000266509,0
ENSG00000266510,0
ENSG00000266511,0
ENSG00000266513,0
ENSG00000266514,0
ENSG00000266515,0
ENSG00000266517,0
ENSG00000266518,0
ENSG00000266520,0
ENSG00000266521,5
ENSG00000266522,0
ENSG00000266524,2
ENSG00000266525,0
ENSG00000266526,0
ENSG00000266527,1
ENSG00000266529,0
ENSG00000266530,0
ENSG00000266531,1
ENSG00000266533,0
ENSG00000266535,0
ENSG00000266537,0
ENSG00000266538,0
ENSG00000266539,0
ENSG00000266541,0
ENSG00000266542,0
ENSG00000266543,1
ENSG00000266545,0
ENSG00000266546,0
ENSG00000266547,0
ENSG00000266549,0
ENSG00000266550,0
ENSG00000266552,0
ENSG00000266553,0
ENSG00000266554,0
ENSG00000266555,0
ENSG00000266556,0
ENSG00000266559,0
ENSG00000266560,0
ENSG00000266561,0
ENSG00000266563,0
ENSG00000266564,0
ENSG00000266567,0
ENSG00000266569,1
ENSG00000266570,0
ENSG00000266573,0
ENSG00000266575,0
ENSG00000266578,0
ENSG00000266579,0
ENSG00000266580,0
ENSG00000266581,0
ENSG00000266582,0
ENSG00000266583,0
ENSG00000266584,0
ENSG00000266586,0
ENSG00000266587,0
ENSG00000266588,0
ENSG00000266589,2
ENSG00000266590,0
ENSG00000266591,0
ENSG00000266593,0
ENSG00000266594,0
ENSG00000266595,0
ENSG00000266597,0
ENSG00000266598,1
ENSG00000266599,4
ENSG00000266601,18
ENSG00000266602,0
ENSG00000266604,1
ENSG00000266605,0
ENSG00000266608,0
ENSG00000266609,0
ENSG00000266610,0
ENSG00000266611,0
ENSG00000266613,0
ENSG00000266614,0
ENSG00000266616,0
ENSG00000266617,0
ENSG00000266618,0
ENSG00000266619,0
ENSG00000266620,0
ENSG00000266621,0
ENSG00000266624,0
ENSG00000266625,1
ENSG00000266627,0
ENSG00000266630,0
ENSG00000266631,2
ENSG00000266634,0
ENSG00000266636,0
ENSG00000266637,0
ENSG00000266640,3
ENSG00000266642,1
ENSG00000266643,1
ENSG00000266644,3
ENSG00000266645,0
ENSG00000266647,0
ENSG00000266648,1
ENSG00000266649,0
ENSG00000266651,6
ENSG00000266652,0
ENSG00000266654,3
ENSG00000266655,0
ENSG00000266656,0
ENSG00000266663,0
ENSG00000266664,0
ENSG00000266665,0
ENSG00000266666,0
ENSG00000266667,0
ENSG00000266668,0
ENSG00000266669,0
ENSG00000266671,0
ENSG00000266673,0
ENSG00000266675,0
ENSG00000266676,0
ENSG00000266677,9
ENSG00000266678,0
ENSG00000266680,98
ENSG00000266682,0
ENSG00000266683,0
ENSG00000266685,0
ENSG00000266687,0
ENSG00000266688,0
ENSG00000266690,0
ENSG00000266691,0
ENSG00000266692,0
ENSG00000266693,0
ENSG00000266696,0
ENSG00000266697,0
ENSG00000266698,0
ENSG00000266699,0
ENSG00000266700,0
ENSG00000266701,8
ENSG00000266703,0
ENSG00000266704,0
ENSG00000266705,0
ENSG00000266706,0
ENSG00000266707,0
ENSG00000266708,4
ENSG00000266709,4
ENSG00000266710,1
ENSG00000266711,0
ENSG00000266712,0
ENSG00000266713,0
ENSG00000266714,1894
ENSG00000266715,0
ENSG00000266717,0
ENSG00000266718,20
ENSG00000266719,0
ENSG00000266720,0
ENSG00000266721,1
ENSG00000266722,0
ENSG00000266724,0
ENSG00000266727,0
ENSG00000266728,0
ENSG00000266729,0
ENSG00000266733,13
ENSG00000266734,0
ENSG00000266736,0
ENSG00000266737,0
ENSG00000266738,0
ENSG00000266739,0
ENSG00000266740,0
ENSG00000266743,0
ENSG00000266744,0
ENSG00000266745,0
ENSG00000266746,0
ENSG00000266750,5
ENSG00000266751,0
ENSG00000266754,0
ENSG00000266756,0
ENSG00000266758,0
ENSG00000266760,0
ENSG00000266761,0
ENSG00000266763,0
ENSG00000266765,0
ENSG00000266767,0
ENSG00000266768,0
ENSG00000266769,0
ENSG00000266770,1
ENSG00000266771,0
ENSG00000266772,0
ENSG00000266774,1
ENSG00000266775,0
ENSG00000266776,0
ENSG00000266777,11
ENSG00000266778,0
ENSG00000266780,0
ENSG00000266782,0
ENSG00000266783,11
ENSG00000266786,0
ENSG00000266793,0
ENSG00000266794,0
ENSG00000266799,0
ENSG00000266800,0
ENSG00000266801,3
ENSG00000266802,0
ENSG00000266803,0
ENSG00000266804,0
ENSG00000266805,1
ENSG00000266806,0
ENSG00000266807,0
ENSG00000266808,0
ENSG00000266809,0
ENSG00000266814,0
ENSG00000266816,0
ENSG00000266817,0
ENSG00000266818,0
ENSG00000266820,0
ENSG00000266821,4
ENSG00000266822,0
ENSG00000266824,13
ENSG00000266825,0
ENSG00000266826,1
ENSG00000266827,0
ENSG00000266828,0
ENSG00000266830,0
ENSG00000266832,0
ENSG00000266835,23
ENSG00000266837,1
ENSG00000266838,0
ENSG00000266839,0
ENSG00000266840,0
ENSG00000266844,2
ENSG00000266846,0
ENSG00000266849,0
ENSG00000266850,6
ENSG00000266852,4
ENSG00000266853,0
ENSG00000266854,0
ENSG00000266855,0
ENSG00000266857,0
ENSG00000266858,0
ENSG00000266859,0
ENSG00000266861,0
ENSG00000266862,1
ENSG00000266863,1
ENSG00000266864,0
ENSG00000266865,174
ENSG00000266868,0
ENSG00000266869,0
ENSG00000266872,0
ENSG00000266875,0
ENSG00000266876,1
ENSG00000266877,4
ENSG00000266881,0
ENSG00000266885,0
ENSG00000266887,0
ENSG00000266890,0
ENSG00000266891,0
ENSG00000266893,0
ENSG00000266896,17
ENSG00000266897,2
ENSG00000266899,1
ENSG00000266900,1
ENSG00000266901,0
ENSG00000266903,191
ENSG00000266904,258
ENSG00000266905,1
ENSG00000266906,0
ENSG00000266907,1
ENSG00000266908,0
ENSG00000266909,0
ENSG00000266910,27
ENSG00000266912,6
ENSG00000266913,9
ENSG00000266915,0
ENSG00000266916,91
ENSG00000266918,0
ENSG00000266919,0
ENSG00000266920,1
ENSG00000266921,50
ENSG00000266922,2
ENSG00000266923,0
ENSG00000266924,0
ENSG00000266925,0
ENSG00000266928,0
ENSG00000266929,0
ENSG00000266931,9
ENSG00000266932,2
ENSG00000266933,4
ENSG00000266934,4
ENSG00000266936,0
ENSG00000266938,0
ENSG00000266941,0
ENSG00000266943,1
ENSG00000266944,1
ENSG00000266946,0
ENSG00000266947,116
ENSG00000266950,1
ENSG00000266951,0
ENSG00000266952,0
ENSG00000266953,0
ENSG00000266954,41
ENSG00000266955,0
ENSG00000266957,2
ENSG00000266958,5
ENSG00000266959,3
ENSG00000266960,0
ENSG00000266961,0
ENSG00000266962,359
ENSG00000266963,0
ENSG00000266964,14
ENSG00000266965,0
ENSG00000266967,294
ENSG00000266968,6
ENSG00000266969,0
ENSG00000266970,31
ENSG00000266971,0
ENSG00000266973,1
ENSG00000266975,1
ENSG00000266976,0
ENSG00000266977,0
ENSG00000266978,0
ENSG00000266979,1
ENSG00000266980,1
ENSG00000266981,0
ENSG00000266983,20
ENSG00000266984,0
ENSG00000266985,0
ENSG00000266987,0
ENSG00000266988,26
ENSG00000266989,0
ENSG00000266990,0
ENSG00000266992,4
ENSG00000266993,7
ENSG00000266994,4
ENSG00000266995,0
ENSG00000266997,0
ENSG00000266998,2
ENSG00000267000,0
ENSG00000267001,0
ENSG00000267002,361
ENSG00000267004,1
ENSG00000267005,0
ENSG00000267006,1
ENSG00000267007,0
ENSG00000267009,27
ENSG00000267011,3
ENSG00000267012,0
ENSG00000267013,12
ENSG00000267014,0
ENSG00000267015,0
ENSG00000267016,1
ENSG00000267019,0
ENSG00000267021,0
ENSG00000267022,1
ENSG00000267023,339
ENSG00000267024,1
ENSG00000267026,1
ENSG00000267027,0
ENSG00000267028,0
ENSG00000267030,0
ENSG00000267032,1
ENSG00000267033,1
ENSG00000267034,1
ENSG00000267035,0
ENSG00000267036,0
ENSG00000267037,0
ENSG00000267038,0
ENSG00000267039,0
ENSG00000267040,37
ENSG00000267041,69
ENSG00000267042,0
ENSG00000267044,0
ENSG00000267045,112
ENSG00000267046,0
ENSG00000267047,0
ENSG00000267048,4
ENSG00000267049,50
ENSG00000267051,0
ENSG00000267052,0
ENSG00000267053,13
ENSG00000267054,2
ENSG00000267055,0
ENSG00000267056,0
ENSG00000267057,1
ENSG00000267058,48
ENSG00000267059,0
ENSG00000267060,21
ENSG00000267061,0
ENSG00000267062,0
ENSG00000267063,1
ENSG00000267064,27
ENSG00000267065,6
ENSG00000267066,0
ENSG00000267069,0
ENSG00000267070,3
ENSG00000267072,0
ENSG00000267073,0
ENSG00000267074,4
ENSG00000267075,0
ENSG00000267076,1
ENSG00000267077,65
ENSG00000267078,6
ENSG00000267079,0
ENSG00000267080,820
ENSG00000267081,0
ENSG00000267082,10
ENSG00000267083,0
ENSG00000267084,0
ENSG00000267085,0
ENSG00000267088,2
ENSG00000267089,2
ENSG00000267090,0
ENSG00000267091,2
ENSG00000267092,0
ENSG00000267094,0
ENSG00000267095,1
ENSG00000267096,8
ENSG00000267097,23
ENSG00000267098,0
ENSG00000267099,0
ENSG00000267100,728
ENSG00000267101,0
ENSG00000267102,63
ENSG00000267104,0
ENSG00000267105,4
ENSG00000267106,304
ENSG00000267107,211
ENSG00000267108,16
ENSG00000267109,0
ENSG00000267110,0
ENSG00000267112,0
ENSG00000267113,0
ENSG00000267114,11
ENSG00000267115,0
ENSG00000267116,0
ENSG00000267117,2
ENSG00000267119,12
ENSG00000267120,2
ENSG00000267121,53
ENSG00000267122,2
ENSG00000267123,11
ENSG00000267124,0
ENSG00000267125,0
ENSG00000267127,82
ENSG00000267128,147
ENSG00000267129,0
ENSG00000267130,3
ENSG00000267131,3
ENSG00000267132,0
ENSG00000267133,0
ENSG00000267134,0
ENSG00000267135,0
ENSG00000267136,6
ENSG00000267137,0
ENSG00000267138,1
ENSG00000267139,0
ENSG00000267140,2
ENSG00000267141,3
ENSG00000267142,15
ENSG00000267143,0
ENSG00000267144,0
ENSG00000267145,0
ENSG00000267146,0
ENSG00000267147,3
ENSG00000267148,0
ENSG00000267149,3
ENSG00000267150,4
ENSG00000267151,1
ENSG00000267152,103
ENSG00000267153,0
ENSG00000267154,0
ENSG00000267156,1
ENSG00000267157,4
ENSG00000267159,4
ENSG00000267160,5
ENSG00000267162,0
ENSG00000267163,3
ENSG00000267165,0
ENSG00000267166,7
ENSG00000267168,0
ENSG00000267169,78
ENSG00000267170,0
ENSG00000267172,0
ENSG00000267173,0
ENSG00000267174,25
ENSG00000267175,2
ENSG00000267177,0
ENSG00000267178,0
ENSG00000267179,3
ENSG00000267180,0
ENSG00000267182,1
ENSG00000267184,3
ENSG00000267185,27
ENSG00000267187,0
ENSG00000267188,0
ENSG00000267189,0
ENSG00000267190,0
ENSG00000267191,21
ENSG00000267192,3
ENSG00000267193,0
ENSG00000267194,134
ENSG00000267195,0
ENSG00000267196,0
ENSG00000267197,8
ENSG00000267198,3
ENSG00000267199,37
ENSG00000267200,1
ENSG00000267201,2
ENSG00000267202,0
ENSG00000267203,4
ENSG00000267204,0
ENSG00000267205,0
ENSG00000267206,2
ENSG00000267207,0
ENSG00000267209,0
ENSG00000267211,0
ENSG00000267212,3
ENSG00000267213,33
ENSG00000267214,0
ENSG00000267215,1
ENSG00000267216,8
ENSG00000267218,0
ENSG00000267219,36
ENSG00000267220,3
ENSG00000267221,20
ENSG00000267222,0
ENSG00000267223,0
ENSG00000267224,0
ENSG00000267225,0
ENSG00000267226,0
ENSG00000267227,0
ENSG00000267228,0
ENSG00000267230,0
ENSG00000267231,3
ENSG00000267232,0
ENSG00000267233,0
ENSG00000267234,0
ENSG00000267235,2
ENSG00000267238,0
ENSG00000267239,1
ENSG00000267240,0
ENSG00000267241,0
ENSG00000267243,0
ENSG00000267244,68
ENSG00000267245,0
ENSG00000267246,5
ENSG00000267247,1
ENSG00000267248,60
ENSG00000267249,36
ENSG00000267250,0
ENSG00000267251,151
ENSG00000267252,0
ENSG00000267253,21
ENSG00000267254,144
ENSG00000267255,0
ENSG00000267257,0
ENSG00000267258,0
ENSG00000267259,137
ENSG00000267260,9
ENSG00000267261,1
ENSG00000267262,1
ENSG00000267263,0
ENSG00000267264,4
ENSG00000267265,26
ENSG00000267268,2
ENSG00000267269,0
ENSG00000267270,131
ENSG00000267271,0
ENSG00000267272,52
ENSG00000267273,1
ENSG00000267274,13
ENSG00000267275,1
ENSG00000267277,47
ENSG00000267278,308
ENSG00000267279,18
ENSG00000267280,37
ENSG00000267281,29
ENSG00000267282,6
ENSG00000267283,13
ENSG00000267284,0
ENSG00000267285,0
ENSG00000267286,0
ENSG00000267287,43
ENSG00000267288,56
ENSG00000267289,1
ENSG00000267291,0
ENSG00000267292,0
ENSG00000267293,3
ENSG00000267295,1
ENSG00000267296,49
ENSG00000267298,0
ENSG00000267299,1
ENSG00000267301,1
ENSG00000267302,67
ENSG00000267303,0
ENSG00000267304,0
ENSG00000267305,2
ENSG00000267308,7
ENSG00000267309,52
ENSG00000267310,0
ENSG00000267311,0
ENSG00000267312,4
ENSG00000267313,0
ENSG00000267314,7
ENSG00000267315,1
ENSG00000267316,2
ENSG00000267317,518
ENSG00000267318,0
ENSG00000267319,11
ENSG00000267320,0
ENSG00000267321,274
ENSG00000267322,13
ENSG00000267323,4
ENSG00000267324,0
ENSG00000267325,9
ENSG00000267327,0
ENSG00000267328,0
ENSG00000267332,1
ENSG00000267333,0
ENSG00000267334,0
ENSG00000267335,0
ENSG00000267336,0
ENSG00000267337,0
ENSG00000267338,0
ENSG00000267339,0
ENSG00000267340,7
ENSG00000267341,0
ENSG00000267342,20
ENSG00000267343,0
ENSG00000267344,8
ENSG00000267345,6
ENSG00000267346,0
ENSG00000267348,54
ENSG00000267349,0
ENSG00000267352,0
ENSG00000267353,1
ENSG00000267354,0
ENSG00000267355,18
ENSG00000267356,0
ENSG00000267359,0
ENSG00000267360,0
ENSG00000267361,0
ENSG00000267363,2
ENSG00000267364,18
ENSG00000267365,11
ENSG00000267366,7
ENSG00000267368,17
ENSG00000267369,14
ENSG00000267370,26
ENSG00000267371,0
ENSG00000267372,4
ENSG00000267373,0
ENSG00000267374,17
ENSG00000267375,0
ENSG00000267376,0
ENSG00000267378,0
ENSG00000267379,0
ENSG00000267382,0
ENSG00000267383,20
ENSG00000267384,0
ENSG00000267385,17
ENSG00000267387,4
ENSG00000267388,4
ENSG00000267389,1
ENSG00000267390,59
ENSG00000267391,0
ENSG00000267392,0
ENSG00000267393,0
ENSG00000267394,10
ENSG00000267395,8
ENSG00000267396,0
ENSG00000267397,6
ENSG00000267398,0
ENSG00000267399,0
ENSG00000267400,0
ENSG00000267401,0
ENSG00000267402,1
ENSG00000267404,0
ENSG00000267405,1
ENSG00000267406,2
ENSG00000267407,0
ENSG00000267408,0
ENSG00000267409,2
ENSG00000267412,0
ENSG00000267413,2
ENSG00000267414,52
ENSG00000267415,0
ENSG00000267416,5
ENSG00000267417,5
ENSG00000267418,0
ENSG00000267419,98
ENSG00000267420,0
ENSG00000267421,9
ENSG00000267422,4
ENSG00000267423,0
ENSG00000267424,0
ENSG00000267425,0
ENSG00000267426,1
ENSG00000267428,0
ENSG00000267429,1
ENSG00000267430,0
ENSG00000267432,3
ENSG00000267433,0
ENSG00000267436,0
ENSG00000267437,0
ENSG00000267439,1
ENSG00000267440,1
ENSG00000267441,0
ENSG00000267443,0
ENSG00000267444,0
ENSG00000267446,0
ENSG00000267447,0
ENSG00000267448,1
ENSG00000267449,1
ENSG00000267450,0
ENSG00000267452,0
ENSG00000267453,1
ENSG00000267454,43
ENSG00000267455,0
ENSG00000267456,0
ENSG00000267457,1
ENSG00000267458,0
ENSG00000267459,0
ENSG00000267461,1
ENSG00000267462,0
ENSG00000267463,0
ENSG00000267465,0
ENSG00000267466,9
ENSG00000267467,0
ENSG00000267469,0
ENSG00000267470,78
ENSG00000267471,0
ENSG00000267472,2
ENSG00000267474,5
ENSG00000267475,36
ENSG00000267476,0
ENSG00000267477,1
ENSG00000267478,0
ENSG00000267480,2
ENSG00000267481,133
ENSG00000267482,0
ENSG00000267484,2
ENSG00000267486,0
ENSG00000267487,0
ENSG00000267489,0
ENSG00000267490,0
ENSG00000267491,0
ENSG00000267492,0
ENSG00000267493,45
ENSG00000267496,16
ENSG00000267497,0
ENSG00000267498,11
ENSG00000267500,11
ENSG00000267501,0
ENSG00000267503,6
ENSG00000267504,1
ENSG00000267505,5
ENSG00000267506,12
ENSG00000267507,5
ENSG00000267508,300
ENSG00000267509,0
ENSG00000267510,31
ENSG00000267511,0
ENSG00000267512,7
ENSG00000267513,0
ENSG00000267515,2
ENSG00000267517,0
ENSG00000267518,0
ENSG00000267519,194
ENSG00000267520,0
ENSG00000267521,0
ENSG00000267522,0
ENSG00000267523,40
ENSG00000267524,0
ENSG00000267526,0
ENSG00000267528,0
ENSG00000267529,0
ENSG00000267530,23
ENSG00000267532,206
ENSG00000267533,3
ENSG00000267534,287
ENSG00000267535,0
ENSG00000267537,0
ENSG00000267541,3
ENSG00000267543,7
ENSG00000267544,7
ENSG00000267545,3
ENSG00000267546,9
ENSG00000267547,39
ENSG00000267549,0
ENSG00000267550,0
ENSG00000267551,7
ENSG00000267552,0
ENSG00000267554,2
ENSG00000267555,0
ENSG00000267557,0
ENSG00000267558,0
ENSG00000267559,0
ENSG00000267560,1
ENSG00000267561,0
ENSG00000267563,0
ENSG00000267564,0
ENSG00000267565,85
ENSG00000267567,5
ENSG00000267568,0
ENSG00000267570,1
ENSG00000267571,11
ENSG00000267573,0
ENSG00000267574,0
ENSG00000267575,220
ENSG00000267576,0
ENSG00000267577,1
ENSG00000267579,0
ENSG00000267580,0
ENSG00000267581,6
ENSG00000267582,2
ENSG00000267583,9
ENSG00000267585,0
ENSG00000267586,14
ENSG00000267587,0
ENSG00000267589,0
ENSG00000267590,0
ENSG00000267591,0
ENSG00000267592,2
ENSG00000267593,0
ENSG00000267594,1
ENSG00000267595,11
ENSG00000267597,0
ENSG00000267598,0
ENSG00000267599,0
ENSG00000267601,0
ENSG00000267603,0
ENSG00000267604,0
ENSG00000267605,2
ENSG00000267606,8
ENSG00000267607,0
ENSG00000267609,0
ENSG00000267610,0
ENSG00000267611,0
ENSG00000267612,10
ENSG00000267614,0
ENSG00000267615,0
ENSG00000267617,0
ENSG00000267618,0
ENSG00000267620,0
ENSG00000267623,20
ENSG00000267624,0
ENSG00000267625,0
ENSG00000267626,0
ENSG00000267627,0
ENSG00000267628,0
ENSG00000267629,0
ENSG00000267630,1
ENSG00000267631,0
ENSG00000267632,19
ENSG00000267633,2
ENSG00000267634,0
ENSG00000267636,0
ENSG00000267637,1
ENSG00000267638,5
ENSG00000267640,117
ENSG00000267641,1
ENSG00000267642,0
ENSG00000267643,0
ENSG00000267644,0
ENSG00000267645,9
ENSG00000267646,0
ENSG00000267647,0
ENSG00000267648,21
ENSG00000267649,15
ENSG00000267650,1
ENSG00000267651,0
ENSG00000267652,0
ENSG00000267653,0
ENSG00000267654,2
ENSG00000267655,8
ENSG00000267656,0
ENSG00000267658,12
ENSG00000267659,8
ENSG00000267661,0
ENSG00000267662,2
ENSG00000267663,0
ENSG00000267664,0
ENSG00000267665,9
ENSG00000267666,12
ENSG00000267667,0
ENSG00000267669,2
ENSG00000267670,0
ENSG00000267672,2
ENSG00000267673,153
ENSG00000267674,4
ENSG00000267675,0
ENSG00000267676,3
ENSG00000267677,1
ENSG00000267678,0
ENSG00000267679,1
ENSG00000267680,523
ENSG00000267681,17
ENSG00000267682,8
ENSG00000267683,0
ENSG00000267684,0
ENSG00000267685,0
ENSG00000267686,0
ENSG00000267687,0
ENSG00000267688,0
ENSG00000267689,0
ENSG00000267690,12
ENSG00000267691,1
ENSG00000267692,5
ENSG00000267693,0
ENSG00000267694,1
ENSG00000267695,0
ENSG00000267696,0
ENSG00000267697,0
ENSG00000267698,9
ENSG00000267699,1
ENSG00000267701,47
ENSG00000267702,29
ENSG00000267703,0
ENSG00000267704,0
ENSG00000267705,0
ENSG00000267706,0
ENSG00000267707,5
ENSG00000267708,7
ENSG00000267709,2
ENSG00000267710,5
ENSG00000267711,1
ENSG00000267712,0
ENSG00000267713,0
ENSG00000267714,0
ENSG00000267716,0
ENSG00000267717,0
ENSG00000267719,1
ENSG00000267722,0
ENSG00000267723,7
ENSG00000267724,6
ENSG00000267725,0
ENSG00000267726,0
ENSG00000267727,0
ENSG00000267729,5
ENSG00000267731,19
ENSG00000267732,0
ENSG00000267733,0
ENSG00000267734,0
ENSG00000267735,1
ENSG00000267736,1
ENSG00000267737,8
ENSG00000267740,0
ENSG00000267741,0
ENSG00000267742,0
ENSG00000267743,0
ENSG00000267744,0
ENSG00000267745,60
ENSG00000267746,0
ENSG00000267747,4
ENSG00000267748,3
ENSG00000267749,1
ENSG00000267750,144
ENSG00000267751,11
ENSG00000267752,0
ENSG00000267755,0
ENSG00000267756,0
ENSG00000267757,1
ENSG00000267758,0
ENSG00000267760,0
ENSG00000267761,0
ENSG00000267762,0
ENSG00000267764,3
ENSG00000267765,0
ENSG00000267766,1
ENSG00000267767,87
ENSG00000267768,2
ENSG00000267769,6
ENSG00000267770,0
ENSG00000267771,0
ENSG00000267772,0
ENSG00000267773,1
ENSG00000267774,0
ENSG00000267775,0
ENSG00000267776,5
ENSG00000267777,0
ENSG00000267778,10
ENSG00000267779,0
ENSG00000267780,0
ENSG00000267781,1
ENSG00000267782,0
ENSG00000267783,7
ENSG00000267784,2
ENSG00000267786,1
ENSG00000267787,24
ENSG00000267788,1
ENSG00000267789,0
ENSG00000267790,6
ENSG00000267791,0
ENSG00000267792,0
ENSG00000267793,0
ENSG00000267794,0
ENSG00000267795,5741
ENSG00000267796,225
ENSG00000267797,0
ENSG00000267799,0
ENSG00000267800,0
ENSG00000267801,28
ENSG00000267808,1
ENSG00000267809,121
ENSG00000267811,10
ENSG00000267815,0
ENSG00000267827,1
ENSG00000267828,0
ENSG00000267834,4
ENSG00000267838,22
ENSG00000267852,1
ENSG00000267855,191
ENSG00000267857,0
ENSG00000267858,167
ENSG00000267868,45
ENSG00000267871,76
ENSG00000267872,0
ENSG00000267874,5
ENSG00000267879,0
ENSG00000267881,0
ENSG00000267882,1
ENSG00000267886,24
ENSG00000267890,10
ENSG00000267892,6
ENSG00000267895,0
ENSG00000267896,22
ENSG00000267898,18
ENSG00000267904,22
ENSG00000267905,0
ENSG00000267908,0
ENSG00000267909,0
ENSG00000267919,3
ENSG00000267920,0
ENSG00000267922,0
ENSG00000267924,3
ENSG00000267927,2
ENSG00000267934,44
ENSG00000267938,3
ENSG00000267939,13
ENSG00000267940,51
ENSG00000267943,0
ENSG00000267952,0
ENSG00000267959,0
ENSG00000267961,0
ENSG00000267968,0
ENSG00000267978,0
ENSG00000267980,66
ENSG00000267984,0
ENSG00000267986,3
ENSG00000267990,2
ENSG00000267992,2
ENSG00000268001,90
ENSG00000268006,494
ENSG00000268009,0
ENSG00000268015,0
ENSG00000268020,0
ENSG00000268027,33
ENSG00000268030,54
ENSG00000268034,4
ENSG00000268036,0
ENSG00000268038,0
ENSG00000268041,18
ENSG00000268043,355
ENSG00000268047,18
ENSG00000268049,86
ENSG00000268050,0
ENSG00000268051,0
ENSG00000268053,0
ENSG00000268055,0
ENSG00000268056,1
ENSG00000268058,2
ENSG00000268061,87
ENSG00000268062,0
ENSG00000268066,2
ENSG00000268067,0
ENSG00000268069,11
ENSG00000268070,4
ENSG00000268074,0
ENSG00000268078,0
ENSG00000268079,0
ENSG00000268080,1
ENSG00000268081,0
ENSG00000268083,0
ENSG00000268087,43
ENSG00000268088,1
ENSG00000268089,3
ENSG00000268093,10
ENSG00000268095,1
ENSG00000268100,13
ENSG00000268101,0
ENSG00000268104,0
ENSG00000268105,0
ENSG00000268107,1
ENSG00000268108,0
ENSG00000268112,0
ENSG00000268116,0
ENSG00000268117,0
ENSG00000268119,92
ENSG00000268120,0
ENSG00000268129,9
ENSG00000268133,0
ENSG00000268140,4
ENSG00000268144,0
ENSG00000268148,0
ENSG00000268149,0
ENSG00000268153,0
ENSG00000268154,0
ENSG00000268157,0
ENSG00000268163,7
ENSG00000268170,0
ENSG00000268173,2
ENSG00000268174,2
ENSG00000268181,0
ENSG00000268182,18
ENSG00000268184,0
ENSG00000268186,0
ENSG00000268187,0
ENSG00000268189,27
ENSG00000268191,0
ENSG00000268193,0
ENSG00000268199,1
ENSG00000268201,5
ENSG00000268203,0
ENSG00000268204,114
ENSG00000268205,1621
ENSG00000268209,0
ENSG00000268218,33
ENSG00000268220,0
ENSG00000268221,0
ENSG00000268222,9
ENSG00000268223,0
ENSG00000268225,100
ENSG00000268230,41
ENSG00000268231,0
ENSG00000268234,1
ENSG00000268235,0
ENSG00000268238,0
ENSG00000268240,0
ENSG00000268243,0
ENSG00000268257,0
ENSG00000268262,12
ENSG00000268266,2
ENSG00000268267,0
ENSG00000268272,0
ENSG00000268278,2
ENSG00000268279,8
ENSG00000268282,1
ENSG00000268287,5
ENSG00000268288,0
ENSG00000268289,0
ENSG00000268292,0
ENSG00000268293,0
ENSG00000268295,0
ENSG00000268296,0
ENSG00000268297,0
ENSG00000268307,4
ENSG00000268309,0
ENSG00000268316,1
ENSG00000268318,0
ENSG00000268320,0
ENSG00000268322,2
ENSG00000268324,0
ENSG00000268326,0
ENSG00000268333,2
ENSG00000268335,0
ENSG00000268336,0
ENSG00000268350,11
ENSG00000268352,0
ENSG00000268355,20
ENSG00000268357,15
ENSG00000268361,0
ENSG00000268362,127
ENSG00000268364,42
ENSG00000268366,19
ENSG00000268375,2
ENSG00000268379,5
ENSG00000268388,0
ENSG00000268390,0
ENSG00000268391,0
ENSG00000268392,0
ENSG00000268400,0
ENSG00000268401,2
ENSG00000268403,89
ENSG00000268407,0
ENSG00000268412,2
ENSG00000268416,44
ENSG00000268423,1
ENSG00000268433,0
ENSG00000268434,0
ENSG00000268438,5
ENSG00000268439,36
ENSG00000268442,43
ENSG00000268447,0
ENSG00000268455,0
ENSG00000268458,1
ENSG00000268460,1
ENSG00000268461,0
ENSG00000268465,0
ENSG00000268469,0
ENSG00000268471,116
ENSG00000268472,0
ENSG00000268473,0
ENSG00000268475,0
ENSG00000268480,0
ENSG00000268483,0
ENSG00000268486,1
ENSG00000268496,1
ENSG00000268499,13
ENSG00000268500,0
ENSG00000268505,0
ENSG00000268509,0
ENSG00000268510,1
ENSG00000268516,120
ENSG00000268518,0
ENSG00000268520,1
ENSG00000268521,23
ENSG00000268525,0
ENSG00000268529,0
ENSG00000268530,0
ENSG00000268531,0
ENSG00000268532,0
ENSG00000268533,4
ENSG00000268535,0
ENSG00000268536,1
ENSG00000268541,0
ENSG00000268543,15
ENSG00000268545,3
ENSG00000268549,6
ENSG00000268555,14
ENSG00000268560,0
ENSG00000268564,1
ENSG00000268565,0
ENSG00000268566,0
ENSG00000268568,40
ENSG00000268573,17
ENSG00000268575,94
ENSG00000268580,0
ENSG00000268581,0
ENSG00000268582,0
ENSG00000268583,6
ENSG00000268584,9
ENSG00000268589,0
ENSG00000268592,17
ENSG00000268593,0
ENSG00000268595,0
ENSG00000268597,0
ENSG00000268598,0
ENSG00000268601,11
ENSG00000268603,6
ENSG00000268605,0
ENSG00000268606,0
ENSG00000268614,0
ENSG00000268615,6
ENSG00000268618,0
ENSG00000268620,0
ENSG00000268621,0
ENSG00000268623,0
ENSG00000268628,6
ENSG00000268629,0
ENSG00000268635,10
ENSG00000268636,0
ENSG00000268643,0
ENSG00000268649,0
ENSG00000268650,0
ENSG00000268651,0
ENSG00000268652,0
ENSG00000268654,0
ENSG00000268655,0
ENSG00000268658,20
ENSG00000268659,0
ENSG00000268660,2
ENSG00000268663,0
ENSG00000268669,0
ENSG00000268670,11
ENSG00000268673,0
ENSG00000268677,0
ENSG00000268678,5
ENSG00000268681,0
ENSG00000268683,0
ENSG00000268685,0
ENSG00000268686,58
ENSG00000268696,1
ENSG00000268705,2
ENSG00000268707,20
ENSG00000268711,0
ENSG00000268713,265
ENSG00000268714,0
ENSG00000268717,0
ENSG00000268721,0
ENSG00000268723,1
ENSG00000268729,0
ENSG00000268731,0
ENSG00000268734,3
ENSG00000268736,0
ENSG00000268738,0
ENSG00000268739,0
ENSG00000268742,0
ENSG00000268743,2
ENSG00000268744,7
ENSG00000268745,0
ENSG00000268746,1
ENSG00000268747,2
ENSG00000268750,89
ENSG00000268751,25
ENSG00000268754,0
ENSG00000268756,5
ENSG00000268758,18
ENSG00000268764,2
ENSG00000268777,0
ENSG00000268784,0
ENSG00000268785,0
ENSG00000268789,0
ENSG00000268790,1
ENSG00000268794,0
ENSG00000268797,0
ENSG00000268798,12
ENSG00000268799,0
ENSG00000268803,0
ENSG00000268804,0
ENSG00000268810,0
ENSG00000268812,0
ENSG00000268818,0
ENSG00000268823,0
ENSG00000268830,0
ENSG00000268833,2
ENSG00000268834,0
ENSG00000268836,21
ENSG00000268839,0
ENSG00000268842,0
ENSG00000268845,0
ENSG00000268847,0
ENSG00000268849,4
ENSG00000268854,0
ENSG00000268858,291
ENSG00000268861,0
ENSG00000268864,0
ENSG00000268866,0
ENSG00000268869,6
ENSG00000268870,0
ENSG00000268873,0
ENSG00000268879,0
ENSG00000268883,0
ENSG00000268884,1
ENSG00000268886,0
ENSG00000268889,0
ENSG00000268892,0
ENSG00000268894,3
ENSG00000268895,217
ENSG00000268896,8
ENSG00000268902,0
ENSG00000268903,73
ENSG00000268906,0
ENSG00000268908,0
ENSG00000268912,36
ENSG00000268916,0
ENSG00000268922,0
ENSG00000268926,2
ENSG00000268931,0
ENSG00000268938,5
ENSG00000268940,0
ENSG00000268941,14
ENSG00000268942,2
ENSG00000268945,11
ENSG00000268947,37
ENSG00000268949,1
ENSG00000268951,0
ENSG00000268955,0
ENSG00000268957,0
ENSG00000268964,0
ENSG00000268967,0
ENSG00000268970,68
ENSG00000268975,0
ENSG00000268981,1
ENSG00000268983,0
ENSG00000268985,0
ENSG00000268987,0
ENSG00000268988,0
ENSG00000268991,0
ENSG00000268992,0
ENSG00000268993,0
ENSG00000268994,0
ENSG00000268995,0
ENSG00000268996,141
ENSG00000268997,0
ENSG00000269001,71
ENSG00000269009,0
ENSG00000269012,0
ENSG00000269014,0
ENSG00000269019,9
ENSG00000269021,0
ENSG00000269025,1
ENSG00000269026,0
ENSG00000269028,42
ENSG00000269032,0
ENSG00000269035,0
ENSG00000269037,0
ENSG00000269038,9
ENSG00000269040,3
ENSG00000269043,0
ENSG00000269044,301
ENSG00000269050,5
ENSG00000269051,46
ENSG00000269053,0
ENSG00000269054,11
ENSG00000269055,0
ENSG00000269058,1
ENSG00000269066,0
ENSG00000269067,0
ENSG00000269068,8
ENSG00000269069,48
ENSG00000269072,2
ENSG00000269082,0
ENSG00000269085,0
ENSG00000269086,47
ENSG00000269091,14
ENSG00000269095,0
ENSG00000269096,0
ENSG00000269097,0
ENSG00000269099,1
ENSG00000269102,4
ENSG00000269103,0
ENSG00000269106,0
ENSG00000269107,0
ENSG00000269110,1
ENSG00000269113,21
ENSG00000269118,1
ENSG00000269119,0
ENSG00000269124,0
ENSG00000269125,1
ENSG00000269130,0
ENSG00000269131,493
ENSG00000269136,2
ENSG00000269138,3
ENSG00000269139,1
ENSG00000269145,0
ENSG00000269148,4
ENSG00000269151,0
ENSG00000269153,1
ENSG00000269154,0
ENSG00000269155,36
ENSG00000269161,2
ENSG00000269172,0
ENSG00000269176,38
ENSG00000269177,1
ENSG00000269179,0
ENSG00000269181,0
ENSG00000269186,0
ENSG00000269188,0
ENSG00000269189,0
ENSG00000269190,276
ENSG00000269191,3
ENSG00000269194,39
ENSG00000269199,0
ENSG00000269202,35
ENSG00000269210,7
ENSG00000269220,15
ENSG00000269226,10
ENSG00000269227,9
ENSG00000269228,0
ENSG00000269235,8
ENSG00000269236,0
ENSG00000269237,0
ENSG00000269242,10
ENSG00000269243,10
ENSG00000269244,1
ENSG00000269246,9
ENSG00000269253,0
ENSG00000269256,0
ENSG00000269266,0
ENSG00000269271,0
ENSG00000269274,0
ENSG00000269275,2
ENSG00000269281,0
ENSG00000269288,0
ENSG00000269289,1
ENSG00000269292,0
ENSG00000269293,511
ENSG00000269296,0
ENSG00000269300,1
ENSG00000269303,2
ENSG00000269304,5
ENSG00000269307,0
ENSG00000269313,884
ENSG00000269316,0
ENSG00000269318,12
ENSG00000269320,0
ENSG00000269321,0
ENSG00000269332,0
ENSG00000269335,418
ENSG00000269343,1732
ENSG00000269345,0
ENSG00000269349,3
ENSG00000269350,0
ENSG00000269352,108
ENSG00000269353,1
ENSG00000269354,0
ENSG00000269356,1
ENSG00000269364,1
ENSG00000269365,0
ENSG00000269371,0
ENSG00000269373,2
ENSG00000269374,23
ENSG00000269376,0
ENSG00000269378,5
ENSG00000269383,0
ENSG00000269385,0
ENSG00000269386,112
ENSG00000269387,0
ENSG00000269388,61
ENSG00000269391,0
ENSG00000269392,2
ENSG00000269397,48
ENSG00000269399,44
ENSG00000269400,0
ENSG00000269403,1
ENSG00000269404,10
ENSG00000269405,0
ENSG00000269416,142
ENSG00000269419,0
ENSG00000269420,49
ENSG00000269421,2
ENSG00000269425,3
ENSG00000269427,21
ENSG00000269431,0
ENSG00000269433,0
ENSG00000269437,0
ENSG00000269439,32
ENSG00000269444,2
ENSG00000269445,0
ENSG00000269446,0
ENSG00000269458,0
ENSG00000269460,1
ENSG00000269463,3
ENSG00000269466,0
ENSG00000269469,0
ENSG00000269471,0
ENSG00000269473,20
ENSG00000269475,0
ENSG00000269476,1
ENSG00000269480,0
ENSG00000269481,5
ENSG00000269482,0
ENSG00000269483,5
ENSG00000269486,24
ENSG00000269487,2
ENSG00000269489,13
ENSG00000269495,0
ENSG00000269502,0
ENSG00000269504,0
ENSG00000269505,0
ENSG00000269506,0
ENSG00000269509,0
ENSG00000269514,31
ENSG00000269516,97
ENSG00000269519,0
ENSG00000269524,0
ENSG00000269526,0
ENSG00000269533,7
ENSG00000269534,1
ENSG00000269535,0
ENSG00000269540,63
ENSG00000269543,0
ENSG00000269545,0
ENSG00000269546,0
ENSG00000269547,0
ENSG00000269549,118
ENSG00000269552,0
ENSG00000269553,2
ENSG00000269556,488
ENSG00000269559,16
ENSG00000269560,1
ENSG00000269564,0
ENSG00000269565,0
ENSG00000269570,1
ENSG00000269575,0
ENSG00000269576,0
ENSG00000269578,0
ENSG00000269580,0
ENSG00000269583,0
ENSG00000269584,0
ENSG00000269586,0
ENSG00000269588,0
ENSG00000269590,0
ENSG00000269599,0
ENSG00000269600,0
ENSG00000269604,0
ENSG00000269608,0
ENSG00000269609,640
ENSG00000269615,0
ENSG00000269621,7
ENSG00000269622,0
ENSG00000269635,0
ENSG00000269637,0
ENSG00000269640,235
ENSG00000269646,2
ENSG00000269651,0
ENSG00000269652,0
ENSG00000269653,3
ENSG00000269656,5
ENSG00000269662,1
ENSG00000269667,0
ENSG00000269678,0
ENSG00000269680,6
ENSG00000269681,0
ENSG00000269688,9
ENSG00000269692,0
ENSG00000269693,104
ENSG00000269694,2
ENSG00000269696,77
ENSG00000269699,0
ENSG00000269706,0
ENSG00000269707,0
ENSG00000269711,0
ENSG00000269713,922
ENSG00000269720,0
ENSG00000269721,0
ENSG00000269729,0
ENSG00000269732,0
ENSG00000269736,3
ENSG00000269737,29
ENSG00000269741,0
ENSG00000269742,0
ENSG00000269743,93
ENSG00000269745,0
ENSG00000269749,0
ENSG00000269752,0
ENSG00000269755,0
ENSG00000269758,0
ENSG00000269761,0
ENSG00000269763,1
ENSG00000269765,1
ENSG00000269776,0
ENSG00000269779,1
ENSG00000269782,0
ENSG00000269786,0
ENSG00000269787,0
ENSG00000269791,0
ENSG00000269792,0
ENSG00000269793,6
ENSG00000269794,2
ENSG00000269796,0
ENSG00000269799,0
ENSG00000269800,2
ENSG00000269802,0
ENSG00000269806,1
ENSG00000269807,1
ENSG00000269811,0
ENSG00000269813,0
ENSG00000269814,12
ENSG00000269815,7
ENSG00000269821,163
ENSG00000269825,72
ENSG00000269826,0
ENSG00000269833,0
ENSG00000269834,319
ENSG00000269836,1
ENSG00000269837,320
ENSG00000269839,0
ENSG00000269842,0
ENSG00000269843,20
ENSG00000269845,10
ENSG00000269846,1
ENSG00000269848,4
ENSG00000269855,0
ENSG00000269858,1103
ENSG00000269859,0
ENSG00000269867,735
ENSG00000269873,2
ENSG00000269877,1
ENSG00000269881,10
ENSG00000269883,0
ENSG00000269885,0
ENSG00000269886,7
ENSG00000269887,23
ENSG00000269888,36
ENSG00000269889,7
ENSG00000269890,138
ENSG00000269891,2
ENSG00000269892,8
ENSG00000269893,1212
ENSG00000269894,16
ENSG00000269895,2
ENSG00000269896,47
ENSG00000269897,2
ENSG00000269898,0
ENSG00000269899,7
ENSG00000269900,0
ENSG00000269901,0
ENSG00000269902,0
ENSG00000269903,11
ENSG00000269904,11
ENSG00000269906,40
ENSG00000269907,3
ENSG00000269908,24
ENSG00000269910,31
ENSG00000269911,0
ENSG00000269915,9
ENSG00000269916,3
ENSG00000269918,59
ENSG00000269919,0
ENSG00000269920,5
ENSG00000269921,9
ENSG00000269924,4
ENSG00000269925,5
ENSG00000269926,0
ENSG00000269927,2
ENSG00000269929,10
ENSG00000269930,1
ENSG00000269931,0
ENSG00000269933,15
ENSG00000269934,46
ENSG00000269935,0
ENSG00000269936,234
ENSG00000269937,2
ENSG00000269938,2
ENSG00000269939,0
ENSG00000269940,34
ENSG00000269941,0
ENSG00000269944,0
ENSG00000269945,0
ENSG00000269946,37
ENSG00000269947,36
ENSG00000269948,1
ENSG00000269949,25
ENSG00000269950,1
ENSG00000269951,5
ENSG00000269952,8
ENSG00000269954,0
ENSG00000269955,0
ENSG00000269956,13
ENSG00000269957,0
ENSG00000269958,281
ENSG00000269959,20
ENSG00000269961,28
ENSG00000269964,739
ENSG00000269966,10
ENSG00000269967,7
ENSG00000269968,0
ENSG00000269970,0
ENSG00000269971,0
ENSG00000269972,0
ENSG00000269973,149
ENSG00000269974,7
ENSG00000269976,7
ENSG00000269978,8
ENSG00000269980,7
ENSG00000269981,37
ENSG00000269982,107
ENSG00000269983,0
ENSG00000269984,12
ENSG00000269985,113
ENSG00000269986,0
ENSG00000269987,0
ENSG00000269989,0
ENSG00000269993,0
ENSG00000269994,10
ENSG00000269997,3
ENSG00000269998,0
ENSG00000270000,1
ENSG00000270001,11
ENSG00000270002,0
ENSG00000270006,31
ENSG00000270008,0
ENSG00000270010,21
ENSG00000270011,25
ENSG00000270012,46
ENSG00000270015,442
ENSG00000270016,2
ENSG00000270017,0
ENSG00000270019,6
ENSG00000270020,58
ENSG00000270021,107
ENSG00000270022,1
ENSG00000270024,3
ENSG00000270025,2
ENSG00000270028,60
ENSG00000270030,1
ENSG00000270031,0
ENSG00000270033,0
ENSG00000270035,2
ENSG00000270036,0
ENSG00000270038,0
ENSG00000270039,57
ENSG00000270040,1
ENSG00000270048,0
ENSG00000270049,37
ENSG00000270050,1
ENSG00000270052,1
ENSG00000270055,200
ENSG00000270058,0
ENSG00000270059,14
ENSG00000270060,40
ENSG00000270061,6
ENSG00000270062,15
ENSG00000270066,0
ENSG00000270067,23
ENSG00000270068,0
ENSG00000270069,16
ENSG00000270071,0
ENSG00000270072,0
ENSG00000270073,0
ENSG00000270074,2
ENSG00000270075,0
ENSG00000270076,3
ENSG00000270077,0
ENSG00000270082,0
ENSG00000270083,6
ENSG00000270084,27
ENSG00000270087,0
ENSG00000270090,0
ENSG00000270091,30
ENSG00000270093,0
ENSG00000270094,0
ENSG00000270095,1
ENSG00000270096,0
ENSG00000270097,2
ENSG00000270098,0
ENSG00000270099,0
ENSG00000270100,0
ENSG00000270103,0
ENSG00000270104,3
ENSG00000270105,0
ENSG00000270106,3
ENSG00000270108,4
ENSG00000270110,5
ENSG00000270111,0
ENSG00000270112,0
ENSG00000270114,0
ENSG00000270115,1
ENSG00000270116,0
ENSG00000270117,0
ENSG00000270118,0
ENSG00000270120,0
ENSG00000270123,0
ENSG00000270124,1
ENSG00000270127,213
ENSG00000270130,1
ENSG00000270131,0
ENSG00000270132,0
ENSG00000270133,6
ENSG00000270135,0
ENSG00000270136,0
ENSG00000270137,0
ENSG00000270139,0
ENSG00000270140,1
ENSG00000270141,1
ENSG00000270147,9
ENSG00000270149,18
ENSG00000270154,2
ENSG00000270157,112
ENSG00000270159,2
ENSG00000270160,3
ENSG00000270164,38
ENSG00000270165,3
ENSG00000270166,0
ENSG00000270168,1
ENSG00000270170,847
ENSG00000270171,6
ENSG00000270174,0
ENSG00000270175,166
ENSG00000270177,88
ENSG00000270178,3
ENSG00000270179,53
ENSG00000270181,1
ENSG00000270182,0
ENSG00000270184,14
ENSG00000270185,0
ENSG00000270187,0
ENSG00000270188,0
ENSG00000270189,289
ENSG00000270190,0
ENSG00000270191,0
ENSG00000270192,0
ENSG00000270193,0
ENSG00000270194,153
ENSG00000270195,13
ENSG00000270196,0
ENSG00000270200,0
ENSG00000270202,0
ENSG00000270204,0
ENSG00000270207,0
ENSG00000270209,0
ENSG00000270210,21
ENSG00000270212,0
ENSG00000270218,2
ENSG00000270222,0
ENSG00000270223,126
ENSG00000270225,4
ENSG00000270226,0
ENSG00000270228,14
ENSG00000270230,3
ENSG00000270231,86
ENSG00000270232,2
ENSG00000270234,0
ENSG00000270236,1
ENSG00000270240,6
ENSG00000270241,0
ENSG00000270242,0
ENSG00000270243,0
ENSG00000270244,0
ENSG00000270246,5
ENSG00000270248,15
ENSG00000270249,1
ENSG00000270251,0
ENSG00000270252,0
ENSG00000270255,0
ENSG00000270257,2
ENSG00000270258,0
ENSG00000270259,11
ENSG00000270264,1
ENSG00000270265,9
ENSG00000270268,0
ENSG00000270269,0
ENSG00000270270,1
ENSG00000270273,0
ENSG00000270275,0
ENSG00000270276,0
ENSG00000270277,9
ENSG00000270279,0
ENSG00000270280,0
ENSG00000270281,2
ENSG00000270282,1
ENSG00000270285,1
ENSG00000270287,0
ENSG00000270289,0
ENSG00000270292,1
ENSG00000270293,0
ENSG00000270294,0
ENSG00000270296,0
ENSG00000270299,6
ENSG00000270300,1
ENSG00000270301,0
ENSG00000270302,1
ENSG00000270304,0
ENSG00000270306,0
ENSG00000270307,2
ENSG00000270308,0
ENSG00000270313,1
ENSG00000270314,0
ENSG00000270316,0
ENSG00000270317,0
ENSG00000270318,0
ENSG00000270321,0
ENSG00000270322,1
ENSG00000270323,0
ENSG00000270324,0
ENSG00000270325,1
ENSG00000270326,1
ENSG00000270328,0
ENSG00000270330,0
ENSG00000270332,6
ENSG00000270333,0
ENSG00000270335,0
ENSG00000270336,0
ENSG00000270339,1
ENSG00000270342,0
ENSG00000270343,4
ENSG00000270344,112
ENSG00000270347,0
ENSG00000270350,0
ENSG00000270352,0
ENSG00000270354,1
ENSG00000270356,0
ENSG00000270359,0
ENSG00000270361,1
ENSG00000270362,52
ENSG00000270367,0
ENSG00000270369,0
ENSG00000270371,0
ENSG00000270372,0
ENSG00000270377,0
ENSG00000270378,0
ENSG00000270379,1
ENSG00000270380,0
ENSG00000270381,0
ENSG00000270382,0
ENSG00000270384,0
ENSG00000270385,0
ENSG00000270386,0
ENSG00000270387,0
ENSG00000270388,10
ENSG00000270390,0
ENSG00000270392,29
ENSG00000270393,0
ENSG00000270394,1
ENSG00000270395,0
ENSG00000270397,0
ENSG00000270400,0
ENSG00000270401,1
ENSG00000270402,1
ENSG00000270403,0
ENSG00000270405,0
ENSG00000270409,0
ENSG00000270411,0
ENSG00000270412,15
ENSG00000270413,0
ENSG00000270415,0
ENSG00000270416,0
ENSG00000270419,6
ENSG00000270421,0
ENSG00000270422,0
ENSG00000270423,0
ENSG00000270424,2
ENSG00000270425,0
ENSG00000270426,10
ENSG00000270427,7
ENSG00000270429,0
ENSG00000270430,0
ENSG00000270431,0
ENSG00000270432,1
ENSG00000270433,0
ENSG00000270434,0
ENSG00000270435,0
ENSG00000270437,0
ENSG00000270440,0
ENSG00000270441,180
ENSG00000270442,0
ENSG00000270443,0
ENSG00000270444,0
ENSG00000270445,0
ENSG00000270446,0
ENSG00000270447,0
ENSG00000270449,0
ENSG00000270450,0
ENSG00000270451,0
ENSG00000270453,0
ENSG00000270455,0
ENSG00000270456,0
ENSG00000270457,0
ENSG00000270458,0
ENSG00000270460,0
ENSG00000270462,2
ENSG00000270467,0
ENSG00000270469,3
ENSG00000270470,0
ENSG00000270472,0
ENSG00000270474,0
ENSG00000270475,0
ENSG00000270477,0
ENSG00000270479,0
ENSG00000270480,0
ENSG00000270482,5
ENSG00000270484,0
ENSG00000270487,1
ENSG00000270488,0
ENSG00000270490,1
ENSG00000270491,0
ENSG00000270492,1
ENSG00000270493,0
ENSG00000270494,0
ENSG00000270495,0
ENSG00000270496,0
ENSG00000270497,2
ENSG00000270499,0
ENSG00000270500,0
ENSG00000270503,52
ENSG00000270504,53
ENSG00000270505,0
ENSG00000270506,0
ENSG00000270507,0
ENSG00000270509,0
ENSG00000270510,1
ENSG00000270512,0
ENSG00000270513,1
ENSG00000270516,0
ENSG00000270518,0
ENSG00000270521,0
ENSG00000270522,0
ENSG00000270523,0
ENSG00000270524,0
ENSG00000270526,0
ENSG00000270528,0
ENSG00000270531,0
ENSG00000270532,2
ENSG00000270533,8
ENSG00000270535,0
ENSG00000270538,0
ENSG00000270540,0
ENSG00000270541,0
ENSG00000270542,0
ENSG00000270544,0
ENSG00000270547,196
ENSG00000270549,0
ENSG00000270550,6
ENSG00000270552,1
ENSG00000270553,0
ENSG00000270554,0
ENSG00000270555,0
ENSG00000270557,14
ENSG00000270558,91
ENSG00000270560,0
ENSG00000270562,5
ENSG00000270569,0
ENSG00000270570,0
ENSG00000270571,10
ENSG00000270574,29
ENSG00000270575,0
ENSG00000270576,0
ENSG00000270577,0
ENSG00000270578,0
ENSG00000270580,49
ENSG00000270583,0
ENSG00000270584,0
ENSG00000270585,0
ENSG00000270587,22
ENSG00000270588,0
ENSG00000270589,12
ENSG00000270591,2
ENSG00000270593,0
ENSG00000270598,0
ENSG00000270601,0
ENSG00000270604,25
ENSG00000270605,60
ENSG00000270606,0
ENSG00000270607,523
ENSG00000270610,0
ENSG00000270611,0
ENSG00000270612,0
ENSG00000270614,7
ENSG00000270615,0
ENSG00000270617,5
ENSG00000270618,0
ENSG00000270619,0
ENSG00000270620,0
ENSG00000270623,1
ENSG00000270624,13
ENSG00000270625,0
ENSG00000270627,0
ENSG00000270629,377
ENSG00000270631,0
ENSG00000270632,0
ENSG00000270634,0
ENSG00000270638,11
ENSG00000270639,0
ENSG00000270640,1
ENSG00000270641,13
ENSG00000270646,0
ENSG00000270647,7885
ENSG00000270648,0
ENSG00000270652,2
ENSG00000270654,0
ENSG00000270655,2
ENSG00000270659,0
ENSG00000270661,1
ENSG00000270664,0
ENSG00000270665,0
ENSG00000270666,1
ENSG00000270669,0
ENSG00000270670,0
ENSG00000270672,1
ENSG00000270673,87
ENSG00000270677,0
ENSG00000270678,0
ENSG00000270679,1
ENSG00000270680,0
ENSG00000270681,15
ENSG00000270682,0
ENSG00000270683,0
ENSG00000270685,0
ENSG00000270688,0
ENSG00000270689,0
ENSG00000270690,1
ENSG00000270691,0
ENSG00000270694,0
ENSG00000270695,0
ENSG00000270696,340
ENSG00000270697,0
ENSG00000270698,0
ENSG00000270699,0
ENSG00000270701,0
ENSG00000270702,0
ENSG00000270704,0
ENSG00000270705,0
ENSG00000270706,1
ENSG00000270708,0
ENSG00000270709,0
ENSG00000270710,0
ENSG00000270711,0
ENSG00000270712,0
ENSG00000270713,0
ENSG00000270714,0
ENSG00000270716,0
ENSG00000270718,0
ENSG00000270719,0
ENSG00000270720,7
ENSG00000270722,2
ENSG00000270723,0
ENSG00000270725,0
ENSG00000270726,0
ENSG00000270727,0
ENSG00000270728,47
ENSG00000270729,0
ENSG00000270733,7
ENSG00000270734,0
ENSG00000270736,0
ENSG00000270739,0
ENSG00000270741,0
ENSG00000270742,0
ENSG00000270745,0
ENSG00000270747,0
ENSG00000270748,0
ENSG00000270749,0
ENSG00000270750,3
ENSG00000270751,0
ENSG00000270753,0
ENSG00000270754,0
ENSG00000270755,5
ENSG00000270757,3
ENSG00000270759,0
ENSG00000270760,5
ENSG00000270761,38
ENSG00000270762,0
ENSG00000270763,0
ENSG00000270764,0
ENSG00000270765,0
ENSG00000270766,0
ENSG00000270767,4
ENSG00000270771,0
ENSG00000270772,0
ENSG00000270773,2
ENSG00000270775,0
ENSG00000270776,0
ENSG00000270777,0
ENSG00000270778,0
ENSG00000270779,0
ENSG00000270780,0
ENSG00000270781,3
ENSG00000270782,0
ENSG00000270783,0
ENSG00000270788,0
ENSG00000270789,0
ENSG00000270790,0
ENSG00000270791,0
ENSG00000270792,1
ENSG00000270793,0
ENSG00000270794,0
ENSG00000270797,0
ENSG00000270798,0
ENSG00000270799,0
ENSG00000270800,10
ENSG00000270802,1
ENSG00000270804,762
ENSG00000270806,0
ENSG00000270807,0
ENSG00000270808,1
ENSG00000270809,1
ENSG00000270811,0
ENSG00000270812,0
ENSG00000270813,0
ENSG00000270814,0
ENSG00000270815,0
ENSG00000270816,0
ENSG00000270818,0
ENSG00000270820,195
ENSG00000270822,2
ENSG00000270823,0
ENSG00000270824,0
ENSG00000270826,0
ENSG00000270828,0
ENSG00000270829,0
ENSG00000270830,0
ENSG00000270831,0
ENSG00000270832,0
ENSG00000270835,0
ENSG00000270837,0
ENSG00000270838,1
ENSG00000270839,0
ENSG00000270842,0
ENSG00000270846,0
ENSG00000270849,0
ENSG00000270850,0
ENSG00000270852,0
ENSG00000270855,0
ENSG00000270856,0
ENSG00000270857,1
ENSG00000270858,0
ENSG00000270859,0
ENSG00000270861,0
ENSG00000270863,1
ENSG00000270864,0
ENSG00000270865,0
ENSG00000270866,0
ENSG00000270868,0
ENSG00000270870,0
ENSG00000270871,39
ENSG00000270872,79
ENSG00000270874,0
ENSG00000270876,4
ENSG00000270878,2
ENSG00000270879,0
ENSG00000270880,1
ENSG00000270882,88
ENSG00000270883,1
ENSG00000270885,88
ENSG00000270889,0
ENSG00000270890,20
ENSG00000270891,0
ENSG00000270892,0
ENSG00000270893,1
ENSG00000270894,1
ENSG00000270896,0
ENSG00000270897,0
ENSG00000270898,2
ENSG00000270900,0
ENSG00000270902,0
ENSG00000270903,6
ENSG00000270904,0
ENSG00000270906,18
ENSG00000270909,0
ENSG00000270911,0
ENSG00000270912,0
ENSG00000270914,0
ENSG00000270915,0
ENSG00000270916,0
ENSG00000270917,15
ENSG00000270919,1
ENSG00000270920,0
ENSG00000270921,0
ENSG00000270923,2
ENSG00000270924,0
ENSG00000270926,1
ENSG00000270927,0
ENSG00000270929,0
ENSG00000270930,0
ENSG00000270933,69
ENSG00000270934,0
ENSG00000270935,0
ENSG00000270936,0
ENSG00000270937,0
ENSG00000270938,0
ENSG00000270941,1
ENSG00000270945,0
ENSG00000270946,0
ENSG00000270947,1
ENSG00000270948,17
ENSG00000270951,4
ENSG00000270953,11
ENSG00000270954,0
ENSG00000270955,0
ENSG00000270956,6
ENSG00000270957,0
ENSG00000270959,118
ENSG00000270960,0
ENSG00000270961,0
ENSG00000270962,0
ENSG00000270964,37
ENSG00000270965,0
ENSG00000270966,0
ENSG00000270969,0
ENSG00000270971,0
ENSG00000270972,5
ENSG00000270973,0
ENSG00000270975,0
ENSG00000270976,0
ENSG00000270977,4
ENSG00000270978,0
ENSG00000270980,1
ENSG00000270981,0
ENSG00000270982,0
ENSG00000270983,2
ENSG00000270986,0
ENSG00000270987,1
ENSG00000270988,1
ENSG00000270989,0
ENSG00000270990,0
ENSG00000270992,0
ENSG00000270993,2
ENSG00000270994,0
ENSG00000270995,0
ENSG00000270996,6
ENSG00000270997,0
ENSG00000270999,0
ENSG00000271002,1
ENSG00000271003,0
ENSG00000271005,0
ENSG00000271009,7
ENSG00000271010,0
ENSG00000271011,1
ENSG00000271013,3
ENSG00000271014,0
ENSG00000271015,0
ENSG00000271018,1
ENSG00000271020,20
ENSG00000271021,0
ENSG00000271022,0
ENSG00000271024,0
ENSG00000271025,0
ENSG00000271026,0
ENSG00000271027,0
ENSG00000271028,0
ENSG00000271029,0
ENSG00000271032,26
ENSG00000271034,0
ENSG00000271035,0
ENSG00000271036,0
ENSG00000271040,12
ENSG00000271041,0
ENSG00000271042,0
ENSG00000271043,2
ENSG00000271044,0
ENSG00000271045,1
ENSG00000271046,0
ENSG00000271047,0
ENSG00000271048,0
ENSG00000271049,1
ENSG00000271052,0
ENSG00000271053,0
ENSG00000271056,0
ENSG00000271057,1
ENSG00000271063,0
ENSG00000271064,2
ENSG00000271065,0
ENSG00000271070,0
ENSG00000271071,1
ENSG00000271072,1
ENSG00000271074,0
ENSG00000271075,1
ENSG00000271077,0
ENSG00000271078,0
ENSG00000271079,3
ENSG00000271081,0
ENSG00000271086,7
ENSG00000271088,0
ENSG00000271092,44
ENSG00000271093,0
ENSG00000271094,0
ENSG00000271095,2
ENSG00000271096,0
ENSG00000271097,0
ENSG00000271098,0
ENSG00000271099,0
ENSG00000271100,0
ENSG00000271101,0
ENSG00000271105,5
ENSG00000271108,0
ENSG00000271109,115
ENSG00000271111,0
ENSG00000271113,0
ENSG00000271114,0
ENSG00000271115,0
ENSG00000271117,3
ENSG00000271118,0
ENSG00000271119,14
ENSG00000271121,0
ENSG00000271122,631
ENSG00000271123,0
ENSG00000271127,2
ENSG00000271128,2
ENSG00000271129,0
ENSG00000271130,0
ENSG00000271131,0
ENSG00000271133,39
ENSG00000271134,1
ENSG00000271136,1
ENSG00000271137,2
ENSG00000271138,0
ENSG00000271140,0
ENSG00000271141,10
ENSG00000271142,0
ENSG00000271143,0
ENSG00000271146,1
ENSG00000271147,278
ENSG00000271148,0
ENSG00000271149,0
ENSG00000271150,1
ENSG00000271151,4
ENSG00000271153,1
ENSG00000271154,0
ENSG00000271155,5
ENSG00000271156,1
ENSG00000271157,0
ENSG00000271158,0
ENSG00000271159,0
ENSG00000271161,6
ENSG00000271162,0
ENSG00000271163,0
ENSG00000271164,0
ENSG00000271166,0
ENSG00000271167,0
ENSG00000271171,0
ENSG00000271172,2
ENSG00000271173,0
ENSG00000271174,0
ENSG00000271175,0
ENSG00000271177,1
ENSG00000271178,0
ENSG00000271179,0
ENSG00000271180,0
ENSG00000271181,0
ENSG00000271182,0
ENSG00000271184,0
ENSG00000271185,2
ENSG00000271187,0
ENSG00000271190,0
ENSG00000271192,0
ENSG00000271194,0
ENSG00000271195,0
ENSG00000271196,0
ENSG00000271197,0
ENSG00000271198,0
ENSG00000271199,3
ENSG00000271200,0
ENSG00000271201,0
ENSG00000271202,0
ENSG00000271204,1
ENSG00000271205,0
ENSG00000271207,2
ENSG00000271208,1
ENSG00000271209,0
ENSG00000271211,0
ENSG00000271214,0
ENSG00000271215,0
ENSG00000271216,0
ENSG00000271218,9
ENSG00000271219,0
ENSG00000271220,0
ENSG00000271222,0
ENSG00000271225,0
ENSG00000271227,3
ENSG00000271228,1
ENSG00000271230,0
ENSG00000271231,0
ENSG00000271232,0
ENSG00000271234,0
ENSG00000271235,0
ENSG00000271236,1
ENSG00000271237,1
ENSG00000271238,0
ENSG00000271239,0
ENSG00000271240,0
ENSG00000271242,0
ENSG00000271243,0
ENSG00000271245,0
ENSG00000271248,0
ENSG00000271249,0
ENSG00000271250,0
ENSG00000271251,0
ENSG00000271252,0
ENSG00000271253,0
ENSG00000271255,0
ENSG00000271257,0
ENSG00000271259,9
ENSG00000271264,0
ENSG00000271265,6
ENSG00000271266,0
ENSG00000271267,1
ENSG00000271268,0
ENSG00000271269,0
ENSG00000271270,116
ENSG00000271271,0
ENSG00000271272,0
ENSG00000271275,0
ENSG00000271277,0
ENSG00000271278,0
ENSG00000271283,1
ENSG00000271284,0
ENSG00000271286,1
ENSG00000271287,0
ENSG00000271288,0
ENSG00000271290,0
ENSG00000271291,0
ENSG00000271296,0
ENSG00000271298,0
ENSG00000271299,0
ENSG00000271302,0
ENSG00000271303,118
ENSG00000271304,0
ENSG00000271305,0
ENSG00000271306,0
ENSG00000271307,0
ENSG00000271309,0
ENSG00000271313,0
ENSG00000271314,0
ENSG00000271315,0
ENSG00000271317,0
ENSG00000271318,0
ENSG00000271320,14
ENSG00000271321,0
ENSG00000271322,0
ENSG00000271324,31
ENSG00000271327,19
ENSG00000271328,0
ENSG00000271329,0
ENSG00000271330,0
ENSG00000271332,1
ENSG00000271333,0
ENSG00000271334,5
ENSG00000271335,89
ENSG00000271336,0
ENSG00000271337,0
ENSG00000271338,0
ENSG00000271339,0
ENSG00000271340,0
ENSG00000271343,0
ENSG00000271344,2
ENSG00000271346,0
ENSG00000271347,7
ENSG00000271349,0
ENSG00000271350,0
ENSG00000271351,0
ENSG00000271353,0
ENSG00000271355,0
ENSG00000271356,0
ENSG00000271357,0
ENSG00000271358,0
ENSG00000271360,0
ENSG00000271361,0
ENSG00000271362,0
ENSG00000271364,0
ENSG00000271365,0
ENSG00000271366,5
ENSG00000271367,6
ENSG00000271368,0
ENSG00000271369,0
ENSG00000271370,0
ENSG00000271373,0
ENSG00000271375,0
ENSG00000271377,6
ENSG00000271378,0
ENSG00000271379,0
ENSG00000271380,50
ENSG00000271381,0
ENSG00000271382,4
ENSG00000271383,254
ENSG00000271384,4
ENSG00000271385,0
ENSG00000271386,0
ENSG00000271387,21
ENSG00000271389,0
ENSG00000271390,1
ENSG00000271392,0
ENSG00000271394,0
ENSG00000271395,0
ENSG00000271396,4
ENSG00000271397,0
ENSG00000271398,2
ENSG00000271399,0
ENSG00000271400,0
ENSG00000271401,7
ENSG00000271402,0
ENSG00000271404,1
ENSG00000271408,0
ENSG00000271409,0
ENSG00000271410,1
ENSG00000271412,0
ENSG00000271413,0
ENSG00000271414,2
ENSG00000271415,2
ENSG00000271417,0
ENSG00000271418,0
ENSG00000271419,0
ENSG00000271420,178
ENSG00000271421,0
ENSG00000271423,0
ENSG00000271424,5
ENSG00000271425,70
ENSG00000271426,0
ENSG00000271427,4
ENSG00000271428,2
ENSG00000271429,0
ENSG00000271430,184
ENSG00000271433,0
ENSG00000271434,0
ENSG00000271435,0
ENSG00000271437,0
ENSG00000271439,0
ENSG00000271440,0
ENSG00000271443,0
ENSG00000271447,168
ENSG00000271449,0
ENSG00000271452,17
ENSG00000271454,0
ENSG00000271455,0
ENSG00000271456,0
ENSG00000271457,0
ENSG00000271459,0
ENSG00000271461,0
ENSG00000271462,0
ENSG00000271464,0
ENSG00000271465,0
ENSG00000271466,0
ENSG00000271468,0
ENSG00000271474,116
ENSG00000271475,0
ENSG00000271477,0
ENSG00000271480,0
ENSG00000271482,0
ENSG00000271483,0
ENSG00000271484,0
ENSG00000271486,0
ENSG00000271488,0
ENSG00000271490,1
ENSG00000271491,0
ENSG00000271492,0
ENSG00000271494,0
ENSG00000271495,1
ENSG00000271496,0
ENSG00000271498,0
ENSG00000271499,7
ENSG00000271500,1
ENSG00000271502,0
ENSG00000271503,547
ENSG00000271507,0
ENSG00000271508,0
ENSG00000271509,0
ENSG00000271511,0
ENSG00000271519,2
ENSG00000271522,0
ENSG00000271523,0
ENSG00000271524,7
ENSG00000271525,0
ENSG00000271526,0
ENSG00000271527,0
ENSG00000271530,0
ENSG00000271532,0
ENSG00000271533,54
ENSG00000271536,0
ENSG00000271537,7
ENSG00000271538,4
ENSG00000271543,0
ENSG00000271544,0
ENSG00000271546,0
ENSG00000271547,5
ENSG00000271550,158
ENSG00000271551,23
ENSG00000271553,9
ENSG00000271554,0
ENSG00000271555,2
ENSG00000271557,0
ENSG00000271558,0
ENSG00000271559,0
ENSG00000271560,0
ENSG00000271563,0
ENSG00000271564,0
ENSG00000271565,0
ENSG00000271567,0
ENSG00000271568,0
ENSG00000271569,0
ENSG00000271573,0
ENSG00000271576,27
ENSG00000271578,0
ENSG00000271579,33
ENSG00000271580,1
ENSG00000271581,121
ENSG00000271582,0
ENSG00000271583,0
ENSG00000271584,3
ENSG00000271585,0
ENSG00000271586,0
ENSG00000271587,0
ENSG00000271588,0
ENSG00000271589,0
ENSG00000271590,10
ENSG00000271593,0
ENSG00000271595,0
ENSG00000271596,2
ENSG00000271597,0
ENSG00000271598,0
ENSG00000271600,0
ENSG00000271601,746
ENSG00000271602,1
ENSG00000271605,156
ENSG00000271606,0
ENSG00000271607,1
ENSG00000271608,0
ENSG00000271609,0
ENSG00000271611,0
ENSG00000271612,0
ENSG00000271614,40
ENSG00000271615,0
ENSG00000271616,0
ENSG00000271618,1
ENSG00000271620,0
ENSG00000271621,0
ENSG00000271623,0
ENSG00000271624,0
ENSG00000271625,0
ENSG00000271626,0
ENSG00000271627,0
ENSG00000271629,0
ENSG00000271631,3
ENSG00000271632,0
ENSG00000271635,0
ENSG00000271638,0
ENSG00000271639,1
ENSG00000271642,1
ENSG00000271643,65
ENSG00000271644,0
ENSG00000271646,107
ENSG00000271647,0
ENSG00000271649,0
ENSG00000271650,0
ENSG00000271652,0
ENSG00000271653,3
ENSG00000271654,0
ENSG00000271655,0
ENSG00000271656,0
ENSG00000271657,0
ENSG00000271659,4
ENSG00000271660,0
ENSG00000271661,0
ENSG00000271662,3
ENSG00000271664,9
ENSG00000271666,0
ENSG00000271667,0
ENSG00000271670,6
ENSG00000271671,0
ENSG00000271672,0
ENSG00000271676,2
ENSG00000271677,0
ENSG00000271679,0
ENSG00000271680,0
ENSG00000271681,0
ENSG00000271682,0
ENSG00000271686,0
ENSG00000271687,1
ENSG00000271691,0
ENSG00000271693,0
ENSG00000271696,1
ENSG00000271697,0
ENSG00000271698,1
ENSG00000271699,0
ENSG00000271701,0
ENSG00000271702,0
ENSG00000271704,0
ENSG00000271705,0
ENSG00000271707,0
ENSG00000271709,0
ENSG00000271710,0
ENSG00000271711,0
ENSG00000271712,0
ENSG00000271714,26
ENSG00000271715,4
ENSG00000271716,1
ENSG00000271717,3
ENSG00000271721,32
ENSG00000271723,6
ENSG00000271724,0
ENSG00000271725,1
ENSG00000271727,9
ENSG00000271730,3
ENSG00000271732,0
ENSG00000271734,15
ENSG00000271736,6
ENSG00000271737,19
ENSG00000271739,0
ENSG00000271741,2
ENSG00000271742,0
ENSG00000271743,18
ENSG00000271745,50
ENSG00000271746,0
ENSG00000271748,0
ENSG00000271749,0
ENSG00000271751,4
ENSG00000271752,1
ENSG00000271754,5
ENSG00000271755,22
ENSG00000271757,1
ENSG00000271758,0
ENSG00000271761,1
ENSG00000271762,0
ENSG00000271763,3
ENSG00000271765,0
ENSG00000271766,1
ENSG00000271771,0
ENSG00000271774,0
ENSG00000271776,0
ENSG00000271778,1
ENSG00000271779,0
ENSG00000271780,140
ENSG00000271781,62
ENSG00000271784,19
ENSG00000271787,1
ENSG00000271788,2
ENSG00000271789,11
ENSG00000271792,0
ENSG00000271793,0
ENSG00000271795,10
ENSG00000271797,26
ENSG00000271798,0
ENSG00000271803,2
ENSG00000271806,3
ENSG00000271810,11
ENSG00000271811,7
ENSG00000271814,0
ENSG00000271815,2
ENSG00000271816,13
ENSG00000271817,1
ENSG00000271818,0
ENSG00000271819,1
ENSG00000271820,0
ENSG00000271821,10
ENSG00000271824,3
ENSG00000271825,2
ENSG00000271826,1
ENSG00000271828,23
ENSG00000271830,8
ENSG00000271831,0
ENSG00000271833,16
ENSG00000271840,0
ENSG00000271841,0
ENSG00000271843,13
ENSG00000271846,0
ENSG00000271848,2
ENSG00000271849,2
ENSG00000271850,44
ENSG00000271851,73
ENSG00000271852,0
ENSG00000271853,0
ENSG00000271855,19
ENSG00000271856,0
ENSG00000271857,10
ENSG00000271858,182
ENSG00000271860,1
ENSG00000271862,19
ENSG00000271868,5
ENSG00000271869,44
ENSG00000271870,100
ENSG00000271871,26
ENSG00000271874,1
ENSG00000271876,0
ENSG00000271880,3
ENSG00000271882,4
ENSG00000271886,0
ENSG00000271888,8
ENSG00000271889,7
ENSG00000271890,0
ENSG00000271892,1
ENSG00000271893,0
ENSG00000271894,0
ENSG00000271895,78
ENSG00000271897,0
ENSG00000271898,0
ENSG00000271899,0
ENSG00000271900,0
ENSG00000271901,5
ENSG00000271904,0
ENSG00000271905,0
ENSG00000271907,0
ENSG00000271911,4
ENSG00000271913,26
ENSG00000271914,6
ENSG00000271916,19
ENSG00000271917,0
ENSG00000271918,123
ENSG00000271919,0
ENSG00000271922,0
ENSG00000271923,0
ENSG00000271924,1
ENSG00000271926,7
ENSG00000271930,0
ENSG00000271931,0
ENSG00000271932,0
ENSG00000271933,9
ENSG00000271934,0
ENSG00000271936,27
ENSG00000271937,3
ENSG00000271938,1
ENSG00000271941,34
ENSG00000271943,19
ENSG00000271945,0
ENSG00000271947,0
ENSG00000271949,0
ENSG00000271952,1
ENSG00000271955,0
ENSG00000271958,0
ENSG00000271959,40
ENSG00000271963,0
ENSG00000271964,4
ENSG00000271966,35
ENSG00000271967,2
ENSG00000271968,0
ENSG00000271969,0
ENSG00000271970,10
ENSG00000271971,112
ENSG00000271973,6
ENSG00000271974,0
ENSG00000271976,525
ENSG00000271977,0
ENSG00000271978,16
ENSG00000271980,7
ENSG00000271981,0
ENSG00000271982,0
ENSG00000271983,26
ENSG00000271984,2
ENSG00000271985,0
ENSG00000271986,1
ENSG00000271989,1
ENSG00000271991,7
ENSG00000271992,3
ENSG00000271993,9
ENSG00000271996,1
ENSG00000271997,39
ENSG00000271998,0
ENSG00000272002,1
ENSG00000272004,1
ENSG00000272006,5
ENSG00000272008,51
ENSG00000272009,60
ENSG00000272010,5
ENSG00000272015,0
ENSG00000272017,7
ENSG00000272020,0
ENSG00000272021,0
ENSG00000272023,2
ENSG00000272024,18
ENSG00000272025,1
ENSG00000272027,0
ENSG00000272028,1
ENSG00000272030,38
ENSG00000272031,147
ENSG00000272033,0
ENSG00000272034,18
ENSG00000272036,0
ENSG00000272037,15
ENSG00000272040,25
ENSG00000272043,1
ENSG00000272045,0
ENSG00000272046,0
ENSG00000272047,1936
ENSG00000272049,17
ENSG00000272050,0
ENSG00000272051,0
ENSG00000272053,1
ENSG00000272054,30
ENSG00000272055,0
ENSG00000272056,2
ENSG00000272057,2
ENSG00000272058,1
ENSG00000272068,653
ENSG00000272070,21
ENSG00000272071,5
ENSG00000272072,19
ENSG00000272075,0
ENSG00000272076,2
ENSG00000272077,52
ENSG00000272078,83
ENSG00000272079,60
ENSG00000272080,0
ENSG00000272081,20
ENSG00000272082,0
ENSG00000272084,19
ENSG00000272085,0
ENSG00000272086,149
ENSG00000272087,31
ENSG00000272088,3
ENSG00000272092,18
ENSG00000272094,0
ENSG00000272096,0
ENSG00000272097,33
ENSG00000272100,14
ENSG00000272102,3
ENSG00000272103,1
ENSG00000272104,1
ENSG00000272106,232
ENSG00000272108,44
ENSG00000272109,3
ENSG00000272112,28
ENSG00000272113,0
ENSG00000272114,0
ENSG00000272115,3
ENSG00000272121,0
ENSG00000272123,2
ENSG00000272128,1
ENSG00000272129,18
ENSG00000272130,0
ENSG00000272134,0
ENSG00000272135,0
ENSG00000272137,2
ENSG00000272138,72
ENSG00000272139,0
ENSG00000272140,6
ENSG00000272141,110
ENSG00000272142,30
ENSG00000272143,239
ENSG00000272144,58
ENSG00000272145,38
ENSG00000272146,8
ENSG00000272148,7
ENSG00000272149,0
ENSG00000272150,104
ENSG00000272153,79
ENSG00000272154,3
ENSG00000272155,11
ENSG00000272156,24
ENSG00000272157,0
ENSG00000272158,2
ENSG00000272159,1
ENSG00000272160,0
ENSG00000272161,4
ENSG00000272162,0
ENSG00000272163,0
ENSG00000272164,0
ENSG00000272166,0
ENSG00000272167,0
ENSG00000272168,115
ENSG00000272170,2
ENSG00000272172,42
ENSG00000272173,72
ENSG00000272174,0
ENSG00000272175,0
ENSG00000272177,0
ENSG00000272180,3
ENSG00000272181,2
ENSG00000272182,11
ENSG00000272183,13
ENSG00000272186,3
ENSG00000272189,181
ENSG00000272192,1
ENSG00000272195,2
ENSG00000272196,1
ENSG00000272197,0
ENSG00000272202,6
ENSG00000272203,0
ENSG00000272205,5
ENSG00000272209,5
ENSG00000272211,0
ENSG00000272213,0
ENSG00000272215,0
ENSG00000272217,4
ENSG00000272218,0
ENSG00000272219,0
ENSG00000272220,0
ENSG00000272221,22
ENSG00000272223,21
ENSG00000272226,2
ENSG00000272230,0
ENSG00000272232,0
ENSG00000272234,0
ENSG00000272235,3
ENSG00000272236,19
ENSG00000272237,0
ENSG00000272239,0
ENSG00000272240,19
ENSG00000272243,7
ENSG00000272247,12
ENSG00000272248,9
ENSG00000272249,0
ENSG00000272250,7
ENSG00000272253,0
ENSG00000272254,0
ENSG00000272255,4
ENSG00000272256,3
ENSG00000272259,0
ENSG00000272262,0
ENSG00000272263,13
ENSG00000272264,27
ENSG00000272265,3
ENSG00000272267,4
ENSG00000272269,11
ENSG00000272273,18
ENSG00000272274,1
ENSG00000272275,41
ENSG00000272277,16
ENSG00000272279,11
ENSG00000272281,0
ENSG00000272282,4
ENSG00000272288,199
ENSG00000272293,34
ENSG00000272296,0
ENSG00000272297,0
ENSG00000272298,0
ENSG00000272299,0
ENSG00000272301,17
ENSG00000272304,0
ENSG00000272305,27
ENSG00000272308,4
ENSG00000272311,0
ENSG00000272312,1
ENSG00000272316,45
ENSG00000272319,2
ENSG00000272320,14
ENSG00000272321,0
ENSG00000272323,311
ENSG00000272324,3
ENSG00000272325,1637
ENSG00000272328,0
ENSG00000272329,0
ENSG00000272330,1
ENSG00000272333,3131
ENSG00000272334,3
ENSG00000272335,2702
ENSG00000272337,1
ENSG00000272338,30
ENSG00000272341,143
ENSG00000272342,6
ENSG00000272343,19
ENSG00000272344,0
ENSG00000272345,62
ENSG00000272346,0
ENSG00000272347,2
ENSG00000272351,0
ENSG00000272354,1
ENSG00000272356,34
ENSG00000272359,0
ENSG00000272360,55
ENSG00000272361,12
ENSG00000272362,0
ENSG00000272366,1
ENSG00000272367,2
ENSG00000272368,86
ENSG00000272369,64
ENSG00000272370,4
ENSG00000272371,0
ENSG00000272372,8
ENSG00000272374,68
ENSG00000272375,10
ENSG00000272379,1
ENSG00000272380,0
ENSG00000272381,7
ENSG00000272382,0
ENSG00000272383,0
ENSG00000272384,0
ENSG00000272385,0
ENSG00000272386,2
ENSG00000272387,0
ENSG00000272389,4
ENSG00000272391,2891
ENSG00000272393,0
ENSG00000272395,0
ENSG00000272396,2
ENSG00000272397,0
ENSG00000272398,769
ENSG00000272400,0
ENSG00000272402,19
ENSG00000272405,857
ENSG00000272406,0
ENSG00000272407,0
ENSG00000272410,0
ENSG00000272411,0
ENSG00000272412,0
ENSG00000272414,3
ENSG00000272416,43
ENSG00000272417,7
ENSG00000272418,0
ENSG00000272419,173
ENSG00000272420,24
ENSG00000272425,11
ENSG00000272426,6
ENSG00000272428,0
ENSG00000272430,1
ENSG00000272431,4
ENSG00000272432,7
ENSG00000272434,3
ENSG00000272435,0
ENSG00000272436,0
ENSG00000272438,0
ENSG00000272439,0
ENSG00000272440,12
ENSG00000272442,6
ENSG00000272443,0
ENSG00000272444,27
ENSG00000272445,0
ENSG00000272446,7
ENSG00000272447,51
ENSG00000272449,100
ENSG00000272455,119
ENSG00000272456,5
ENSG00000272457,0
ENSG00000272458,0
ENSG00000272459,9
ENSG00000272460,0
ENSG00000272461,1
ENSG00000272462,338
ENSG00000272463,90
ENSG00000272465,23
ENSG00000272468,79
ENSG00000272469,0
ENSG00000272472,0
ENSG00000272473,1
ENSG00000272474,0
ENSG00000272476,23
ENSG00000272477,0
ENSG00000272478,0
ENSG00000272479,0
ENSG00000272480,0
ENSG00000272482,8
ENSG00000272483,0
ENSG00000272485,2
ENSG00000272486,28
ENSG00000272489,0
ENSG00000272491,12
ENSG00000272494,0
ENSG00000272498,7
ENSG00000272501,73
ENSG00000272502,31
ENSG00000272505,32
ENSG00000272506,3
ENSG00000272507,2
ENSG00000272508,1
ENSG00000272509,6
ENSG00000272510,0
ENSG00000272511,2
ENSG00000272512,24
ENSG00000272514,9
ENSG00000272515,0
ENSG00000272516,1
ENSG00000272518,25
ENSG00000272519,2
ENSG00000272523,105
ENSG00000272524,0
ENSG00000272525,36
ENSG00000272529,6
ENSG00000272533,4
ENSG00000272536,1
ENSG00000272537,18
ENSG00000272540,8
ENSG00000272541,18
ENSG00000272542,0
ENSG00000272543,0
ENSG00000272545,0
ENSG00000272546,0
ENSG00000272549,2
ENSG00000272551,374
ENSG00000272554,0
ENSG00000272555,9
ENSG00000272556,62
ENSG00000272558,0
ENSG00000272559,0
ENSG00000272562,9
ENSG00000272563,5
ENSG00000272564,3
ENSG00000272566,0
ENSG00000272567,6
ENSG00000272568,113
ENSG00000272569,0
ENSG00000272572,17
ENSG00000272573,2
ENSG00000272574,7
ENSG00000272575,0
ENSG00000272576,6
ENSG00000272578,17
ENSG00000272579,381
ENSG00000272582,0
ENSG00000272583,2
ENSG00000272588,5
ENSG00000272589,2
ENSG00000272592,2
ENSG00000272593,0
ENSG00000272595,0
ENSG00000272597,0
ENSG00000272599,23
ENSG00000272600,0
ENSG00000272601,0
ENSG00000272602,762
ENSG00000272604,116
ENSG00000272606,19
ENSG00000272609,0
ENSG00000272610,6
ENSG00000272617,0
ENSG00000272619,0
ENSG00000272620,6
ENSG00000272622,45
ENSG00000272625,0
ENSG00000272626,0
ENSG00000272627,0
ENSG00000272630,25
ENSG00000272631,41
ENSG00000272632,2
ENSG00000272634,0
ENSG00000272635,11
ENSG00000272636,117
ENSG00000272638,0
ENSG00000272639,0
ENSG00000272642,0
ENSG00000272644,26
ENSG00000272645,363
ENSG00000272646,3
ENSG00000272647,18
ENSG00000272650,6
ENSG00000272654,115
ENSG00000272655,241
ENSG00000272656,15
ENSG00000272657,6
ENSG00000272659,19
ENSG00000272660,3
ENSG00000272661,0
ENSG00000272662,3
ENSG00000272663,12
ENSG00000272664,0
ENSG00000272666,11
ENSG00000272667,76
ENSG00000272668,39
ENSG00000272669,26
ENSG00000272672,1
ENSG00000272674,123
ENSG00000272676,0
ENSG00000272677,12
ENSG00000272678,0
ENSG00000272679,0
ENSG00000272681,0
ENSG00000272682,0
ENSG00000272685,0
ENSG00000272686,252
ENSG00000272688,0
ENSG00000272689,1
ENSG00000272690,13
ENSG00000272691,5
ENSG00000272692,4
ENSG00000272693,9
ENSG00000272694,0
ENSG00000272695,351
ENSG00000272696,22
ENSG00000272699,1
ENSG00000272701,8
ENSG00000272702,21
ENSG00000272703,0
ENSG00000272707,8
ENSG00000272710,2
ENSG00000272711,227
ENSG00000272714,0
ENSG00000272715,1
ENSG00000272716,4
ENSG00000272717,9
ENSG00000272719,0
ENSG00000272720,37
ENSG00000272721,18
ENSG00000272724,0
ENSG00000272727,2
ENSG00000272729,24
ENSG00000272732,26
ENSG00000272733,17
ENSG00000272734,61
ENSG00000272735,10
ENSG00000272736,0
ENSG00000272741,0
ENSG00000272742,0
ENSG00000272744,46
ENSG00000272745,1
ENSG00000272746,10
ENSG00000272748,1
ENSG00000272750,50
ENSG00000272752,313
ENSG00000272754,0
ENSG00000272755,1
ENSG00000272758,67
ENSG00000272760,66
ENSG00000272762,0
ENSG00000272763,0
ENSG00000272764,9
ENSG00000272767,11
ENSG00000272768,14
ENSG00000272769,0
ENSG00000272770,0
ENSG00000272772,0
ENSG00000272774,1
ENSG00000272777,22
ENSG00000272779,100
ENSG00000272780,0
ENSG00000272783,7
ENSG00000272784,0
ENSG00000272787,5
ENSG00000272788,1
ENSG00000272789,10
ENSG00000272791,19
ENSG00000272792,3
ENSG00000272795,1
ENSG00000272797,0
ENSG00000272798,1
ENSG00000272799,5
ENSG00000272800,6
ENSG00000272801,0
ENSG00000272804,0
ENSG00000272807,10
ENSG00000272808,149
ENSG00000272810,6
ENSG00000272812,5
ENSG00000272814,0
ENSG00000272815,0
ENSG00000272817,2
ENSG00000272821,136
ENSG00000272822,22
ENSG00000272823,3
ENSG00000272824,9
ENSG00000272825,14
ENSG00000272827,0
ENSG00000272829,29
ENSG00000272831,92
ENSG00000272832,0
ENSG00000272834,4
ENSG00000272836,21
ENSG00000272837,0
ENSG00000272839,7
ENSG00000272840,4
ENSG00000272841,73
ENSG00000272842,9
ENSG00000272843,1
ENSG00000272844,6
ENSG00000272848,14
ENSG00000272849,34
ENSG00000272851,0
ENSG00000272853,34
ENSG00000272854,4
ENSG00000272855,1
ENSG00000272856,0
ENSG00000272858,12
ENSG00000272861,72
ENSG00000272862,0
ENSG00000272864,7
ENSG00000272865,0
ENSG00000272866,1
ENSG00000272869,2
ENSG00000272870,29
ENSG00000272871,22
ENSG00000272872,10
ENSG00000272874,0
ENSG00000272880,0
ENSG00000272882,0
ENSG00000272884,2
ENSG00000272885,10
ENSG00000272886,1544
ENSG00000272887,0
ENSG00000272888,2675
ENSG00000272892,4
ENSG00000272894,71
ENSG00000272895,0
ENSG00000272896,2
ENSG00000272897,0
ENSG00000272899,369
ENSG00000272900,0
ENSG00000272902,37
ENSG00000272904,10
ENSG00000272905,6
ENSG00000272906,13
ENSG00000272908,19
ENSG00000272909,23
ENSG00000272910,2
ENSG00000272911,3
ENSG00000272912,1
ENSG00000272913,542
ENSG00000272914,3
ENSG00000272915,2
ENSG00000272916,9
ENSG00000272917,1
ENSG00000272918,47
ENSG00000272920,0
ENSG00000272921,0
ENSG00000272922,10
ENSG00000272923,0
ENSG00000272927,29
ENSG00000272931,9
ENSG00000272933,124
ENSG00000272934,0
ENSG00000272936,0
ENSG00000272937,0
ENSG00000272940,6
ENSG00000272941,11
ENSG00000272942,0
ENSG00000272944,2
ENSG00000272945,10
ENSG00000272948,13
ENSG00000272949,2
ENSG00000272950,12
ENSG00000272953,53
ENSG00000272954,0
ENSG00000272958,0
ENSG00000272963,0
ENSG00000272966,0
ENSG00000272967,1
ENSG00000272968,3
ENSG00000272969,4
ENSG00000272970,37
ENSG00000272971,4
ENSG00000272973,5
ENSG00000272975,2
ENSG00000272977,27
ENSG00000272979,12
ENSG00000272980,20
ENSG00000272981,0
ENSG00000272982,0
ENSG00000272983,36
ENSG00000272984,0
ENSG00000272986,9
ENSG00000272987,0
ENSG00000272988,0
ENSG00000272989,28
ENSG00000272990,29
ENSG00000272991,0
ENSG00000272993,0
ENSG00000272994,80
ENSG00000272995,3
ENSG00000273000,8
ENSG00000273001,3
ENSG00000273002,10
ENSG00000273003,0
ENSG00000273004,5
ENSG00000273006,0
ENSG00000273007,3
ENSG00000273008,9
ENSG00000273009,15
ENSG00000273010,10
ENSG00000273011,1
ENSG00000273012,1
ENSG00000273013,6
ENSG00000273014,71
ENSG00000273015,649
ENSG00000273017,1
ENSG00000273018,1
ENSG00000273019,2
ENSG00000273024,24
ENSG00000273025,0
ENSG00000273026,17
ENSG00000273027,20
ENSG00000273030,65
ENSG00000273032,12
ENSG00000273033,398
ENSG00000273035,2
ENSG00000273036,291
ENSG00000273038,78
ENSG00000273041,0
ENSG00000273044,8
ENSG00000273045,384
ENSG00000273046,0
ENSG00000273047,0
ENSG00000273048,0
ENSG00000273049,0
ENSG00000273051,0
ENSG00000273055,28
ENSG00000273056,2
ENSG00000273058,44
ENSG00000273059,3
ENSG00000273061,77
ENSG00000273062,19
ENSG00000273063,0
ENSG00000273064,9
ENSG00000273065,0
ENSG00000273066,157
ENSG00000273068,0
ENSG00000273069,3
ENSG00000273071,0
ENSG00000273073,28
ENSG00000273076,3
ENSG00000273077,5
ENSG00000273079,1
ENSG00000273080,13
ENSG00000273082,0
ENSG00000273084,61
ENSG00000273085,0
ENSG00000273088,0
ENSG00000273090,0
ENSG00000273091,3
ENSG00000273093,0
ENSG00000273096,3
ENSG00000273098,0
ENSG00000273100,7
ENSG00000273102,2
ENSG00000273104,0
ENSG00000273106,2
ENSG00000273107,13
ENSG00000273108,188
ENSG00000273110,0
ENSG00000273111,1
ENSG00000273112,0
ENSG00000273113,2
ENSG00000273115,1
ENSG00000273117,74
ENSG00000273118,0
ENSG00000273119,0
ENSG00000273123,1
ENSG00000273124,0
ENSG00000273125,28
ENSG00000273129,2
ENSG00000273132,0
ENSG00000273133,34
ENSG00000273136,23
ENSG00000273137,58
ENSG00000273138,0
ENSG00000273139,6
ENSG00000273141,0
ENSG00000273142,665
ENSG00000273143,34
ENSG00000273145,111
ENSG00000273148,41
ENSG00000273149,0
ENSG00000273151,88
ENSG00000273153,1
ENSG00000273154,43
ENSG00000273155,0
ENSG00000273156,9
ENSG00000273160,22
ENSG00000273162,25
ENSG00000273164,1
ENSG00000273165,1
ENSG00000273167,8
ENSG00000273170,102
ENSG00000273171,0
ENSG00000273172,4
ENSG00000273173,11
ENSG00000273174,12
ENSG00000273175,0
ENSG00000273176,1
ENSG00000273177,0
ENSG00000273179,16
ENSG00000273180,3
ENSG00000273181,3
ENSG00000273183,8
ENSG00000273184,0
ENSG00000273186,19
ENSG00000273188,15
ENSG00000273189,2
ENSG00000273192,36
ENSG00000273196,2
ENSG00000273198,0
ENSG00000273199,5
ENSG00000273203,51
ENSG00000273204,0
ENSG00000273209,0
ENSG00000273210,4
ENSG00000273211,0
ENSG00000273212,5
ENSG00000273213,2
ENSG00000273214,0
ENSG00000273216,8
ENSG00000273217,0
ENSG00000273218,8
ENSG00000273219,0
ENSG00000273221,0
ENSG00000273225,0
ENSG00000273226,110
ENSG00000273228,0
ENSG00000273230,210
ENSG00000273232,0
ENSG00000273233,0
ENSG00000273234,6
ENSG00000273237,70
ENSG00000273238,0
ENSG00000273240,5
ENSG00000273243,1
ENSG00000273244,0
ENSG00000273245,2
ENSG00000273247,248
ENSG00000273248,2
ENSG00000273249,16
ENSG00000273252,0
ENSG00000273253,88
ENSG00000273254,0
ENSG00000273255,0
ENSG00000273257,7
ENSG00000273258,1
ENSG00000273259,33
ENSG00000273261,17
ENSG00000273262,0
ENSG00000273264,1
ENSG00000273265,23
ENSG00000273267,1
ENSG00000273269,0
ENSG00000273270,442
ENSG00000273271,72
ENSG00000273272,1
ENSG00000273274,3
ENSG00000273275,0
ENSG00000273284,16
ENSG00000273287,1
ENSG00000273288,0
ENSG00000273289,7
ENSG00000273291,63
ENSG00000273293,3
ENSG00000273294,12
ENSG00000273295,2
ENSG00000273297,21
ENSG00000273299,0
ENSG00000273300,0
ENSG00000273301,1
ENSG00000273302,3
ENSG00000273303,0
ENSG00000273305,33
ENSG00000273306,19
ENSG00000273307,0
ENSG00000273308,3
ENSG00000273311,63
ENSG00000273312,1
ENSG00000273313,0
ENSG00000273314,276
ENSG00000273319,3
ENSG00000273320,6
ENSG00000273321,5
ENSG00000273325,5
ENSG00000273327,1
ENSG00000273328,37
ENSG00000273329,78
ENSG00000273330,0
ENSG00000273331,2
ENSG00000273333,1
ENSG00000273335,0
ENSG00000273336,4
ENSG00000273338,2
ENSG00000273340,23
ENSG00000273341,17
ENSG00000273342,3
ENSG00000273343,5
ENSG00000273344,879
ENSG00000273345,3
ENSG00000273348,0
ENSG00000273350,3
ENSG00000273352,9
ENSG00000273353,0
ENSG00000273355,47
ENSG00000273356,38
ENSG00000273360,0
ENSG00000273361,1
ENSG00000273362,0
ENSG00000273363,1
ENSG00000273365,2
ENSG00000273366,16
ENSG00000273367,12
ENSG00000273368,2
ENSG00000273369,7
ENSG00000273370,0
ENSG00000273372,0
ENSG00000273373,104
ENSG00000273374,8
ENSG00000273375,6
ENSG00000273377,0
ENSG00000273381,8
ENSG00000273382,25
ENSG00000273384,7
ENSG00000273387,7
ENSG00000273388,4
ENSG00000273389,1
ENSG00000273391,13
ENSG00000273394,4
ENSG00000273396,3
ENSG00000273398,0
ENSG00000273399,0
ENSG00000273402,3
ENSG00000273403,19
ENSG00000273406,0
ENSG00000273407,4
ENSG00000273408,0
ENSG00000273409,30
ENSG00000273413,0
ENSG00000273415,0
ENSG00000273416,10
ENSG00000273419,6
ENSG00000273420,0
ENSG00000273423,0
ENSG00000273424,3
ENSG00000273428,0
ENSG00000273432,18
ENSG00000273433,0
ENSG00000273434,0
ENSG00000273437,45
ENSG00000273442,10
ENSG00000273443,0
ENSG00000273444,0
ENSG00000273445,0
ENSG00000273447,12
ENSG00000273448,45
ENSG00000273449,14
ENSG00000273450,2
ENSG00000273451,1
ENSG00000273454,10
ENSG00000273455,2
ENSG00000273456,61
ENSG00000273461,0
ENSG00000273464,4
ENSG00000273466,46
ENSG00000273471,0
ENSG00000273472,380
ENSG00000273473,13
ENSG00000273474,8
ENSG00000273476,1
ENSG00000273478,50
ENSG00000273481,1
ENSG00000273483,6
ENSG00000273484,1
ENSG00000273485,0
ENSG00000273486,64
ENSG00000273487,18
ENSG00000273489,11
ENSG00000273492,101
ENSG00000273493,4
ENSG00000273497,0
ENSG00000273499,0
ENSG00000273500,0
ENSG00000273504,0
ENSG00000273507,4
ENSG00000273509,2
ENSG00000273512,0
ENSG00000273513,0
ENSG00000273514,0
ENSG00000273515,0
ENSG00000273516,0
ENSG00000273520,0
ENSG00000273521,4
ENSG00000273523,1
ENSG00000273524,0
ENSG00000273527,0
ENSG00000273530,0
ENSG00000273531,0
ENSG00000273534,0
ENSG00000273536,0
ENSG00000273537,0
ENSG00000273540,0
ENSG00000273541,0
ENSG00000273542,13
ENSG00000273544,0
ENSG00000273545,0
ENSG00000273547,0
ENSG00000273549,0
ENSG00000273550,0
ENSG00000273551,1
ENSG00000273552,1
ENSG00000273553,0
ENSG00000273555,2
ENSG00000273556,0
ENSG00000273557,0
ENSG00000273558,0
ENSG00000273559,1107
ENSG00000273560,0
ENSG00000273561,0
ENSG00000273565,5
ENSG00000273566,0
ENSG00000273567,0
ENSG00000273568,13
ENSG00000273569,0
ENSG00000273570,0
ENSG00000273571,0
ENSG00000273573,0
ENSG00000273576,197
ENSG00000273577,1
ENSG00000273580,0
ENSG00000273581,0
ENSG00000273582,0
ENSG00000273583,0
ENSG00000273584,1
ENSG00000273585,1
ENSG00000273586,0
ENSG00000273587,0
ENSG00000273588,0
ENSG00000273589,0
ENSG00000273590,2
ENSG00000273591,0
ENSG00000273593,0
ENSG00000273595,0
ENSG00000273596,0
ENSG00000273597,1
ENSG00000273598,0
ENSG00000273599,89
ENSG00000273600,0
ENSG00000273604,45
ENSG00000273606,0
ENSG00000273609,0
ENSG00000273610,0
ENSG00000273611,2308
ENSG00000273612,0
ENSG00000273613,0
ENSG00000273614,0
ENSG00000273615,209
ENSG00000273618,3
ENSG00000273619,82
ENSG00000273621,0
ENSG00000273623,0
ENSG00000273626,0
ENSG00000273627,0
ENSG00000273628,11
ENSG00000273629,0
ENSG00000273630,0
ENSG00000273631,0
ENSG00000273632,0
ENSG00000273634,0
ENSG00000273637,1
ENSG00000273639,0
ENSG00000273640,0
ENSG00000273643,0
ENSG00000273644,0
ENSG00000273648,0
ENSG00000273650,38
ENSG00000273653,0
ENSG00000273654,1
ENSG00000273657,0
ENSG00000273658,0
ENSG00000273659,1
ENSG00000273662,7
ENSG00000273663,0
ENSG00000273664,0
ENSG00000273665,0
ENSG00000273667,0
ENSG00000273668,0
ENSG00000273669,70
ENSG00000273672,0
ENSG00000273674,18
ENSG00000273675,0
ENSG00000273676,0
ENSG00000273677,0
ENSG00000273678,0
ENSG00000273679,0
ENSG00000273680,25
ENSG00000273682,9
ENSG00000273684,0
ENSG00000273685,0
ENSG00000273687,3
ENSG00000273689,0
ENSG00000273690,0
ENSG00000273691,0
ENSG00000273692,0
ENSG00000273693,0
ENSG00000273694,0
ENSG00000273695,0
ENSG00000273696,0
ENSG00000273697,0
ENSG00000273698,0
ENSG00000273699,0
ENSG00000273700,0
ENSG00000273701,0
ENSG00000273702,132
ENSG00000273703,0
ENSG00000273704,0
ENSG00000273705,0
ENSG00000273706,0
ENSG00000273709,0
ENSG00000273710,0
ENSG00000273711,0
ENSG00000273712,27
ENSG00000273717,0
ENSG00000273718,0
ENSG00000273719,0
ENSG00000273720,3
ENSG00000273721,0
ENSG00000273723,42
ENSG00000273724,3
ENSG00000273725,0
ENSG00000273727,0
ENSG00000273729,58
ENSG00000273731,0
ENSG00000273732,0
ENSG00000273733,20
ENSG00000273734,0
ENSG00000273736,0
ENSG00000273742,0
ENSG00000273743,0
ENSG00000273744,0
ENSG00000273745,0
ENSG00000273746,0
ENSG00000273747,9
ENSG00000273749,14964
ENSG00000273750,0
ENSG00000273751,0
ENSG00000273754,0
ENSG00000273756,0
ENSG00000273758,0
ENSG00000273759,40
ENSG00000273760,0
ENSG00000273762,0
ENSG00000273763,4
ENSG00000273765,2
ENSG00000273767,0
ENSG00000273768,1
ENSG00000273769,0
ENSG00000273771,4
ENSG00000273773,0
ENSG00000273774,0
ENSG00000273776,0
ENSG00000273777,3
ENSG00000273778,0
ENSG00000273781,0
ENSG00000273782,0
ENSG00000273783,46
ENSG00000273784,14
ENSG00000273786,0
ENSG00000273787,0
ENSG00000273788,0
ENSG00000273789,0
ENSG00000273790,0
ENSG00000273791,1
ENSG00000273792,5
ENSG00000273796,27
ENSG00000273797,2
ENSG00000273798,0
ENSG00000273800,0
ENSG00000273801,0
ENSG00000273802,302
ENSG00000273804,0
ENSG00000273805,0
ENSG00000273806,0
ENSG00000273809,0
ENSG00000273810,0
ENSG00000273811,3
ENSG00000273812,10
ENSG00000273813,0
ENSG00000273816,1
ENSG00000273817,0
ENSG00000273818,0
ENSG00000273819,1
ENSG00000273820,453
ENSG00000273821,37
ENSG00000273823,6
ENSG00000273824,0
ENSG00000273825,0
ENSG00000273826,0
ENSG00000273828,5
ENSG00000273829,0
ENSG00000273830,0
ENSG00000273832,0
ENSG00000273834,0
ENSG00000273835,0
ENSG00000273836,0
ENSG00000273837,15
ENSG00000273838,3
ENSG00000273840,0
ENSG00000273841,1926
ENSG00000273842,0
ENSG00000273844,0
ENSG00000273846,0
ENSG00000273848,0
ENSG00000273849,0
ENSG00000273851,5
ENSG00000273853,0
ENSG00000273854,0
ENSG00000273855,6
ENSG00000273857,0
ENSG00000273858,0
ENSG00000273860,0
ENSG00000273862,0
ENSG00000273863,0
ENSG00000273866,0
ENSG00000273868,0
ENSG00000273870,2
ENSG00000273872,0
ENSG00000273874,1
ENSG00000273876,0
ENSG00000273877,0
ENSG00000273878,0
ENSG00000273879,0
ENSG00000273882,0
ENSG00000273885,0
ENSG00000273886,0
ENSG00000273888,34
ENSG00000273890,5
ENSG00000273891,26
ENSG00000273892,0
ENSG00000273893,109
ENSG00000273894,0
ENSG00000273895,0
ENSG00000273897,0
ENSG00000273898,0
ENSG00000273899,210
ENSG00000273900,0
ENSG00000273901,8
ENSG00000273902,0
ENSG00000273903,3
ENSG00000273904,0
ENSG00000273906,0
ENSG00000273907,0
ENSG00000273908,0
ENSG00000273910,0
ENSG00000273912,0
ENSG00000273913,0
ENSG00000273915,0
ENSG00000273917,0
ENSG00000273919,0
ENSG00000273920,6
ENSG00000273923,0
ENSG00000273925,0
ENSG00000273926,0
ENSG00000273927,0
ENSG00000273930,0
ENSG00000273932,0
ENSG00000273933,0
ENSG00000273939,0
ENSG00000273940,0
ENSG00000273941,0
ENSG00000273942,0
ENSG00000273945,0
ENSG00000273946,0
ENSG00000273948,0
ENSG00000273949,0
ENSG00000273950,0
ENSG00000273951,5
ENSG00000273952,0
ENSG00000273956,0
ENSG00000273957,0
ENSG00000273958,1
ENSG00000273960,0
ENSG00000273961,0
ENSG00000273962,0
ENSG00000273963,0
ENSG00000273964,0
ENSG00000273965,0
ENSG00000273966,0
ENSG00000273971,2
ENSG00000273972,3
ENSG00000273973,3
ENSG00000273974,0
ENSG00000273975,0
ENSG00000273976,0
ENSG00000273978,0
ENSG00000273979,0
ENSG00000273980,1
ENSG00000273981,0
ENSG00000273982,2
ENSG00000273983,177
ENSG00000273985,0
ENSG00000273986,0
ENSG00000273987,59
ENSG00000273988,0
ENSG00000273989,3
ENSG00000273994,0
ENSG00000273996,1
ENSG00000273997,0
ENSG00000273998,2
ENSG00000273999,0
ENSG00000274001,2
ENSG00000274002,0
ENSG00000274004,0
ENSG00000274006,0
ENSG00000274008,0
ENSG00000274010,0
ENSG00000274011,0
ENSG00000274012,588
ENSG00000274013,0
ENSG00000274014,0
ENSG00000274015,2
ENSG00000274017,0
ENSG00000274019,0
ENSG00000274020,397
ENSG00000274021,4
ENSG00000274022,0
ENSG00000274023,0
ENSG00000274024,6
ENSG00000274025,0
ENSG00000274026,9
ENSG00000274027,0
ENSG00000274028,0
ENSG00000274029,14
ENSG00000274031,1
ENSG00000274033,0
ENSG00000274034,1
ENSG00000274037,0
ENSG00000274038,3
ENSG00000274043,0
ENSG00000274044,0
ENSG00000274046,0
ENSG00000274049,1
ENSG00000274051,8
ENSG00000274052,0
ENSG00000274054,0
ENSG00000274055,0
ENSG00000274056,0
ENSG00000274057,1
ENSG00000274059,0
ENSG00000274060,0
ENSG00000274061,0
ENSG00000274062,0
ENSG00000274064,0
ENSG00000274065,0
ENSG00000274066,0
ENSG00000274067,0
ENSG00000274068,1
ENSG00000274070,37
ENSG00000274072,0
ENSG00000274074,0
ENSG00000274075,0
ENSG00000274076,0
ENSG00000274077,0
ENSG00000274079,0
ENSG00000274080,0
ENSG00000274083,0
ENSG00000274086,0
ENSG00000274087,0
ENSG00000274088,0
ENSG00000274090,0
ENSG00000274091,0
ENSG00000274092,2
ENSG00000274093,0
ENSG00000274094,0
ENSG00000274095,0
ENSG00000274096,0
ENSG00000274097,0
ENSG00000274098,0
ENSG00000274099,0
ENSG00000274100,0
ENSG00000274102,0
ENSG00000274103,0
ENSG00000274104,41
ENSG00000274105,8
ENSG00000274111,0
ENSG00000274114,1
ENSG00000274115,0
ENSG00000274116,0
ENSG00000274118,0
ENSG00000274121,0
ENSG00000274124,1
ENSG00000274127,0
ENSG00000274128,1
ENSG00000274133,0
ENSG00000274134,0
ENSG00000274135,0
ENSG00000274139,5
ENSG00000274140,0
ENSG00000274141,0
ENSG00000274149,0
ENSG00000274150,0
ENSG00000274151,0
ENSG00000274153,0
ENSG00000274154,0
ENSG00000274155,0
ENSG00000274156,10
ENSG00000274157,0
ENSG00000274159,0
ENSG00000274160,0
ENSG00000274162,0
ENSG00000274164,0
ENSG00000274167,0
ENSG00000274168,0
ENSG00000274170,0
ENSG00000274172,5
ENSG00000274173,1935
ENSG00000274177,0
ENSG00000274178,0
ENSG00000274180,509
ENSG00000274181,0
ENSG00000274182,0
ENSG00000274183,0
ENSG00000274184,15
ENSG00000274186,0
ENSG00000274188,0
ENSG00000274190,0
ENSG00000274191,7
ENSG00000274196,0
ENSG00000274197,0
ENSG00000274198,0
ENSG00000274199,0
ENSG00000274200,0
ENSG00000274203,0
ENSG00000274204,1
ENSG00000274206,0
ENSG00000274207,0
ENSG00000274209,0
ENSG00000274210,1
ENSG00000274211,1920
ENSG00000274212,0
ENSG00000274213,12
ENSG00000274214,3
ENSG00000274215,6
ENSG00000274216,0
ENSG00000274219,0
ENSG00000274220,17
ENSG00000274222,0
ENSG00000274223,0
ENSG00000274225,18
ENSG00000274226,0
ENSG00000274227,19
ENSG00000274228,0
ENSG00000274230,0
ENSG00000274231,0
ENSG00000274234,0
ENSG00000274235,1
ENSG00000274237,0
ENSG00000274238,4
ENSG00000274241,0
ENSG00000274242,0
ENSG00000274244,0
ENSG00000274245,1
ENSG00000274246,0
ENSG00000274248,0
ENSG00000274250,0
ENSG00000274251,8
ENSG00000274252,0
ENSG00000274253,130
ENSG00000274255,0
ENSG00000274256,0
ENSG00000274258,0
ENSG00000274259,1
ENSG00000274261,0
ENSG00000274263,0
ENSG00000274265,66
ENSG00000274266,0
ENSG00000274267,6
ENSG00000274268,0
ENSG00000274269,1
ENSG00000274270,6
ENSG00000274272,210
ENSG00000274274,0
ENSG00000274275,1
ENSG00000274276,0
ENSG00000274277,0
ENSG00000274278,0
ENSG00000274279,0
ENSG00000274280,0
ENSG00000274281,18
ENSG00000274282,0
ENSG00000274284,0
ENSG00000274286,17
ENSG00000274289,0
ENSG00000274290,10
ENSG00000274292,33
ENSG00000274293,0
ENSG00000274294,0
ENSG00000274295,0
ENSG00000274297,1
ENSG00000274298,0
ENSG00000274299,0
ENSG00000274300,0
ENSG00000274301,0
ENSG00000274302,0
ENSG00000274303,0
ENSG00000274304,0
ENSG00000274306,0
ENSG00000274307,7
ENSG00000274308,0
ENSG00000274309,0
ENSG00000274310,1
ENSG00000274312,0
ENSG00000274314,0
ENSG00000274315,10
ENSG00000274316,0
ENSG00000274317,2
ENSG00000274319,0
ENSG00000274321,0
ENSG00000274322,21
ENSG00000274325,0
ENSG00000274326,0
ENSG00000274328,0
ENSG00000274329,0
ENSG00000274330,0
ENSG00000274331,0
ENSG00000274333,2
ENSG00000274335,0
ENSG00000274340,3
ENSG00000274341,19
ENSG00000274342,0
ENSG00000274343,0
ENSG00000274344,0
ENSG00000274346,0
ENSG00000274347,0
ENSG00000274349,201
ENSG00000274350,0
ENSG00000274351,1
ENSG00000274353,0
ENSG00000274354,0
ENSG00000274355,0
ENSG00000274356,1
ENSG00000274357,0
ENSG00000274358,1
ENSG00000274363,5
ENSG00000274364,2
ENSG00000274365,0
ENSG00000274366,0
ENSG00000274367,2
ENSG00000274368,2
ENSG00000274369,0
ENSG00000274370,11
ENSG00000274372,13
ENSG00000274373,43
ENSG00000274374,0
ENSG00000274376,2
ENSG00000274377,0
ENSG00000274378,0
ENSG00000274379,0
ENSG00000274380,0
ENSG00000274381,0
ENSG00000274383,35
ENSG00000274385,0
ENSG00000274386,1
ENSG00000274387,0
ENSG00000274388,0
ENSG00000274389,0
ENSG00000274390,0
ENSG00000274391,0
ENSG00000274395,0
ENSG00000274396,0
ENSG00000274397,0
ENSG00000274398,0
ENSG00000274400,0
ENSG00000274403,11
ENSG00000274408,0
ENSG00000274409,0
ENSG00000274414,13
ENSG00000274415,0
ENSG00000274416,0
ENSG00000274417,0
ENSG00000274419,33
ENSG00000274420,0
ENSG00000274421,1
ENSG00000274422,8
ENSG00000274423,0
ENSG00000274424,0
ENSG00000274425,56
ENSG00000274426,0
ENSG00000274427,2
ENSG00000274428,0
ENSG00000274430,0
ENSG00000274431,0
ENSG00000274432,0
ENSG00000274433,0
ENSG00000274441,1
ENSG00000274443,0
ENSG00000274444,1
ENSG00000274445,0
ENSG00000274446,0
ENSG00000274447,4
ENSG00000274448,0
ENSG00000274450,0
ENSG00000274451,0
ENSG00000274452,0
ENSG00000274453,0
ENSG00000274455,0
ENSG00000274457,0
ENSG00000274458,0
ENSG00000274459,0
ENSG00000274460,29
ENSG00000274461,12
ENSG00000274464,0
ENSG00000274466,0
ENSG00000274467,0
ENSG00000274468,0
ENSG00000274469,0
ENSG00000274470,0
ENSG00000274471,121
ENSG00000274472,0
ENSG00000274475,0
ENSG00000274478,0
ENSG00000274479,0
ENSG00000274481,0
ENSG00000274483,6
ENSG00000274484,0
ENSG00000274486,0
ENSG00000274487,29
ENSG00000274489,0
ENSG00000274490,0
ENSG00000274491,0
ENSG00000274492,8
ENSG00000274493,0
ENSG00000274494,2
ENSG00000274496,0
ENSG00000274499,0
ENSG00000274500,0
ENSG00000274501,0
ENSG00000274502,0
ENSG00000274503,0
ENSG00000274505,0
ENSG00000274507,0
ENSG00000274508,1
ENSG00000274509,1
ENSG00000274510,0
ENSG00000274512,0
ENSG00000274514,1
ENSG00000274515,5
ENSG00000274516,0
ENSG00000274519,0
ENSG00000274520,1
ENSG00000274521,0
ENSG00000274523,4125
ENSG00000274524,0
ENSG00000274525,1
ENSG00000274526,0
ENSG00000274527,0
ENSG00000274528,4
ENSG00000274529,0
ENSG00000274532,0
ENSG00000274535,0
ENSG00000274536,37
ENSG00000274537,0
ENSG00000274541,0
ENSG00000274544,0
ENSG00000274547,0
ENSG00000274548,0
ENSG00000274549,0
ENSG00000274550,0
ENSG00000274551,1
ENSG00000274552,0
ENSG00000274553,0
ENSG00000274554,4
ENSG00000274555,1
ENSG00000274557,0
ENSG00000274559,0
ENSG00000274560,6
ENSG00000274561,110
ENSG00000274562,0
ENSG00000274565,9
ENSG00000274568,0
ENSG00000274569,0
ENSG00000274570,0
ENSG00000274572,0
ENSG00000274576,0
ENSG00000274578,0
ENSG00000274579,0
ENSG00000274582,0
ENSG00000274583,0
ENSG00000274584,1
ENSG00000274585,0
ENSG00000274588,0
ENSG00000274589,2
ENSG00000274590,0
ENSG00000274591,0
ENSG00000274592,0
ENSG00000274594,0
ENSG00000274596,0
ENSG00000274598,0
ENSG00000274599,0
ENSG00000274600,5
ENSG00000274601,0
ENSG00000274602,80
ENSG00000274603,0
ENSG00000274604,0
ENSG00000274605,652
ENSG00000274606,0
ENSG00000274607,0
ENSG00000274611,6
ENSG00000274612,0
ENSG00000274614,0
ENSG00000274615,0
ENSG00000274617,0
ENSG00000274618,0
ENSG00000274620,3
ENSG00000274621,0
ENSG00000274622,0
ENSG00000274624,1
ENSG00000274625,0
ENSG00000274627,103
ENSG00000274628,1
ENSG00000274629,1
ENSG00000274630,0
ENSG00000274631,0
ENSG00000274632,0
ENSG00000274633,0
ENSG00000274634,0
ENSG00000274635,0
ENSG00000274637,0
ENSG00000274640,0
ENSG00000274641,8
ENSG00000274642,5
ENSG00000274645,0
ENSG00000274647,0
ENSG00000274648,0
ENSG00000274649,0
ENSG00000274652,0
ENSG00000274653,66
ENSG00000274654,2
ENSG00000274655,0
ENSG00000274656,0
ENSG00000274658,0
ENSG00000274659,3
ENSG00000274660,0
ENSG00000274662,0
ENSG00000274663,0
ENSG00000274664,0
ENSG00000274666,0
ENSG00000274667,8
ENSG00000274668,0
ENSG00000274670,0
ENSG00000274673,0
ENSG00000274674,0
ENSG00000274677,6
ENSG00000274678,3
ENSG00000274680,0
ENSG00000274682,1
ENSG00000274683,0
ENSG00000274685,0
ENSG00000274686,3
ENSG00000274688,0
ENSG00000274689,0
ENSG00000274691,1
ENSG00000274693,1
ENSG00000274694,0
ENSG00000274695,6
ENSG00000274697,0
ENSG00000274698,0
ENSG00000274701,0
ENSG00000274702,0
ENSG00000274704,0
ENSG00000274705,27
ENSG00000274709,0
ENSG00000274711,0
ENSG00000274712,39
ENSG00000274713,1
ENSG00000274716,0
ENSG00000274717,2
ENSG00000274718,2
ENSG00000274719,0
ENSG00000274721,0
ENSG00000274723,10
ENSG00000274725,0
ENSG00000274727,0
ENSG00000274728,0
ENSG00000274730,0
ENSG00000274732,0
ENSG00000274735,0
ENSG00000274736,2
ENSG00000274737,8
ENSG00000274740,0
ENSG00000274742,0
ENSG00000274743,0
ENSG00000274744,0
ENSG00000274747,0
ENSG00000274748,0
ENSG00000274749,0
ENSG00000274750,144
ENSG00000274751,4
ENSG00000274752,3
ENSG00000274753,0
ENSG00000274755,0
ENSG00000274756,5
ENSG00000274758,0
ENSG00000274759,1
ENSG00000274760,0
ENSG00000274761,0
ENSG00000274762,0
ENSG00000274764,0
ENSG00000274765,16
ENSG00000274766,0
ENSG00000274767,139
ENSG00000274769,1
ENSG00000274770,0
ENSG00000274772,0
ENSG00000274773,0
ENSG00000274775,0
ENSG00000274776,7
ENSG00000274777,0
ENSG00000274778,1
ENSG00000274784,0
ENSG00000274787,0
ENSG00000274790,0
ENSG00000274791,0
ENSG00000274793,0
ENSG00000274794,0
ENSG00000274797,0
ENSG00000274798,3
ENSG00000274799,0
ENSG00000274800,0
ENSG00000274802,0
ENSG00000274805,0
ENSG00000274808,1
ENSG00000274809,0
ENSG00000274810,0
ENSG00000274813,0
ENSG00000274814,0
ENSG00000274815,0
ENSG00000274816,1
ENSG00000274817,0
ENSG00000274818,7
ENSG00000274819,0
ENSG00000274820,0
ENSG00000274822,0
ENSG00000274823,0
ENSG00000274824,0
ENSG00000274825,2
ENSG00000274827,0
ENSG00000274828,191
ENSG00000274831,0
ENSG00000274832,0
ENSG00000274833,0
ENSG00000274834,0
ENSG00000274835,3
ENSG00000274836,0
ENSG00000274837,0
ENSG00000274838,0
ENSG00000274840,0
ENSG00000274841,0
ENSG00000274844,0
ENSG00000274845,0
ENSG00000274848,1
ENSG00000274849,11
ENSG00000274852,0
ENSG00000274855,0
ENSG00000274856,0
ENSG00000274859,0
ENSG00000274860,0
ENSG00000274862,0
ENSG00000274863,1
ENSG00000274864,0
ENSG00000274866,0
ENSG00000274867,0
ENSG00000274868,0
ENSG00000274869,2
ENSG00000274871,0
ENSG00000274872,0
ENSG00000274874,0
ENSG00000274877,5
ENSG00000274878,0
ENSG00000274879,0
ENSG00000274880,0
ENSG00000274883,0
ENSG00000274884,0
ENSG00000274885,0
ENSG00000274886,0
ENSG00000274888,0
ENSG00000274890,0
ENSG00000274892,2
ENSG00000274893,1
ENSG00000274895,0
ENSG00000274897,76
ENSG00000274898,3
ENSG00000274899,0
ENSG00000274900,0
ENSG00000274901,0
ENSG00000274902,6
ENSG00000274903,0
ENSG00000274904,0
ENSG00000274910,0
ENSG00000274911,32
ENSG00000274913,0
ENSG00000274915,0
ENSG00000274916,0
ENSG00000274918,3
ENSG00000274919,0
ENSG00000274922,55
ENSG00000274923,1
ENSG00000274924,0
ENSG00000274925,112
ENSG00000274927,0
ENSG00000274928,0
ENSG00000274929,8
ENSG00000274930,0
ENSG00000274932,0
ENSG00000274933,0
ENSG00000274934,0
ENSG00000274937,3
ENSG00000274940,0
ENSG00000274943,3
ENSG00000274944,5
ENSG00000274949,2
ENSG00000274951,0
ENSG00000274954,0
ENSG00000274956,0
ENSG00000274959,0
ENSG00000274961,0
ENSG00000274962,0
ENSG00000274963,1
ENSG00000274964,54
ENSG00000274966,0
ENSG00000274967,0
ENSG00000274969,0
ENSG00000274970,0
ENSG00000274973,0
ENSG00000274975,0
ENSG00000274976,2
ENSG00000274977,0
ENSG00000274978,1
ENSG00000274979,4
ENSG00000274982,0
ENSG00000274983,0
ENSG00000274984,0
ENSG00000274985,0
ENSG00000274986,0
ENSG00000274987,11
ENSG00000274988,0
ENSG00000274991,1
ENSG00000274992,0
ENSG00000274993,1
ENSG00000274994,0
ENSG00000274995,0
ENSG00000274996,0
ENSG00000274997,3
ENSG00000274998,0
ENSG00000274999,0
ENSG00000275000,0
ENSG00000275001,0
ENSG00000275002,0
ENSG00000275004,12
ENSG00000275005,4
ENSG00000275006,0
ENSG00000275010,0
ENSG00000275011,11
ENSG00000275012,0
ENSG00000275014,0
ENSG00000275015,0
ENSG00000275016,0
ENSG00000275017,1
ENSG00000275020,0
ENSG00000275022,1
ENSG00000275023,7861
ENSG00000275024,0
ENSG00000275025,1
ENSG00000275026,2
ENSG00000275027,2
ENSG00000275029,2
ENSG00000275030,0
ENSG00000275033,0
ENSG00000275034,0
ENSG00000275036,0
ENSG00000275038,0
ENSG00000275039,0
ENSG00000275040,0
ENSG00000275041,0
ENSG00000275042,0
ENSG00000275043,0
ENSG00000275044,0
ENSG00000275046,0
ENSG00000275048,0
ENSG00000275052,3249
ENSG00000275053,0
ENSG00000275054,0
ENSG00000275055,21
ENSG00000275056,4
ENSG00000275058,0
ENSG00000275060,0
ENSG00000275061,0
ENSG00000275064,0
ENSG00000275065,0
ENSG00000275066,1519
ENSG00000275067,0
ENSG00000275068,0
ENSG00000275069,0
ENSG00000275070,4
ENSG00000275071,0
ENSG00000275072,0
ENSG00000275074,1316
ENSG00000275075,0
ENSG00000275076,2
ENSG00000275077,0
ENSG00000275078,0
ENSG00000275084,1
ENSG00000275085,0
ENSG00000275088,3
ENSG00000275089,0
ENSG00000275090,0
ENSG00000275091,0
ENSG00000275092,0
ENSG00000275094,0
ENSG00000275096,0
ENSG00000275097,0
ENSG00000275098,0
ENSG00000275100,1
ENSG00000275101,0
ENSG00000275103,0
ENSG00000275105,0
ENSG00000275106,12
ENSG00000275107,0
ENSG00000275108,0
ENSG00000275109,0
ENSG00000275110,0
ENSG00000275111,345
ENSG00000275113,0
ENSG00000275114,0
ENSG00000275115,0
ENSG00000275119,0
ENSG00000275120,19
ENSG00000275121,0
ENSG00000275124,0
ENSG00000275126,0
ENSG00000275127,0
ENSG00000275128,0
ENSG00000275129,0
ENSG00000275130,0
ENSG00000275131,347
ENSG00000275132,9
ENSG00000275134,0
ENSG00000275135,0
ENSG00000275138,0
ENSG00000275139,0
ENSG00000275140,0
ENSG00000275141,0
ENSG00000275142,2
ENSG00000275143,0
ENSG00000275144,0
ENSG00000275146,0
ENSG00000275147,1
ENSG00000275149,4
ENSG00000275152,0
ENSG00000275154,0
ENSG00000275155,1
ENSG00000275157,0
ENSG00000275158,0
ENSG00000275159,0
ENSG00000275160,78
ENSG00000275161,0
ENSG00000275162,1
ENSG00000275163,0
ENSG00000275166,0
ENSG00000275167,0
ENSG00000275170,0
ENSG00000275173,0
ENSG00000275174,0
ENSG00000275175,3
ENSG00000275178,0
ENSG00000275179,1
ENSG00000275180,47
ENSG00000275182,0
ENSG00000275183,525
ENSG00000275184,0
ENSG00000275185,0
ENSG00000275186,0
ENSG00000275191,2
ENSG00000275194,0
ENSG00000275197,2
ENSG00000275198,11
ENSG00000275200,0
ENSG00000275201,0
ENSG00000275202,75
ENSG00000275206,0
ENSG00000275207,0
ENSG00000275208,0
ENSG00000275209,0
ENSG00000275210,0
ENSG00000275212,0
ENSG00000275213,0
ENSG00000275215,0
ENSG00000275216,0
ENSG00000275217,0
ENSG00000275218,0
ENSG00000275219,0
ENSG00000275220,0
ENSG00000275221,0
ENSG00000275222,0
ENSG00000275223,265
ENSG00000275224,0
ENSG00000275226,1
ENSG00000275227,1
ENSG00000275228,0
ENSG00000275229,0
ENSG00000275230,0
ENSG00000275231,0
ENSG00000275232,0
ENSG00000275233,0
ENSG00000275234,355
ENSG00000275235,0
ENSG00000275236,5
ENSG00000275238,0
ENSG00000275239,0
ENSG00000275241,0
ENSG00000275243,0
ENSG00000275248,0
ENSG00000275250,0
ENSG00000275251,0
ENSG00000275252,0
ENSG00000275254,0
ENSG00000275256,0
ENSG00000275258,0
ENSG00000275259,0
ENSG00000275261,0
ENSG00000275263,5
ENSG00000275264,0
ENSG00000275265,2
ENSG00000275266,0
ENSG00000275267,0
ENSG00000275268,0
ENSG00000275270,0
ENSG00000275271,1
ENSG00000275273,0
ENSG00000275277,0
ENSG00000275278,0
ENSG00000275279,0
ENSG00000275280,0
ENSG00000275285,0
ENSG00000275286,0
ENSG00000275287,0
ENSG00000275291,7
ENSG00000275292,0
ENSG00000275293,0
ENSG00000275294,1
ENSG00000275295,0
ENSG00000275296,0
ENSG00000275297,0
ENSG00000275301,6
ENSG00000275302,86
ENSG00000275303,0
ENSG00000275305,0
ENSG00000275307,0
ENSG00000275309,0
ENSG00000275310,0
ENSG00000275312,0
ENSG00000275314,0
ENSG00000275315,0
ENSG00000275318,32
ENSG00000275319,0
ENSG00000275320,1
ENSG00000275322,7
ENSG00000275325,11
ENSG00000275327,0
ENSG00000275328,3
ENSG00000275329,7
ENSG00000275332,0
ENSG00000275334,0
ENSG00000275335,0
ENSG00000275337,0
ENSG00000275339,0
ENSG00000275340,0
ENSG00000275342,343
ENSG00000275343,2
ENSG00000275344,0
ENSG00000275345,1
ENSG00000275347,0
ENSG00000275348,1
ENSG00000275350,0
ENSG00000275352,0
ENSG00000275355,0
ENSG00000275356,1
ENSG00000275358,7
ENSG00000275359,0
ENSG00000275360,0
ENSG00000275361,0
ENSG00000275362,0
ENSG00000275363,0
ENSG00000275364,0
ENSG00000275367,30
ENSG00000275370,0
ENSG00000275371,11
ENSG00000275372,0
ENSG00000275373,0
ENSG00000275374,1
ENSG00000275377,0
ENSG00000275378,0
ENSG00000275379,0
ENSG00000275381,1
ENSG00000275382,0
ENSG00000275383,8
ENSG00000275385,137
ENSG00000275386,0
ENSG00000275387,0
ENSG00000275389,3
ENSG00000275390,0
ENSG00000275391,0
ENSG00000275392,2
ENSG00000275393,3
ENSG00000275395,8772
ENSG00000275398,0
ENSG00000275400,233
ENSG00000275401,6
ENSG00000275402,0
ENSG00000275403,0
ENSG00000275406,0
ENSG00000275409,41
ENSG00000275410,0
ENSG00000275411,2
ENSG00000275413,7
ENSG00000275414,0
ENSG00000275417,0
ENSG00000275418,0
ENSG00000275419,0
ENSG00000275423,0
ENSG00000275425,0
ENSG00000275426,3
ENSG00000275427,0
ENSG00000275429,0
ENSG00000275431,0
ENSG00000275432,0
ENSG00000275437,13
ENSG00000275438,9
ENSG00000275439,0
ENSG00000275441,20
ENSG00000275443,0
ENSG00000275445,5
ENSG00000275446,0
ENSG00000275447,0
ENSG00000275448,0
ENSG00000275449,0
ENSG00000275450,3
ENSG00000275451,1
ENSG00000275453,0
ENSG00000275454,14
ENSG00000275455,0
ENSG00000275457,36
ENSG00000275458,0
ENSG00000275459,0
ENSG00000275460,0
ENSG00000275461,0
ENSG00000275464,148
ENSG00000275465,6
ENSG00000275466,0
ENSG00000275467,0
ENSG00000275468,9
ENSG00000275469,0
ENSG00000275475,0
ENSG00000275476,23
ENSG00000275479,16
ENSG00000275480,0
ENSG00000275481,8
ENSG00000275484,38
ENSG00000275485,7
ENSG00000275488,0
ENSG00000275489,3
ENSG00000275490,0
ENSG00000275491,4
ENSG00000275493,2
ENSG00000275494,73
ENSG00000275496,0
ENSG00000275497,0
ENSG00000275502,0
ENSG00000275503,0
ENSG00000275504,0
ENSG00000275505,0
ENSG00000275506,1
ENSG00000275507,0
ENSG00000275508,0
ENSG00000275509,0
ENSG00000275510,0
ENSG00000275512,0
ENSG00000275515,1
ENSG00000275516,0
ENSG00000275518,0
ENSG00000275519,0
ENSG00000275520,1
ENSG00000275523,1
ENSG00000275524,0
ENSG00000275527,0
ENSG00000275529,7
ENSG00000275530,0
ENSG00000275532,13
ENSG00000275533,0
ENSG00000275534,0
ENSG00000275535,0
ENSG00000275537,0
ENSG00000275538,0
ENSG00000275540,42
ENSG00000275541,0
ENSG00000275542,3
ENSG00000275547,0
ENSG00000275549,27
ENSG00000275550,0
ENSG00000275552,8
ENSG00000275553,0
ENSG00000275554,0
ENSG00000275557,11
ENSG00000275558,0
ENSG00000275559,0
ENSG00000275560,37
ENSG00000275562,0
ENSG00000275563,0
ENSG00000275567,0
ENSG00000275569,1
ENSG00000275572,2
ENSG00000275576,0
ENSG00000275578,0
ENSG00000275580,30
ENSG00000275582,4
ENSG00000275585,0
ENSG00000275586,0
ENSG00000275588,0
ENSG00000275589,0
ENSG00000275591,3
ENSG00000275592,0
ENSG00000275595,0
ENSG00000275597,0
ENSG00000275598,0
ENSG00000275601,9
ENSG00000275603,0
ENSG00000275604,0
ENSG00000275607,0
ENSG00000275609,0
ENSG00000275610,0
ENSG00000275611,0
ENSG00000275612,0
ENSG00000275613,0
ENSG00000275614,0
ENSG00000275616,0
ENSG00000275620,0
ENSG00000275622,0
ENSG00000275625,0
ENSG00000275628,0
ENSG00000275630,1
ENSG00000275631,0
ENSG00000275632,27
ENSG00000275634,0
ENSG00000275635,0
ENSG00000275636,8
ENSG00000275638,0
ENSG00000275640,1
ENSG00000275642,0
ENSG00000275643,0
ENSG00000275645,44
ENSG00000275646,0
ENSG00000275647,0
ENSG00000275649,0
ENSG00000275651,0
ENSG00000275652,0
ENSG00000275653,0
ENSG00000275654,0
ENSG00000275655,2
ENSG00000275656,0
ENSG00000275657,0
ENSG00000275662,0
ENSG00000275663,0
ENSG00000275664,0
ENSG00000275665,2
ENSG00000275666,0
ENSG00000275667,0
ENSG00000275668,0
ENSG00000275669,0
ENSG00000275670,0
ENSG00000275672,3
ENSG00000275673,0
ENSG00000275674,2
ENSG00000275675,2
ENSG00000275676,0
ENSG00000275677,0
ENSG00000275678,1
ENSG00000275680,0
ENSG00000275681,0
ENSG00000275682,1
ENSG00000275685,0
ENSG00000275686,0
ENSG00000275687,0
ENSG00000275688,0
ENSG00000275689,0
ENSG00000275690,0
ENSG00000275691,0
ENSG00000275692,0
ENSG00000275693,0
ENSG00000275694,0
ENSG00000275695,3
ENSG00000275696,0
ENSG00000275700,3341
ENSG00000275701,0
ENSG00000275702,0
ENSG00000275703,4
ENSG00000275704,0
ENSG00000275707,0
ENSG00000275708,0
ENSG00000275709,6
ENSG00000275710,9
ENSG00000275711,0
ENSG00000275713,154
ENSG00000275714,6
ENSG00000275716,0
ENSG00000275718,3
ENSG00000275719,14
ENSG00000275720,8
ENSG00000275722,0
ENSG00000275725,0
ENSG00000275726,0
ENSG00000275727,0
ENSG00000275728,0
ENSG00000275729,0
ENSG00000275733,0
ENSG00000275734,8
ENSG00000275739,0
ENSG00000275740,3
ENSG00000275741,0
ENSG00000275742,0
ENSG00000275743,0
ENSG00000275745,0
ENSG00000275747,0
ENSG00000275756,0
ENSG00000275759,85
ENSG00000275761,0
ENSG00000275763,36
ENSG00000275764,208
ENSG00000275765,162
ENSG00000275767,0
ENSG00000275768,0
ENSG00000275769,5
ENSG00000275770,0
ENSG00000275771,0
ENSG00000275772,0
ENSG00000275773,0
ENSG00000275774,0
ENSG00000275776,0
ENSG00000275778,6
ENSG00000275783,0
ENSG00000275784,37
ENSG00000275785,1
ENSG00000275787,0
ENSG00000275788,0
ENSG00000275789,0
ENSG00000275790,0
ENSG00000275791,0
ENSG00000275793,66
ENSG00000275799,0
ENSG00000275800,0
ENSG00000275801,1
ENSG00000275802,0
ENSG00000275803,0
ENSG00000275805,34
ENSG00000275807,18
ENSG00000275808,0
ENSG00000275810,0
ENSG00000275811,0
ENSG00000275812,16
ENSG00000275813,0
ENSG00000275816,0
ENSG00000275818,0
ENSG00000275820,0
ENSG00000275823,0
ENSG00000275826,0
ENSG00000275827,0
ENSG00000275828,0
ENSG00000275829,0
ENSG00000275830,0
ENSG00000275831,0
ENSG00000275832,2713
ENSG00000275833,2
ENSG00000275834,2
ENSG00000275835,2240
ENSG00000275836,0
ENSG00000275839,1
ENSG00000275840,0
ENSG00000275842,0
ENSG00000275845,0
ENSG00000275846,1
ENSG00000275847,0
ENSG00000275849,0
ENSG00000275850,0
ENSG00000275852,0
ENSG00000275853,0
ENSG00000275854,18
ENSG00000275856,0
ENSG00000275857,0
ENSG00000275858,44
ENSG00000275859,0
ENSG00000275860,0
ENSG00000275862,0
ENSG00000275863,0
ENSG00000275864,0
ENSG00000275866,0
ENSG00000275868,0
ENSG00000275870,0
ENSG00000275871,0
ENSG00000275874,3
ENSG00000275875,1
ENSG00000275876,0
ENSG00000275877,0
ENSG00000275878,0
ENSG00000275880,15
ENSG00000275881,0
ENSG00000275882,0
ENSG00000275883,0
ENSG00000275884,0
ENSG00000275888,21
ENSG00000275891,0
ENSG00000275892,0
ENSG00000275894,1
ENSG00000275895,0
ENSG00000275896,1598
ENSG00000275897,11
ENSG00000275898,10
ENSG00000275899,2
ENSG00000275900,0
ENSG00000275901,0
ENSG00000275902,0
ENSG00000275904,0
ENSG00000275905,0
ENSG00000275906,0
ENSG00000275908,0
ENSG00000275909,0
ENSG00000275910,8
ENSG00000275912,0
ENSG00000275915,0
ENSG00000275916,0
ENSG00000275919,0
ENSG00000275922,0
ENSG00000275923,0
ENSG00000275924,0
ENSG00000275925,0
ENSG00000275926,0
ENSG00000275927,0
ENSG00000275928,0
ENSG00000275929,7
ENSG00000275930,0
ENSG00000275933,0
ENSG00000275934,0
ENSG00000275936,1
ENSG00000275939,0
ENSG00000275940,0
ENSG00000275942,0
ENSG00000275943,0
ENSG00000275944,0
ENSG00000275945,1
ENSG00000275948,1
ENSG00000275950,0
ENSG00000275952,0
ENSG00000275953,0
ENSG00000275954,0
ENSG00000275955,2
ENSG00000275956,2
ENSG00000275957,0
ENSG00000275958,0
ENSG00000275959,0
ENSG00000275961,0
ENSG00000275963,13
ENSG00000275964,224
ENSG00000275965,0
ENSG00000275966,8
ENSG00000275967,0
ENSG00000275968,0
ENSG00000275969,0
ENSG00000275971,0
ENSG00000275975,0
ENSG00000275976,0
ENSG00000275977,0
ENSG00000275978,0
ENSG00000275980,0
ENSG00000275981,2
ENSG00000275982,0
ENSG00000275986,0
ENSG00000275989,0
ENSG00000275992,0
ENSG00000275993,382
ENSG00000275994,0
ENSG00000275995,5
ENSG00000275996,0
ENSG00000275997,0
ENSG00000275998,0
ENSG00000276002,1
ENSG00000276003,0
ENSG00000276006,0
ENSG00000276007,44
ENSG00000276012,1
ENSG00000276014,1
ENSG00000276015,0
ENSG00000276018,0
ENSG00000276019,0
ENSG00000276023,1329
ENSG00000276024,0
ENSG00000276026,7
ENSG00000276027,0
ENSG00000276029,0
ENSG00000276030,9
ENSG00000276031,0
ENSG00000276032,0
ENSG00000276036,0
ENSG00000276037,0
ENSG00000276038,0
ENSG00000276039,0
ENSG00000276040,0
ENSG00000276043,293
ENSG00000276045,1209
ENSG00000276046,0
ENSG00000276047,0
ENSG00000276048,0
ENSG00000276050,0
ENSG00000276054,0
ENSG00000276055,0
ENSG00000276056,0
ENSG00000276057,0
ENSG00000276058,12
ENSG00000276059,0
ENSG00000276063,2
ENSG00000276064,0
ENSG00000276067,0
ENSG00000276070,222
ENSG00000276071,4
ENSG00000276073,144
ENSG00000276074,0
ENSG00000276075,439
ENSG00000276076,0
ENSG00000276077,0
ENSG00000276078,0
ENSG00000276079,0
ENSG00000276081,0
ENSG00000276083,0
ENSG00000276085,311
ENSG00000276087,1
ENSG00000276088,0
ENSG00000276089,0
ENSG00000276090,0
ENSG00000276092,0
ENSG00000276093,58
ENSG00000276094,0
ENSG00000276095,0
ENSG00000276096,2
ENSG00000276097,0
ENSG00000276098,0
ENSG00000276100,0
ENSG00000276101,0
ENSG00000276102,0
ENSG00000276103,2
ENSG00000276104,0
ENSG00000276105,0
ENSG00000276107,581
ENSG00000276108,1
ENSG00000276109,0
ENSG00000276110,0
ENSG00000276115,14
ENSG00000276116,79
ENSG00000276117,0
ENSG00000276118,0
ENSG00000276119,0
ENSG00000276121,0
ENSG00000276122,0
ENSG00000276123,0
ENSG00000276124,0
ENSG00000276127,3
ENSG00000276128,1
ENSG00000276131,1
ENSG00000276135,2
ENSG00000276136,30
ENSG00000276137,0
ENSG00000276138,0
ENSG00000276140,0
ENSG00000276141,359
ENSG00000276144,0
ENSG00000276147,0
ENSG00000276148,12
ENSG00000276149,0
ENSG00000276150,0
ENSG00000276151,0
ENSG00000276156,0
ENSG00000276157,0
ENSG00000276158,0
ENSG00000276160,0
ENSG00000276161,0
ENSG00000276162,0
ENSG00000276164,0
ENSG00000276165,0
ENSG00000276166,1
ENSG00000276168,0
ENSG00000276169,0
ENSG00000276170,13
ENSG00000276171,18
ENSG00000276172,0
ENSG00000276174,3
ENSG00000276176,0
ENSG00000276178,0
ENSG00000276179,0
ENSG00000276180,1152
ENSG00000276181,0
ENSG00000276182,24
ENSG00000276183,0
ENSG00000276185,0
ENSG00000276188,4
ENSG00000276189,0
ENSG00000276193,1
ENSG00000276198,3
ENSG00000276200,0
ENSG00000276201,0
ENSG00000276202,0
ENSG00000276203,1
ENSG00000276204,0
ENSG00000276205,0
ENSG00000276206,0
ENSG00000276208,0
ENSG00000276210,0
ENSG00000276213,0
ENSG00000276214,0
ENSG00000276215,0
ENSG00000276216,4
ENSG00000276221,0
ENSG00000276223,6
ENSG00000276225,0
ENSG00000276229,0
ENSG00000276231,76
ENSG00000276232,0
ENSG00000276233,0
ENSG00000276234,1046
ENSG00000276235,0
ENSG00000276236,0
ENSG00000276237,0
ENSG00000276240,0
ENSG00000276241,0
ENSG00000276242,0
ENSG00000276244,0
ENSG00000276246,0
ENSG00000276248,21
ENSG00000276250,6
ENSG00000276251,4
ENSG00000276252,0
ENSG00000276255,1
ENSG00000276257,0
ENSG00000276259,101
ENSG00000276261,9
ENSG00000276266,0
ENSG00000276269,0
ENSG00000276270,0
ENSG00000276271,0
ENSG00000276272,6
ENSG00000276273,0
ENSG00000276277,0
ENSG00000276278,0
ENSG00000276280,0
ENSG00000276281,0
ENSG00000276282,0
ENSG00000276283,0
ENSG00000276288,1
ENSG00000276289,0
ENSG00000276290,3
ENSG00000276291,145
ENSG00000276292,2
ENSG00000276293,6934
ENSG00000276294,0
ENSG00000276298,0
ENSG00000276301,0
ENSG00000276302,4
ENSG00000276304,0
ENSG00000276305,0
ENSG00000276308,0
ENSG00000276309,0
ENSG00000276311,0
ENSG00000276314,0
ENSG00000276315,0
ENSG00000276316,0
ENSG00000276317,17
ENSG00000276318,0
ENSG00000276319,0
ENSG00000276322,0
ENSG00000276325,0
ENSG00000276326,0
ENSG00000276331,0
ENSG00000276332,0
ENSG00000276334,67
ENSG00000276335,0
ENSG00000276337,4
ENSG00000276338,0
ENSG00000276347,0
ENSG00000276348,0
ENSG00000276350,0
ENSG00000276352,0
ENSG00000276353,0
ENSG00000276354,1
ENSG00000276359,0
ENSG00000276362,0
ENSG00000276365,0
ENSG00000276366,0
ENSG00000276368,1
ENSG00000276369,0
ENSG00000276372,0
ENSG00000276373,0
ENSG00000276375,0
ENSG00000276376,0
ENSG00000276380,0
ENSG00000276381,4
ENSG00000276384,3
ENSG00000276385,0
ENSG00000276386,0
ENSG00000276388,0
ENSG00000276389,0
ENSG00000276390,10
ENSG00000276391,0
ENSG00000276393,1
ENSG00000276396,0
ENSG00000276397,3
ENSG00000276398,0
ENSG00000276399,0
ENSG00000276400,0
ENSG00000276401,0
ENSG00000276403,0
ENSG00000276404,1
ENSG00000276405,0
ENSG00000276406,1
ENSG00000276407,0
ENSG00000276408,3
ENSG00000276409,7
ENSG00000276410,0
ENSG00000276411,0
ENSG00000276412,0
ENSG00000276413,0
ENSG00000276417,12
ENSG00000276418,16
ENSG00000276419,0
ENSG00000276422,0
ENSG00000276426,0
ENSG00000276427,0
ENSG00000276428,0
ENSG00000276430,0
ENSG00000276431,0
ENSG00000276434,0
ENSG00000276436,0
ENSG00000276442,0
ENSG00000276443,0
ENSG00000276444,0
ENSG00000276445,17
ENSG00000276449,33
ENSG00000276454,0
ENSG00000276456,0
ENSG00000276457,0
ENSG00000276460,0
ENSG00000276462,0
ENSG00000276467,0
ENSG00000276470,0
ENSG00000276471,0
ENSG00000276472,0
ENSG00000276473,2
ENSG00000276474,0
ENSG00000276475,0
ENSG00000276476,0
ENSG00000276477,0
ENSG00000276478,0
ENSG00000276479,0
ENSG00000276484,0
ENSG00000276486,0
ENSG00000276487,0
ENSG00000276488,6
ENSG00000276489,0
ENSG00000276490,0
ENSG00000276493,0
ENSG00000276494,0
ENSG00000276496,0
ENSG00000276499,0
ENSG00000276500,0
ENSG00000276502,0
ENSG00000276505,5
ENSG00000276506,0
ENSG00000276507,0
ENSG00000276508,0
ENSG00000276509,5
ENSG00000276510,0
ENSG00000276511,0
ENSG00000276513,0
ENSG00000276514,0
ENSG00000276515,0
ENSG00000276517,7
ENSG00000276519,0
ENSG00000276520,0
ENSG00000276521,0
ENSG00000276522,0
ENSG00000276523,15
ENSG00000276524,3
ENSG00000276525,0
ENSG00000276527,0
ENSG00000276528,0
ENSG00000276529,42
ENSG00000276530,0
ENSG00000276531,0
ENSG00000276532,0
ENSG00000276533,32
ENSG00000276535,0
ENSG00000276538,0
ENSG00000276540,0
ENSG00000276542,3
ENSG00000276543,0
ENSG00000276544,0
ENSG00000276545,3
ENSG00000276546,0
ENSG00000276547,27
ENSG00000276548,0
ENSG00000276550,1056
ENSG00000276554,0
ENSG00000276555,0
ENSG00000276556,0
ENSG00000276557,0
ENSG00000276558,0
ENSG00000276562,0
ENSG00000276563,2
ENSG00000276564,7
ENSG00000276566,0
ENSG00000276568,0
ENSG00000276569,0
ENSG00000276570,45
ENSG00000276571,9
ENSG00000276573,2
ENSG00000276574,0
ENSG00000276575,0
ENSG00000276576,1
ENSG00000276577,0
ENSG00000276578,0
ENSG00000276580,1
ENSG00000276581,0
ENSG00000276584,0
ENSG00000276586,0
ENSG00000276587,0
ENSG00000276588,0
ENSG00000276591,0
ENSG00000276592,0
ENSG00000276593,7
ENSG00000276596,0
ENSG00000276597,0
ENSG00000276598,0
ENSG00000276599,0
ENSG00000276600,129
ENSG00000276601,0
ENSG00000276602,0
ENSG00000276603,0
ENSG00000276605,0
ENSG00000276607,0
ENSG00000276609,0
ENSG00000276610,0
ENSG00000276612,2
ENSG00000276614,0
ENSG00000276617,0
ENSG00000276619,0
ENSG00000276620,0
ENSG00000276621,0
ENSG00000276622,0
ENSG00000276623,0
ENSG00000276624,0
ENSG00000276626,0
ENSG00000276627,0
ENSG00000276629,1
ENSG00000276631,0
ENSG00000276632,0
ENSG00000276633,0
ENSG00000276635,0
ENSG00000276637,0
ENSG00000276638,0
ENSG00000276639,0
ENSG00000276641,3
ENSG00000276642,0
ENSG00000276643,0
ENSG00000276644,5430
ENSG00000276645,0
ENSG00000276647,0
ENSG00000276648,0
ENSG00000276649,27
ENSG00000276650,0
ENSG00000276651,5
ENSG00000276652,0
ENSG00000276653,0
ENSG00000276656,0
ENSG00000276659,0
ENSG00000276660,0
ENSG00000276661,0
ENSG00000276662,2
ENSG00000276663,6
ENSG00000276664,0
ENSG00000276667,0
ENSG00000276668,0
ENSG00000276669,0
ENSG00000276670,0
ENSG00000276672,27
ENSG00000276673,0
ENSG00000276674,0
ENSG00000276675,0
ENSG00000276677,0
ENSG00000276678,1
ENSG00000276680,0
ENSG00000276682,0
ENSG00000276683,0
ENSG00000276685,0
ENSG00000276687,0
ENSG00000276688,0
ENSG00000276689,1
ENSG00000276690,0
ENSG00000276691,26
ENSG00000276692,1
ENSG00000276693,0
ENSG00000276694,0
ENSG00000276695,0
ENSG00000276696,0
ENSG00000276698,43
ENSG00000276699,0
ENSG00000276702,1
ENSG00000276703,0
ENSG00000276704,3
ENSG00000276706,0
ENSG00000276707,0
ENSG00000276710,87
ENSG00000276712,3
ENSG00000276713,0
ENSG00000276715,0
ENSG00000276717,0
ENSG00000276718,13
ENSG00000276721,0
ENSG00000276722,0
ENSG00000276723,0
ENSG00000276724,0
ENSG00000276727,2
ENSG00000276728,65
ENSG00000276729,0
ENSG00000276730,0
ENSG00000276733,0
ENSG00000276735,1
ENSG00000276737,0
ENSG00000276738,0
ENSG00000276740,0
ENSG00000276741,0
ENSG00000276742,9
ENSG00000276743,0
ENSG00000276744,10
ENSG00000276745,0
ENSG00000276746,0
ENSG00000276747,1
ENSG00000276748,0
ENSG00000276750,0
ENSG00000276751,0
ENSG00000276752,0
ENSG00000276753,0
ENSG00000276754,1
ENSG00000276755,0
ENSG00000276756,0
ENSG00000276757,0
ENSG00000276758,1
ENSG00000276759,0
ENSG00000276762,0
ENSG00000276763,1
ENSG00000276764,0
ENSG00000276765,0
ENSG00000276768,2
ENSG00000276769,0
ENSG00000276770,0
ENSG00000276771,0
ENSG00000276772,72
ENSG00000276773,0
ENSG00000276775,0
ENSG00000276778,0
ENSG00000276782,0
ENSG00000276783,0
ENSG00000276784,0
ENSG00000276786,0
ENSG00000276788,0
ENSG00000276789,0
ENSG00000276790,1
ENSG00000276791,63
ENSG00000276792,0
ENSG00000276793,0
ENSG00000276795,0
ENSG00000276796,0
ENSG00000276797,0
ENSG00000276800,0
ENSG00000276801,0
ENSG00000276805,106
ENSG00000276807,0
ENSG00000276809,0
ENSG00000276810,0
ENSG00000276811,0
ENSG00000276812,0
ENSG00000276813,0
ENSG00000276814,19
ENSG00000276815,0
ENSG00000276817,0
ENSG00000276818,0
ENSG00000276819,1
ENSG00000276822,1
ENSG00000276823,0
ENSG00000276824,0
ENSG00000276827,0
ENSG00000276828,0
ENSG00000276829,0
ENSG00000276830,0
ENSG00000276831,1
ENSG00000276832,54
ENSG00000276835,0
ENSG00000276839,1
ENSG00000276840,7
ENSG00000276841,0
ENSG00000276842,8
ENSG00000276844,0
ENSG00000276845,0
ENSG00000276846,31
ENSG00000276850,0
ENSG00000276851,0
ENSG00000276852,0
ENSG00000276853,7
ENSG00000276854,0
ENSG00000276855,236
ENSG00000276857,0
ENSG00000276859,0
ENSG00000276861,0
ENSG00000276862,0
ENSG00000276863,3
ENSG00000276866,0
ENSG00000276867,3
ENSG00000276868,0
ENSG00000276869,0
ENSG00000276871,0
ENSG00000276873,0
ENSG00000276874,0
ENSG00000276877,0
ENSG00000276878,0
ENSG00000276883,0
ENSG00000276884,0
ENSG00000276888,0
ENSG00000276889,1
ENSG00000276890,0
ENSG00000276891,0
ENSG00000276892,0
ENSG00000276893,0
ENSG00000276894,0
ENSG00000276897,0
ENSG00000276898,0
ENSG00000276899,0
ENSG00000276900,62
ENSG00000276902,0
ENSG00000276903,4
ENSG00000276904,0
ENSG00000276908,0
ENSG00000276911,0
ENSG00000276915,0
ENSG00000276916,1
ENSG00000276917,0
ENSG00000276918,1
ENSG00000276919,0
ENSG00000276921,0
ENSG00000276922,0
ENSG00000276923,7
ENSG00000276924,0
ENSG00000276925,4
ENSG00000276926,1
ENSG00000276927,0
ENSG00000276928,0
ENSG00000276929,0
ENSG00000276931,5
ENSG00000276933,0
ENSG00000276934,1
ENSG00000276939,0
ENSG00000276940,0
ENSG00000276941,0
ENSG00000276942,0
ENSG00000276943,0
ENSG00000276945,3
ENSG00000276949,0
ENSG00000276950,0
ENSG00000276951,0
ENSG00000276952,12
ENSG00000276953,4
ENSG00000276955,0
ENSG00000276956,0
ENSG00000276957,1
ENSG00000276958,2
ENSG00000276960,0
ENSG00000276961,0
ENSG00000276962,0
ENSG00000276963,0
ENSG00000276964,0
ENSG00000276965,0
ENSG00000276966,15
ENSG00000276967,0
ENSG00000276968,5
ENSG00000276972,4
ENSG00000276975,124
ENSG00000276978,0
ENSG00000276980,18
ENSG00000276984,3
ENSG00000276987,0
ENSG00000276988,4
ENSG00000276989,1
ENSG00000276990,0
ENSG00000276991,0
ENSG00000276992,0
ENSG00000276993,15
ENSG00000276995,14
ENSG00000276997,3
ENSG00000276998,0
ENSG00000277000,0
ENSG00000277001,0
ENSG00000277002,0
ENSG00000277003,0
ENSG00000277004,0
ENSG00000277007,10
ENSG00000277008,0
ENSG00000277009,0
ENSG00000277010,8
ENSG00000277011,1
ENSG00000277013,579
ENSG00000277014,0
ENSG00000277017,0
ENSG00000277020,5
ENSG00000277021,0
ENSG00000277022,52
ENSG00000277023,0
ENSG00000277024,0
ENSG00000277026,0
ENSG00000277027,0
ENSG00000277029,0
ENSG00000277030,2
ENSG00000277031,0
ENSG00000277034,0
ENSG00000277035,1
ENSG00000277039,0
ENSG00000277040,0
ENSG00000277041,0
ENSG00000277043,0
ENSG00000277045,0
ENSG00000277047,0
ENSG00000277049,3
ENSG00000277050,12
ENSG00000277051,4
ENSG00000277052,2
ENSG00000277053,90
ENSG00000277054,17
ENSG00000277056,0
ENSG00000277057,1
ENSG00000277058,0
ENSG00000277061,0
ENSG00000277062,0
ENSG00000277063,0
ENSG00000277064,0
ENSG00000277066,0
ENSG00000277067,0
ENSG00000277072,154
ENSG00000277073,0
ENSG00000277074,0
ENSG00000277075,641
ENSG00000277077,0
ENSG00000277081,0
ENSG00000277082,0
ENSG00000277083,0
ENSG00000277084,0
ENSG00000277087,1
ENSG00000277089,0
ENSG00000277095,0
ENSG00000277096,0
ENSG00000277097,0
ENSG00000277099,0
ENSG00000277100,0
ENSG00000277102,0
ENSG00000277103,4
ENSG00000277105,0
ENSG00000277108,0
ENSG00000277109,0
ENSG00000277112,0
ENSG00000277115,0
ENSG00000277116,0
ENSG00000277117,34
ENSG00000277118,0
ENSG00000277119,0
ENSG00000277120,0
ENSG00000277121,0
ENSG00000277122,0
ENSG00000277123,0
ENSG00000277124,0
ENSG00000277125,0
ENSG00000277127,0
ENSG00000277128,3
ENSG00000277129,0
ENSG00000277130,2
ENSG00000277133,0
ENSG00000277135,3
ENSG00000277136,1
ENSG00000277137,0
ENSG00000277138,2
ENSG00000277141,0
ENSG00000277142,21
ENSG00000277143,0
ENSG00000277144,4
ENSG00000277146,0
ENSG00000277147,148
ENSG00000277149,81
ENSG00000277150,2
ENSG00000277151,21
ENSG00000277152,1
ENSG00000277155,0
ENSG00000277156,7
ENSG00000277157,25
ENSG00000277158,0
ENSG00000277159,17
ENSG00000277160,0
ENSG00000277161,441
ENSG00000277162,0
ENSG00000277168,0
ENSG00000277169,0
ENSG00000277170,1
ENSG00000277171,0
ENSG00000277172,0
ENSG00000277173,1
ENSG00000277174,0
ENSG00000277180,0
ENSG00000277182,89
ENSG00000277184,0
ENSG00000277186,0
ENSG00000277188,0
ENSG00000277189,0
ENSG00000277191,0
ENSG00000277192,0
ENSG00000277194,0
ENSG00000277197,0
ENSG00000277198,1
ENSG00000277199,0
ENSG00000277200,3
ENSG00000277201,2
ENSG00000277202,0
ENSG00000277203,140
ENSG00000277204,0
ENSG00000277206,1
ENSG00000277207,0
ENSG00000277208,0
ENSG00000277209,0
ENSG00000277210,0
ENSG00000277211,0
ENSG00000277212,0
ENSG00000277213,0
ENSG00000277214,0
ENSG00000277215,14
ENSG00000277216,0
ENSG00000277217,0
ENSG00000277218,2
ENSG00000277223,0
ENSG00000277224,39
ENSG00000277225,0
ENSG00000277227,0
ENSG00000277228,0
ENSG00000277229,0
ENSG00000277231,0
ENSG00000277232,12
ENSG00000277233,0
ENSG00000277234,0
ENSG00000277235,10
ENSG00000277239,0
ENSG00000277241,1
ENSG00000277243,0
ENSG00000277244,0
ENSG00000277245,30
ENSG00000277246,2
ENSG00000277247,0
ENSG00000277248,0
ENSG00000277249,0
ENSG00000277250,0
ENSG00000277252,0
ENSG00000277253,0
ENSG00000277255,0
ENSG00000277257,0
ENSG00000277258,4936
ENSG00000277259,0
ENSG00000277260,0
ENSG00000277264,0
ENSG00000277265,0
ENSG00000277268,0
ENSG00000277269,0
ENSG00000277270,0
ENSG00000277274,0
ENSG00000277275,0
ENSG00000277277,0
ENSG00000277282,0
ENSG00000277283,124
ENSG00000277284,0
ENSG00000277285,0
ENSG00000277287,13
ENSG00000277288,32
ENSG00000277289,0
ENSG00000277290,8
ENSG00000277294,0
ENSG00000277295,0
ENSG00000277296,0
ENSG00000277297,0
ENSG00000277299,0
ENSG00000277300,0
ENSG00000277301,12
ENSG00000277302,0
ENSG00000277304,0
ENSG00000277305,0
ENSG00000277306,0
ENSG00000277308,0
ENSG00000277310,65
ENSG00000277311,0
ENSG00000277312,0
ENSG00000277313,0
ENSG00000277315,0
ENSG00000277319,0
ENSG00000277320,0
ENSG00000277321,0
ENSG00000277322,0
ENSG00000277323,0
ENSG00000277324,2
ENSG00000277325,0
ENSG00000277326,0
ENSG00000277327,0
ENSG00000277328,0
ENSG00000277329,0
ENSG00000277330,0
ENSG00000277331,0
ENSG00000277332,0
ENSG00000277333,0
ENSG00000277338,0
ENSG00000277340,0
ENSG00000277341,0
ENSG00000277342,6
ENSG00000277344,0
ENSG00000277346,0
ENSG00000277347,0
ENSG00000277348,0
ENSG00000277349,1
ENSG00000277350,0
ENSG00000277351,6
ENSG00000277352,2
ENSG00000277353,0
ENSG00000277357,0
ENSG00000277358,0
ENSG00000277360,0
ENSG00000277363,891
ENSG00000277367,0
ENSG00000277368,7
ENSG00000277369,40
ENSG00000277370,0
ENSG00000277371,15
ENSG00000277372,0
ENSG00000277373,3
ENSG00000277379,0
ENSG00000277382,0
ENSG00000277383,11
ENSG00000277385,1
ENSG00000277386,82
ENSG00000277387,0
ENSG00000277388,0
ENSG00000277391,0
ENSG00000277393,0
ENSG00000277394,120
ENSG00000277396,1
ENSG00000277397,0
ENSG00000277399,1
ENSG00000277402,1
ENSG00000277406,14
ENSG00000277408,0
ENSG00000277410,0
ENSG00000277411,1
ENSG00000277412,0
ENSG00000277413,0
ENSG00000277418,0
ENSG00000277420,3
ENSG00000277422,0
ENSG00000277423,4
ENSG00000277425,1
ENSG00000277426,0
ENSG00000277427,0
ENSG00000277433,0
ENSG00000277435,6
ENSG00000277436,0
ENSG00000277437,0
ENSG00000277438,0
ENSG00000277440,2
ENSG00000277441,0
ENSG00000277443,17613
ENSG00000277444,0
ENSG00000277446,0
ENSG00000277447,2
ENSG00000277448,0
ENSG00000277449,32
ENSG00000277450,1
ENSG00000277451,0
ENSG00000277452,1
ENSG00000277453,0
ENSG00000277455,0
ENSG00000277458,1
ENSG00000277459,0
ENSG00000277460,0
ENSG00000277462,125
ENSG00000277463,1
ENSG00000277464,0
ENSG00000277465,0
ENSG00000277466,0
ENSG00000277467,0
ENSG00000277468,0
ENSG00000277469,0
ENSG00000277472,0
ENSG00000277473,0
ENSG00000277474,0
ENSG00000277476,116
ENSG00000277478,0
ENSG00000277479,1
ENSG00000277481,3
ENSG00000277482,0
ENSG00000277483,0
ENSG00000277486,0
ENSG00000277487,0
ENSG00000277488,0
ENSG00000277489,0
ENSG00000277490,0
ENSG00000277491,4
ENSG00000277492,0
ENSG00000277493,4
ENSG00000277494,236
ENSG00000277496,100
ENSG00000277497,0
ENSG00000277498,7
ENSG00000277499,0
ENSG00000277500,0
ENSG00000277501,0
ENSG00000277502,0
ENSG00000277503,0
ENSG00000277504,8
ENSG00000277505,0
ENSG00000277506,0
ENSG00000277508,0
ENSG00000277509,0
ENSG00000277510,0
ENSG00000277511,25
ENSG00000277512,0
ENSG00000277513,0
ENSG00000277514,0
ENSG00000277515,0
ENSG00000277516,0
ENSG00000277519,0
ENSG00000277520,0
ENSG00000277521,1
ENSG00000277524,0
ENSG00000277526,0
ENSG00000277527,0
ENSG00000277528,0
ENSG00000277529,0
ENSG00000277531,0
ENSG00000277532,1
ENSG00000277533,0
ENSG00000277534,249
ENSG00000277535,0
ENSG00000277537,0
ENSG00000277539,0
ENSG00000277541,0
ENSG00000277542,0
ENSG00000277543,0
ENSG00000277544,0
ENSG00000277545,0
ENSG00000277547,0
ENSG00000277548,19
ENSG00000277549,0
ENSG00000277550,1
ENSG00000277553,0
ENSG00000277555,1
ENSG00000277556,0
ENSG00000277558,0
ENSG00000277559,96
ENSG00000277561,7
ENSG00000277562,0
ENSG00000277563,0
ENSG00000277565,0
ENSG00000277566,3
ENSG00000277568,0
ENSG00000277569,0
ENSG00000277572,1
ENSG00000277573,2
ENSG00000277575,0
ENSG00000277576,0
ENSG00000277577,0
ENSG00000277578,0
ENSG00000277579,1
ENSG00000277581,0
ENSG00000277582,0
ENSG00000277583,0
ENSG00000277586,0
ENSG00000277587,0
ENSG00000277588,0
ENSG00000277589,1
ENSG00000277590,0
ENSG00000277591,0
ENSG00000277592,0
ENSG00000277593,0
ENSG00000277595,3
ENSG00000277597,9
ENSG00000277598,0
ENSG00000277599,0
ENSG00000277601,0
ENSG00000277602,0
ENSG00000277604,0
ENSG00000277605,0
ENSG00000277608,1
ENSG00000277609,0
ENSG00000277610,0
ENSG00000277611,0
ENSG00000277612,0
ENSG00000277613,0
ENSG00000277617,0
ENSG00000277618,0
ENSG00000277619,0
ENSG00000277621,2
ENSG00000277622,0
ENSG00000277624,0
ENSG00000277627,0
ENSG00000277628,0
ENSG00000277631,0
ENSG00000277632,171
ENSG00000277634,0
ENSG00000277635,0
ENSG00000277636,0
ENSG00000277637,0
ENSG00000277639,22
ENSG00000277640,0
ENSG00000277644,0
ENSG00000277645,1
ENSG00000277646,0
ENSG00000277647,0
ENSG00000277648,0
ENSG00000277651,0
ENSG00000277652,0
ENSG00000277653,1
ENSG00000277654,0
ENSG00000277655,1
ENSG00000277661,0
ENSG00000277662,21
ENSG00000277663,0
ENSG00000277664,0
ENSG00000277665,0
ENSG00000277668,0
ENSG00000277669,0
ENSG00000277670,0
ENSG00000277671,0
ENSG00000277672,0
ENSG00000277673,0
ENSG00000277675,0
ENSG00000277677,0
ENSG00000277678,4
ENSG00000277681,1
ENSG00000277682,0
ENSG00000277683,0
ENSG00000277684,0
ENSG00000277685,0
ENSG00000277687,2
ENSG00000277688,0
ENSG00000277689,0
ENSG00000277690,0
ENSG00000277692,7
ENSG00000277693,0
ENSG00000277694,0
ENSG00000277695,0
ENSG00000277697,0
ENSG00000277698,0
ENSG00000277699,0
ENSG00000277700,0
ENSG00000277701,0
ENSG00000277702,18
ENSG00000277703,0
ENSG00000277704,0
ENSG00000277705,0
ENSG00000277708,0
ENSG00000277710,0
ENSG00000277711,0
ENSG00000277712,0
ENSG00000277713,0
ENSG00000277714,0
ENSG00000277715,44
ENSG00000277716,0
ENSG00000277717,0
ENSG00000277718,0
ENSG00000277719,0
ENSG00000277720,0
ENSG00000277721,1
ENSG00000277723,0
ENSG00000277724,0
ENSG00000277726,1
ENSG00000277727,0
ENSG00000277728,19
ENSG00000277731,0
ENSG00000277732,0
ENSG00000277734,172
ENSG00000277735,0
ENSG00000277736,0
ENSG00000277737,0
ENSG00000277738,0
ENSG00000277739,0
ENSG00000277740,0
ENSG00000277741,0
ENSG00000277743,0
ENSG00000277744,23
ENSG00000277745,0
ENSG00000277746,0
ENSG00000277747,0
ENSG00000277748,0
ENSG00000277749,0
ENSG00000277752,0
ENSG00000277754,0
ENSG00000277755,0
ENSG00000277756,4
ENSG00000277757,0
ENSG00000277758,9
ENSG00000277759,0
ENSG00000277760,0
ENSG00000277762,0
ENSG00000277763,1
ENSG00000277764,0
ENSG00000277766,0
ENSG00000277767,17
ENSG00000277769,0
ENSG00000277770,0
ENSG00000277771,0
ENSG00000277772,0
ENSG00000277774,0
ENSG00000277775,4
ENSG00000277777,0
ENSG00000277778,3
ENSG00000277779,0
ENSG00000277780,0
ENSG00000277782,62
ENSG00000277784,0
ENSG00000277785,0
ENSG00000277787,0
ENSG00000277790,0
ENSG00000277791,5655
ENSG00000277792,0
ENSG00000277793,0
ENSG00000277794,0
ENSG00000277795,1
ENSG00000277797,0
ENSG00000277798,0
ENSG00000277801,0
ENSG00000277803,0
ENSG00000277805,0
ENSG00000277806,23
ENSG00000277809,0
ENSG00000277810,0
ENSG00000277812,0
ENSG00000277813,0
ENSG00000277814,0
ENSG00000277815,0
ENSG00000277817,0
ENSG00000277818,0
ENSG00000277819,0
ENSG00000277821,0
ENSG00000277822,0
ENSG00000277825,1
ENSG00000277826,0
ENSG00000277827,0
ENSG00000277828,0
ENSG00000277829,5
ENSG00000277830,0
ENSG00000277831,16
ENSG00000277832,0
ENSG00000277837,0
ENSG00000277838,0
ENSG00000277839,2
ENSG00000277840,5
ENSG00000277841,0
ENSG00000277842,0
ENSG00000277843,0
ENSG00000277846,0
ENSG00000277847,0
ENSG00000277851,10
ENSG00000277852,0
ENSG00000277854,0
ENSG00000277855,3
ENSG00000277858,0
ENSG00000277859,0
ENSG00000277861,0
ENSG00000277862,0
ENSG00000277863,1
ENSG00000277864,0
ENSG00000277865,0
ENSG00000277866,0
ENSG00000277867,0
ENSG00000277869,0
ENSG00000277870,0
ENSG00000277872,0
ENSG00000277873,27
ENSG00000277875,0
ENSG00000277876,0
ENSG00000277877,7
ENSG00000277878,0
ENSG00000277879,28
ENSG00000277880,0
ENSG00000277881,0
ENSG00000277882,0
ENSG00000277883,0
ENSG00000277884,0
ENSG00000277886,0
ENSG00000277887,0
ENSG00000277888,0
ENSG00000277889,0
ENSG00000277892,0
ENSG00000277893,12
ENSG00000277895,0
ENSG00000277896,0
ENSG00000277899,0
ENSG00000277900,0
ENSG00000277901,1
ENSG00000277903,0
ENSG00000277904,0
ENSG00000277907,0
ENSG00000277910,0
ENSG00000277911,1
ENSG00000277912,0
ENSG00000277913,0
ENSG00000277914,0
ENSG00000277916,23
ENSG00000277918,0
ENSG00000277919,0
ENSG00000277920,0
ENSG00000277922,0
ENSG00000277925,0
ENSG00000277929,0
ENSG00000277930,0
ENSG00000277932,0
ENSG00000277933,0
ENSG00000277934,0
ENSG00000277935,0
ENSG00000277937,0
ENSG00000277938,90
ENSG00000277939,0
ENSG00000277941,0
ENSG00000277942,0
ENSG00000277945,0
ENSG00000277946,0
ENSG00000277947,0
ENSG00000277948,0
ENSG00000277950,0
ENSG00000277951,0
ENSG00000277952,0
ENSG00000277954,11
ENSG00000277957,0
ENSG00000277958,0
ENSG00000277959,20
ENSG00000277960,0
ENSG00000277962,0
ENSG00000277965,0
ENSG00000277966,0
ENSG00000277967,0
ENSG00000277968,0
ENSG00000277969,141
ENSG00000277971,0
ENSG00000277972,3522
ENSG00000277973,0
ENSG00000277975,0
ENSG00000277977,18
ENSG00000277978,72
ENSG00000277979,0
ENSG00000277981,0
ENSG00000277984,0
ENSG00000277985,0
ENSG00000277986,0
ENSG00000277987,0
ENSG00000277988,0
ENSG00000277990,0
ENSG00000277991,1
ENSG00000277992,0
ENSG00000277994,0
ENSG00000277997,0
ENSG00000277998,4
ENSG00000277999,2
ENSG00000278000,5
ENSG00000278001,0
ENSG00000278002,13
ENSG00000278004,0
ENSG00000278005,0
ENSG00000278007,0
ENSG00000278008,0
ENSG00000278009,8
ENSG00000278010,0
ENSG00000278011,4
ENSG00000278012,1
ENSG00000278013,1
ENSG00000278014,0
ENSG00000278017,11
ENSG00000278020,0
ENSG00000278022,49
ENSG00000278023,18
ENSG00000278026,0
ENSG00000278027,0
ENSG00000278028,0
ENSG00000278029,12
ENSG00000278030,6
ENSG00000278034,0
ENSG00000278035,6
ENSG00000278038,0
ENSG00000278039,0
ENSG00000278040,0
ENSG00000278041,1
ENSG00000278044,0
ENSG00000278045,0
ENSG00000278047,0
ENSG00000278048,0
ENSG00000278050,0
ENSG00000278052,0
ENSG00000278053,1234
ENSG00000278054,0
ENSG00000278055,0
ENSG00000278056,0
ENSG00000278057,0
ENSG00000278058,5
ENSG00000278059,0
ENSG00000278060,0
ENSG00000278065,0
ENSG00000278067,0
ENSG00000278068,0
ENSG00000278069,0
ENSG00000278071,0
ENSG00000278072,0
ENSG00000278073,0
ENSG00000278075,4
ENSG00000278076,0
ENSG00000278077,0
ENSG00000278078,0
ENSG00000278080,0
ENSG00000278083,0
ENSG00000278084,0
ENSG00000278085,0
ENSG00000278089,0
ENSG00000278090,33
ENSG00000278093,0
ENSG00000278095,3
ENSG00000278097,0
ENSG00000278098,0
ENSG00000278099,0
ENSG00000278100,0
ENSG00000278102,0
ENSG00000278103,0
ENSG00000278104,0
ENSG00000278105,0
ENSG00000278106,0
ENSG00000278107,33
ENSG00000278108,2
ENSG00000278109,0
ENSG00000278110,0
ENSG00000278112,13
ENSG00000278113,0
ENSG00000278122,0
ENSG00000278123,0
ENSG00000278124,0
ENSG00000278125,0
ENSG00000278126,63
ENSG00000278128,0
ENSG00000278129,425
ENSG00000278130,0
ENSG00000278131,0
ENSG00000278133,437
ENSG00000278134,0
ENSG00000278135,0
ENSG00000278136,0
ENSG00000278138,0
ENSG00000278139,0
ENSG00000278142,0
ENSG00000278143,0
ENSG00000278144,0
ENSG00000278146,0
ENSG00000278147,0
ENSG00000278148,0
ENSG00000278150,0
ENSG00000278151,0
ENSG00000278153,0
ENSG00000278156,34
ENSG00000278158,0
ENSG00000278159,0
ENSG00000278160,0
ENSG00000278166,0
ENSG00000278171,1
ENSG00000278172,0
ENSG00000278175,74
ENSG00000278176,0
ENSG00000278177,1
ENSG00000278179,0
ENSG00000278180,0
ENSG00000278181,0
ENSG00000278182,0
ENSG00000278184,0
ENSG00000278185,33
ENSG00000278187,0
ENSG00000278188,0
ENSG00000278189,0
ENSG00000278192,0
ENSG00000278193,0
ENSG00000278195,0
ENSG00000278196,5
ENSG00000278197,0
ENSG00000278200,0
ENSG00000278202,1
ENSG00000278203,0
ENSG00000278204,0
ENSG00000278205,0
ENSG00000278206,19
ENSG00000278212,0
ENSG00000278213,0
ENSG00000278214,3
ENSG00000278215,0
ENSG00000278217,0
ENSG00000278218,0
ENSG00000278219,8
ENSG00000278221,0
ENSG00000278222,0
ENSG00000278223,0
ENSG00000278224,18
ENSG00000278226,0
ENSG00000278227,0
ENSG00000278228,0
ENSG00000278231,10
ENSG00000278233,0
ENSG00000278234,0
ENSG00000278236,0
ENSG00000278237,0
ENSG00000278238,21
ENSG00000278239,0
ENSG00000278242,0
ENSG00000278244,1
ENSG00000278249,0
ENSG00000278250,0
ENSG00000278251,0
ENSG00000278254,0
ENSG00000278255,0
ENSG00000278256,0
ENSG00000278258,0
ENSG00000278259,1613
ENSG00000278260,0
ENSG00000278261,0
ENSG00000278263,0
ENSG00000278264,0
ENSG00000278265,0
ENSG00000278266,2
ENSG00000278267,2
ENSG00000278272,9
ENSG00000278273,0
ENSG00000278274,0
ENSG00000278275,0
ENSG00000278276,0
ENSG00000278278,0
ENSG00000278281,2
ENSG00000278282,0
ENSG00000278283,0
ENSG00000278285,0
ENSG00000278287,0
ENSG00000278289,0
ENSG00000278290,0
ENSG00000278291,155
ENSG00000278292,0
ENSG00000278297,0
ENSG00000278299,0
ENSG00000278301,0
ENSG00000278305,0
ENSG00000278309,31
ENSG00000278311,3647
ENSG00000278313,0
ENSG00000278317,0
ENSG00000278318,848
ENSG00000278319,0
ENSG00000278321,0
ENSG00000278324,0
ENSG00000278328,0
ENSG00000278330,23
ENSG00000278331,0
ENSG00000278332,0
ENSG00000278333,0
ENSG00000278334,0
ENSG00000278335,0
ENSG00000278337,0
ENSG00000278338,1
ENSG00000278340,0
ENSG00000278341,2
ENSG00000278342,0
ENSG00000278343,0
ENSG00000278344,8
ENSG00000278346,1
ENSG00000278348,0
ENSG00000278349,0
ENSG00000278350,8
ENSG00000278351,0
ENSG00000278352,0
ENSG00000278353,0
ENSG00000278356,7
ENSG00000278358,0
ENSG00000278359,0
ENSG00000278366,0
ENSG00000278367,1
ENSG00000278370,2
ENSG00000278371,0
ENSG00000278374,0
ENSG00000278375,0
ENSG00000278376,61
ENSG00000278380,0
ENSG00000278381,0
ENSG00000278382,0
ENSG00000278383,66
ENSG00000278385,230
ENSG00000278388,0
ENSG00000278389,2
ENSG00000278390,36
ENSG00000278391,0
ENSG00000278392,0
ENSG00000278393,0
ENSG00000278395,0
ENSG00000278396,20
ENSG00000278398,0
ENSG00000278399,32
ENSG00000278400,0
ENSG00000278404,0
ENSG00000278405,0
ENSG00000278406,0
ENSG00000278408,2
ENSG00000278410,0
ENSG00000278412,0
ENSG00000278413,0
ENSG00000278416,5
ENSG00000278418,3
ENSG00000278419,0
ENSG00000278420,0
ENSG00000278421,1
ENSG00000278422,0
ENSG00000278423,0
ENSG00000278424,0
ENSG00000278428,0
ENSG00000278431,0
ENSG00000278433,0
ENSG00000278434,7
ENSG00000278435,0
ENSG00000278438,0
ENSG00000278439,2
ENSG00000278441,0
ENSG00000278445,2
ENSG00000278446,0
ENSG00000278447,2
ENSG00000278448,4
ENSG00000278449,0
ENSG00000278451,0
ENSG00000278452,0
ENSG00000278453,0
ENSG00000278454,0
ENSG00000278455,0
ENSG00000278456,1
ENSG00000278459,0
ENSG00000278460,0
ENSG00000278462,0
ENSG00000278463,4
ENSG00000278464,0
ENSG00000278465,0
ENSG00000278467,3
ENSG00000278469,0
ENSG00000278471,0
ENSG00000278472,5
ENSG00000278473,0
ENSG00000278475,0
ENSG00000278477,0
ENSG00000278478,0
ENSG00000278479,0
ENSG00000278480,2
ENSG00000278482,0
ENSG00000278483,0
ENSG00000278484,0
ENSG00000278485,0
ENSG00000278486,0
ENSG00000278487,0
ENSG00000278491,0
ENSG00000278492,9
ENSG00000278493,0
ENSG00000278496,0
ENSG00000278497,0
ENSG00000278498,0
ENSG00000278499,0
ENSG00000278500,79
ENSG00000278502,0
ENSG00000278504,7
ENSG00000278505,4
ENSG00000278506,0
ENSG00000278507,0
ENSG00000278509,0
ENSG00000278512,0
ENSG00000278513,0
ENSG00000278514,7
ENSG00000278517,0
ENSG00000278518,0
ENSG00000278520,2
ENSG00000278521,0
ENSG00000278522,0
ENSG00000278523,0
ENSG00000278524,0
ENSG00000278525,0
ENSG00000278526,0
ENSG00000278527,0
ENSG00000278528,0
ENSG00000278529,0
ENSG00000278530,1
ENSG00000278531,0
ENSG00000278532,0
ENSG00000278534,0
ENSG00000278535,703
ENSG00000278536,0
ENSG00000278537,0
ENSG00000278540,7032
ENSG00000278541,0
ENSG00000278543,0
ENSG00000278544,0
ENSG00000278546,3
ENSG00000278547,0
ENSG00000278549,0
ENSG00000278551,0
ENSG00000278552,0
ENSG00000278554,0
ENSG00000278556,0
ENSG00000278557,1
ENSG00000278558,9
ENSG00000278560,0
ENSG00000278561,1
ENSG00000278564,0
ENSG00000278566,0
ENSG00000278568,0
ENSG00000278569,0
ENSG00000278570,128
ENSG00000278571,0
ENSG00000278572,2
ENSG00000278575,0
ENSG00000278576,8
ENSG00000278577,0
ENSG00000278578,0
ENSG00000278579,0
ENSG00000278580,0
ENSG00000278581,0
ENSG00000278582,0
ENSG00000278584,0
ENSG00000278585,0
ENSG00000278586,0
ENSG00000278587,0
ENSG00000278588,0
ENSG00000278589,0
ENSG00000278590,1
ENSG00000278591,0
ENSG00000278592,0
ENSG00000278593,0
ENSG00000278594,9
ENSG00000278595,0
ENSG00000278596,1
ENSG00000278597,0
ENSG00000278598,0
ENSG00000278599,1
ENSG00000278600,145
ENSG00000278601,6
ENSG00000278602,0
ENSG00000278603,16
ENSG00000278604,0
ENSG00000278607,26
ENSG00000278609,0
ENSG00000278610,0
ENSG00000278611,53
ENSG00000278612,0
ENSG00000278615,97
ENSG00000278616,13
ENSG00000278617,0
ENSG00000278618,1
ENSG00000278619,649
ENSG00000278621,1368
ENSG00000278626,13
ENSG00000278627,8
ENSG00000278628,0
ENSG00000278629,0
ENSG00000278630,0
ENSG00000278631,9
ENSG00000278635,5
ENSG00000278636,0
ENSG00000278637,1
ENSG00000278638,4
ENSG00000278639,0
ENSG00000278640,0
ENSG00000278641,0
ENSG00000278642,6
ENSG00000278643,0
ENSG00000278645,0
ENSG00000278646,0
ENSG00000278647,0
ENSG00000278648,0
ENSG00000278650,0
ENSG00000278651,0
ENSG00000278652,0
ENSG00000278654,0
ENSG00000278655,0
ENSG00000278657,0
ENSG00000278658,1
ENSG00000278660,0
ENSG00000278661,0
ENSG00000278662,9
ENSG00000278663,0
ENSG00000278664,0
ENSG00000278665,0
ENSG00000278667,0
ENSG00000278668,6
ENSG00000278669,0
ENSG00000278671,0
ENSG00000278672,0
ENSG00000278674,0
ENSG00000278675,0
ENSG00000278677,22
ENSG00000278678,0
ENSG00000278679,0
ENSG00000278681,0
ENSG00000278683,194
ENSG00000278684,0
ENSG00000278685,0
ENSG00000278686,0
ENSG00000278687,0
ENSG00000278690,0
ENSG00000278694,0
ENSG00000278696,0
ENSG00000278698,0
ENSG00000278700,5
ENSG00000278701,0
ENSG00000278702,0
ENSG00000278703,4
ENSG00000278705,1
ENSG00000278708,0
ENSG00000278709,114
ENSG00000278713,0
ENSG00000278715,0
ENSG00000278716,2
ENSG00000278717,0
ENSG00000278719,3
ENSG00000278720,0
ENSG00000278722,0
ENSG00000278724,0
ENSG00000278725,3
ENSG00000278727,13
ENSG00000278730,1858
ENSG00000278732,0
ENSG00000278733,5
ENSG00000278734,0
ENSG00000278735,0
ENSG00000278736,0
ENSG00000278737,2
ENSG00000278739,0
ENSG00000278740,11
ENSG00000278743,8
ENSG00000278744,0
ENSG00000278745,0
ENSG00000278746,0
ENSG00000278748,0
ENSG00000278750,0
ENSG00000278751,1
ENSG00000278752,0
ENSG00000278753,0
ENSG00000278754,0
ENSG00000278756,0
ENSG00000278757,0
ENSG00000278761,0
ENSG00000278763,0
ENSG00000278764,0
ENSG00000278765,15
ENSG00000278766,0
ENSG00000278768,155
ENSG00000278769,0
ENSG00000278770,0
ENSG00000278771,6
ENSG00000278772,0
ENSG00000278773,0
ENSG00000278774,0
ENSG00000278775,0
ENSG00000278778,0
ENSG00000278783,0
ENSG00000278784,93
ENSG00000278785,0
ENSG00000278790,0
ENSG00000278791,0
ENSG00000278792,1
ENSG00000278794,0
ENSG00000278797,1
ENSG00000278799,0
ENSG00000278802,0
ENSG00000278803,0
ENSG00000278804,0
ENSG00000278807,0
ENSG00000278810,0
ENSG00000278811,5
ENSG00000278813,0
ENSG00000278814,0
ENSG00000278815,0
ENSG00000278816,3
ENSG00000278818,0
ENSG00000278819,1
ENSG00000278820,9
ENSG00000278822,0
ENSG00000278824,0
ENSG00000278825,0
ENSG00000278828,676
ENSG00000278829,0
ENSG00000278830,0
ENSG00000278831,5
ENSG00000278832,0
ENSG00000278834,280
ENSG00000278837,0
ENSG00000278838,0
ENSG00000278840,0
ENSG00000278841,1
ENSG00000278842,0
ENSG00000278844,0
ENSG00000278845,2071
ENSG00000278847,0
ENSG00000278848,0
ENSG00000278849,0
ENSG00000278851,0
ENSG00000278852,0
ENSG00000278854,0
ENSG00000278857,0
ENSG00000278859,0
ENSG00000278860,0
ENSG00000278861,6
ENSG00000278862,0
ENSG00000278863,0
ENSG00000278864,112
ENSG00000278865,0
ENSG00000278866,0
ENSG00000278867,23
ENSG00000278868,0
ENSG00000278869,36
ENSG00000278870,0
ENSG00000278872,0
ENSG00000278873,0
ENSG00000278874,0
ENSG00000278875,8
ENSG00000278876,7
ENSG00000278877,0
ENSG00000278878,0
ENSG00000278879,1
ENSG00000278880,0
ENSG00000278881,1
ENSG00000278882,4
ENSG00000278883,0
ENSG00000278884,2
ENSG00000278885,0
ENSG00000278886,0
ENSG00000278887,0
ENSG00000278888,5
ENSG00000278889,0
ENSG00000278890,1
ENSG00000278891,0
ENSG00000278892,0
ENSG00000278893,1
ENSG00000278894,0
ENSG00000278895,0
ENSG00000278896,0
ENSG00000278897,11
ENSG00000278898,0
ENSG00000278899,33
ENSG00000278900,0
ENSG00000278901,0
ENSG00000278902,0
ENSG00000278903,0
ENSG00000278905,0
ENSG00000278907,0
ENSG00000278908,5
ENSG00000278909,0
ENSG00000278910,0
ENSG00000278911,0
ENSG00000278912,0
ENSG00000278913,0
ENSG00000278914,1
ENSG00000278915,0
ENSG00000278916,16
ENSG00000278917,24
ENSG00000278918,46
ENSG00000278919,45
ENSG00000278920,2
ENSG00000278921,67
ENSG00000278922,110
ENSG00000278923,0
ENSG00000278924,0
ENSG00000278925,1
ENSG00000278926,0
ENSG00000278927,0
ENSG00000278928,0
ENSG00000278929,0
ENSG00000278931,1
ENSG00000278932,8
ENSG00000278933,0
ENSG00000278934,213
ENSG00000278935,0
ENSG00000278936,0
ENSG00000278937,11
ENSG00000278938,0
ENSG00000278939,0
ENSG00000278941,0
ENSG00000278942,0
ENSG00000278943,1
ENSG00000278944,0
ENSG00000278945,0
ENSG00000278946,0
ENSG00000278947,1
ENSG00000278948,47
ENSG00000278949,1
ENSG00000278950,0
ENSG00000278951,0
ENSG00000278952,3
ENSG00000278953,1
ENSG00000278954,1
ENSG00000278955,0
ENSG00000278957,1
ENSG00000278958,0
ENSG00000278959,10
ENSG00000278960,0
ENSG00000278961,0
ENSG00000278962,63
ENSG00000278963,1
ENSG00000278964,0
ENSG00000278965,4
ENSG00000278966,0
ENSG00000278967,0
ENSG00000278969,1
ENSG00000278970,1411
ENSG00000278971,4
ENSG00000278972,1
ENSG00000278973,2
ENSG00000278974,137
ENSG00000278975,0
ENSG00000278977,0
ENSG00000278978,83
ENSG00000278979,1
ENSG00000278980,0
ENSG00000278981,0
ENSG00000278982,42
ENSG00000278983,0
ENSG00000278985,3
ENSG00000278986,1
ENSG00000278987,12
ENSG00000278988,0
ENSG00000278989,52
ENSG00000278990,0
ENSG00000278991,8
ENSG00000278992,0
ENSG00000278993,48
ENSG00000278994,0
ENSG00000278995,2
ENSG00000278996,24
ENSG00000278997,27
ENSG00000278998,0
ENSG00000278999,0
ENSG00000279000,0
ENSG00000279001,0
ENSG00000279002,0
ENSG00000279003,0
ENSG00000279004,0
ENSG00000279005,0
ENSG00000279006,0
ENSG00000279007,0
ENSG00000279009,0
ENSG00000279010,94
ENSG00000279011,0
ENSG00000279012,0
ENSG00000279013,13
ENSG00000279014,0
ENSG00000279015,0
ENSG00000279016,0
ENSG00000279017,1
ENSG00000279018,0
ENSG00000279019,5
ENSG00000279020,0
ENSG00000279021,0
ENSG00000279022,9
ENSG00000279023,0
ENSG00000279024,0
ENSG00000279025,0
ENSG00000279026,23
ENSG00000279027,0
ENSG00000279028,0
ENSG00000279029,0
ENSG00000279030,0
ENSG00000279031,49
ENSG00000279032,0
ENSG00000279033,0
ENSG00000279034,0
ENSG00000279035,2
ENSG00000279036,0
ENSG00000279037,0
ENSG00000279038,3
ENSG00000279039,3
ENSG00000279040,1
ENSG00000279041,4
ENSG00000279042,0
ENSG00000279043,1
ENSG00000279044,26
ENSG00000279045,0
ENSG00000279046,0
ENSG00000279047,0
ENSG00000279048,32
ENSG00000279049,0
ENSG00000279050,6
ENSG00000279051,0
ENSG00000279054,0
ENSG00000279056,0
ENSG00000279057,1
ENSG00000279058,16
ENSG00000279059,151
ENSG00000279061,0
ENSG00000279062,0
ENSG00000279063,0
ENSG00000279064,0
ENSG00000279065,0
ENSG00000279066,21
ENSG00000279067,1
ENSG00000279068,2
ENSG00000279069,86
ENSG00000279070,0
ENSG00000279071,0
ENSG00000279072,1
ENSG00000279073,0
ENSG00000279074,1
ENSG00000279075,1
ENSG00000279076,0
ENSG00000279077,0
ENSG00000279078,4
ENSG00000279080,6
ENSG00000279081,1
ENSG00000279082,0
ENSG00000279083,0
ENSG00000279084,0
ENSG00000279085,1
ENSG00000279086,7
ENSG00000279087,2
ENSG00000279088,101
ENSG00000279089,66
ENSG00000279090,0
ENSG00000279091,1
ENSG00000279092,3
ENSG00000279093,0
ENSG00000279094,0
ENSG00000279095,361
ENSG00000279096,0
ENSG00000279097,0
ENSG00000279098,0
ENSG00000279099,0
ENSG00000279100,0
ENSG00000279103,27
ENSG00000279104,0
ENSG00000279106,0
ENSG00000279107,1
ENSG00000279108,84
ENSG00000279109,1
ENSG00000279110,1
ENSG00000279111,0
ENSG00000279113,0
ENSG00000279114,7
ENSG00000279115,0
ENSG00000279116,0
ENSG00000279117,1716
ENSG00000279118,39
ENSG00000279119,0
ENSG00000279120,0
ENSG00000279121,0
ENSG00000279122,0
ENSG00000279123,0
ENSG00000279124,0
ENSG00000279125,0
ENSG00000279126,0
ENSG00000279127,0
ENSG00000279128,0
ENSG00000279129,2
ENSG00000279130,0
ENSG00000279131,0
ENSG00000279132,0
ENSG00000279133,42
ENSG00000279134,0
ENSG00000279135,3
ENSG00000279136,0
ENSG00000279137,2
ENSG00000279138,2
ENSG00000279139,0
ENSG00000279140,8
ENSG00000279141,7
ENSG00000279142,0
ENSG00000279143,0
ENSG00000279144,8
ENSG00000279145,13
ENSG00000279146,0
ENSG00000279147,0
ENSG00000279148,25
ENSG00000279149,2
ENSG00000279151,1
ENSG00000279152,0
ENSG00000279153,0
ENSG00000279154,0
ENSG00000279155,6
ENSG00000279156,0
ENSG00000279157,0
ENSG00000279159,76
ENSG00000279160,0
ENSG00000279161,0
ENSG00000279162,2
ENSG00000279163,0
ENSG00000279164,2
ENSG00000279165,0
ENSG00000279166,0
ENSG00000279167,0
ENSG00000279168,5
ENSG00000279169,0
ENSG00000279170,4
ENSG00000279171,0
ENSG00000279172,0
ENSG00000279173,0
ENSG00000279174,4
ENSG00000279175,3
ENSG00000279176,0
ENSG00000279177,0
ENSG00000279179,13
ENSG00000279180,0
ENSG00000279181,0
ENSG00000279182,9
ENSG00000279183,0
ENSG00000279184,5
ENSG00000279185,1
ENSG00000279186,0
ENSG00000279187,5
ENSG00000279188,0
ENSG00000279189,0
ENSG00000279190,1
ENSG00000279191,2
ENSG00000279192,15
ENSG00000279193,0
ENSG00000279195,0
ENSG00000279196,76
ENSG00000279197,1
ENSG00000279198,5
ENSG00000279199,3
ENSG00000279200,1
ENSG00000279201,0
ENSG00000279202,0
ENSG00000279203,6
ENSG00000279204,47
ENSG00000279205,42
ENSG00000279206,1
ENSG00000279207,1048
ENSG00000279208,0
ENSG00000279209,0
ENSG00000279210,0
ENSG00000279211,0
ENSG00000279212,2
ENSG00000279213,0
ENSG00000279214,3
ENSG00000279216,0
ENSG00000279217,2
ENSG00000279218,0
ENSG00000279219,8
ENSG00000279220,0
ENSG00000279221,0
ENSG00000279222,0
ENSG00000279223,0
ENSG00000279225,2
ENSG00000279226,0
ENSG00000279227,15
ENSG00000279228,0
ENSG00000279229,0
ENSG00000279230,2
ENSG00000279231,0
ENSG00000279232,1
ENSG00000279233,85
ENSG00000279235,0
ENSG00000279236,0
ENSG00000279237,1
ENSG00000279238,1
ENSG00000279239,0
ENSG00000279240,0
ENSG00000279242,1
ENSG00000279243,0
ENSG00000279244,0
ENSG00000279245,0
ENSG00000279246,1
ENSG00000279248,0
ENSG00000279249,0
ENSG00000279250,0
ENSG00000279251,0
ENSG00000279252,4
ENSG00000279253,130
ENSG00000279254,3
ENSG00000279255,39
ENSG00000279256,0
ENSG00000279257,0
ENSG00000279259,71
ENSG00000279260,0
ENSG00000279261,1
ENSG00000279262,0
ENSG00000279263,0
ENSG00000279264,0
ENSG00000279265,40
ENSG00000279266,28
ENSG00000279267,19
ENSG00000279268,0
ENSG00000279269,0
ENSG00000279270,0
ENSG00000279271,0
ENSG00000279272,0
ENSG00000279273,5
ENSG00000279274,0
ENSG00000279275,1
ENSG00000279276,0
ENSG00000279277,6
ENSG00000279278,25
ENSG00000279281,1
ENSG00000279282,0
ENSG00000279283,14
ENSG00000279284,1
ENSG00000279285,0
ENSG00000279286,1
ENSG00000279287,0
ENSG00000279288,1
ENSG00000279289,28
ENSG00000279291,0
ENSG00000279294,0
ENSG00000279295,0
ENSG00000279296,7
ENSG00000279297,0
ENSG00000279298,0
ENSG00000279299,0
ENSG00000279300,0
ENSG00000279301,0
ENSG00000279302,7
ENSG00000279303,0
ENSG00000279304,0
ENSG00000279305,0
ENSG00000279306,1
ENSG00000279307,15
ENSG00000279310,0
ENSG00000279311,7
ENSG00000279312,1220
ENSG00000279313,0
ENSG00000279314,19
ENSG00000279315,0
ENSG00000279317,0
ENSG00000279319,6
ENSG00000279320,11
ENSG00000279321,0
ENSG00000279322,1
ENSG00000279324,0
ENSG00000279325,0
ENSG00000279326,0
ENSG00000279328,1
ENSG00000279329,84
ENSG00000279330,10
ENSG00000279331,8
ENSG00000279332,131
ENSG00000279333,0
ENSG00000279334,0
ENSG00000279335,0
ENSG00000279336,0
ENSG00000279337,0
ENSG00000279338,18
ENSG00000279339,1
ENSG00000279340,1
ENSG00000279341,0
ENSG00000279342,1
ENSG00000279343,0
ENSG00000279344,6
ENSG00000279345,7
ENSG00000279346,0
ENSG00000279347,2
ENSG00000279348,52
ENSG00000279349,0
ENSG00000279352,0
ENSG00000279353,0
ENSG00000279354,0
ENSG00000279355,3
ENSG00000279356,2
ENSG00000279357,6
ENSG00000279358,0
ENSG00000279359,0
ENSG00000279360,1
ENSG00000279361,1
ENSG00000279362,0
ENSG00000279363,0
ENSG00000279364,0
ENSG00000279365,1
ENSG00000279366,0
ENSG00000279367,0
ENSG00000279368,18
ENSG00000279369,46
ENSG00000279370,1
ENSG00000279372,7
ENSG00000279373,0
ENSG00000279374,0
ENSG00000279375,7
ENSG00000279376,0
ENSG00000279377,4
ENSG00000279378,0
ENSG00000279379,0
ENSG00000279380,0
ENSG00000279381,0
ENSG00000279382,225
ENSG00000279384,1
ENSG00000279386,6
ENSG00000279387,0
ENSG00000279388,0
ENSG00000279390,0
ENSG00000279391,1
ENSG00000279392,11
ENSG00000279393,9
ENSG00000279394,1
ENSG00000279395,0
ENSG00000279396,6
ENSG00000279397,0
ENSG00000279398,0
ENSG00000279399,0
ENSG00000279400,2
ENSG00000279401,0
ENSG00000279403,0
ENSG00000279404,0
ENSG00000279405,0
ENSG00000279406,28
ENSG00000279407,111
ENSG00000279408,0
ENSG00000279409,0
ENSG00000279410,0
ENSG00000279411,0
ENSG00000279412,3
ENSG00000279413,36
ENSG00000279414,0
ENSG00000279415,7
ENSG00000279416,0
ENSG00000279417,0
ENSG00000279418,1
ENSG00000279419,21
ENSG00000279420,0
ENSG00000279421,0
ENSG00000279422,8
ENSG00000279423,0
ENSG00000279424,2
ENSG00000279425,35
ENSG00000279426,0
ENSG00000279427,11
ENSG00000279428,0
ENSG00000279429,0
ENSG00000279430,0
ENSG00000279431,0
ENSG00000279432,2
ENSG00000279433,3
ENSG00000279434,14
ENSG00000279435,0
ENSG00000279437,0
ENSG00000279438,0
ENSG00000279439,0
ENSG00000279440,0
ENSG00000279441,0
ENSG00000279442,0
ENSG00000279443,15
ENSG00000279444,1
ENSG00000279445,0
ENSG00000279446,0
ENSG00000279447,4
ENSG00000279448,8
ENSG00000279450,0
ENSG00000279452,24
ENSG00000279453,564
ENSG00000279454,0
ENSG00000279455,0
ENSG00000279456,12
ENSG00000279457,97
ENSG00000279458,0
ENSG00000279459,0
ENSG00000279460,0
ENSG00000279461,5
ENSG00000279462,0
ENSG00000279463,0
ENSG00000279464,28
ENSG00000279465,0
ENSG00000279466,0
ENSG00000279467,2
ENSG00000279468,16
ENSG00000279469,11
ENSG00000279470,0
ENSG00000279471,1
ENSG00000279472,0
ENSG00000279473,0
ENSG00000279474,1
ENSG00000279475,0
ENSG00000279476,0
ENSG00000279477,0
ENSG00000279478,0
ENSG00000279479,0
ENSG00000279480,0
ENSG00000279481,0
ENSG00000279482,0
ENSG00000279483,288
ENSG00000279484,0
ENSG00000279485,0
ENSG00000279486,0
ENSG00000279487,14
ENSG00000279488,8
ENSG00000279489,0
ENSG00000279490,0
ENSG00000279491,12
ENSG00000279493,0
ENSG00000279494,4
ENSG00000279495,38
ENSG00000279496,688
ENSG00000279497,0
ENSG00000279498,0
ENSG00000279499,1
ENSG00000279500,12
ENSG00000279501,0
ENSG00000279502,0
ENSG00000279503,0
ENSG00000279504,0
ENSG00000279505,0
ENSG00000279507,9
ENSG00000279508,17
ENSG00000279509,0
ENSG00000279510,0
ENSG00000279511,0
ENSG00000279512,0
ENSG00000279513,2
ENSG00000279514,0
ENSG00000279515,0
ENSG00000279516,0
ENSG00000279517,0
ENSG00000279518,30
ENSG00000279519,40
ENSG00000279520,42
ENSG00000279521,1
ENSG00000279522,27
ENSG00000279523,0
ENSG00000279524,0
ENSG00000279525,1
ENSG00000279526,0
ENSG00000279527,0
ENSG00000279528,148
ENSG00000279529,41
ENSG00000279530,15
ENSG00000279531,0
ENSG00000279532,0
ENSG00000279533,0
ENSG00000279534,0
ENSG00000279535,0
ENSG00000279536,3
ENSG00000279537,0
ENSG00000279538,2
ENSG00000279539,15
ENSG00000279541,6
ENSG00000279542,0
ENSG00000279543,0
ENSG00000279544,4
ENSG00000279546,0
ENSG00000279547,0
ENSG00000279548,1
ENSG00000279549,3
ENSG00000279550,0
ENSG00000279551,0
ENSG00000279554,0
ENSG00000279555,2
ENSG00000279556,0
ENSG00000279557,12
ENSG00000279558,0
ENSG00000279559,0
ENSG00000279560,0
ENSG00000279561,32
ENSG00000279562,0
ENSG00000279565,0
ENSG00000279567,0
ENSG00000279568,3
ENSG00000279569,11
ENSG00000279570,2
ENSG00000279571,3
ENSG00000279572,0
ENSG00000279573,3
ENSG00000279575,0
ENSG00000279576,0
ENSG00000279578,0
ENSG00000279579,1
ENSG00000279581,0
ENSG00000279582,0
ENSG00000279583,7
ENSG00000279584,1
ENSG00000279585,0
ENSG00000279586,0
ENSG00000279587,0
ENSG00000279588,1
ENSG00000279589,0
ENSG00000279590,9
ENSG00000279591,2
ENSG00000279592,0
ENSG00000279593,0
ENSG00000279594,6
ENSG00000279595,0
ENSG00000279597,0
ENSG00000279598,1
ENSG00000279599,0
ENSG00000279600,0
ENSG00000279601,0
ENSG00000279602,27
ENSG00000279603,0
ENSG00000279604,0
ENSG00000279605,31
ENSG00000279606,0
ENSG00000279607,0
ENSG00000279608,8
ENSG00000279609,0
ENSG00000279610,0
ENSG00000279611,15
ENSG00000279613,3
ENSG00000279615,0
ENSG00000279616,0
ENSG00000279617,0
ENSG00000279618,0
ENSG00000279619,1
ENSG00000279620,0
ENSG00000279621,0
ENSG00000279622,0
ENSG00000279623,28
ENSG00000279624,2
ENSG00000279625,0
ENSG00000279626,0
ENSG00000279628,0
ENSG00000279629,0
ENSG00000279630,0
ENSG00000279631,23
ENSG00000279632,0
ENSG00000279633,2
ENSG00000279635,0
ENSG00000279636,1
ENSG00000279637,1
ENSG00000279638,0
ENSG00000279639,0
ENSG00000279640,1
ENSG00000279641,6
ENSG00000279642,0
ENSG00000279644,3
ENSG00000279645,1
ENSG00000279646,0
ENSG00000279647,0
ENSG00000279648,0
ENSG00000279649,28
ENSG00000279650,1
ENSG00000279652,3
ENSG00000279653,13
ENSG00000279654,1
ENSG00000279655,0
ENSG00000279656,2
ENSG00000279657,0
ENSG00000279658,0
ENSG00000279659,5
ENSG00000279660,8
ENSG00000279662,17
ENSG00000279663,0
ENSG00000279664,0
ENSG00000279665,1
ENSG00000279666,0
ENSG00000279667,8
ENSG00000279668,0
ENSG00000279669,0
ENSG00000279670,0
ENSG00000279671,0
ENSG00000279672,37
ENSG00000279673,15
ENSG00000279674,0
ENSG00000279675,1
ENSG00000279676,0
ENSG00000279677,0
ENSG00000279678,0
ENSG00000279679,0
ENSG00000279681,0
ENSG00000279682,1
ENSG00000279683,4
ENSG00000279684,0
ENSG00000279685,40
ENSG00000279686,0
ENSG00000279687,0
ENSG00000279688,0
ENSG00000279689,30
ENSG00000279690,0
ENSG00000279691,1
ENSG00000279692,9
ENSG00000279693,31
ENSG00000279694,0
ENSG00000279695,0
ENSG00000279696,41
ENSG00000279697,0
ENSG00000279698,0
ENSG00000279699,4
ENSG00000279700,23
ENSG00000279701,2
ENSG00000279702,0
ENSG00000279703,1
ENSG00000279704,0
ENSG00000279705,0
ENSG00000279706,1
ENSG00000279707,0
ENSG00000279708,0
ENSG00000279709,0
ENSG00000279711,0
ENSG00000279712,0
ENSG00000279713,7
ENSG00000279714,0
ENSG00000279715,0
ENSG00000279716,109
ENSG00000279717,0
ENSG00000279718,0
ENSG00000279719,0
ENSG00000279720,1
ENSG00000279721,2
ENSG00000279722,43
ENSG00000279723,0
ENSG00000279724,0
ENSG00000279725,4
ENSG00000279726,0
ENSG00000279727,9
ENSG00000279728,0
ENSG00000279729,0
ENSG00000279730,1
ENSG00000279732,0
ENSG00000279733,0
ENSG00000279734,0
ENSG00000279735,1
ENSG00000279737,0
ENSG00000279738,76
ENSG00000279739,0
ENSG00000279741,7
ENSG00000279742,21
ENSG00000279743,0
ENSG00000279744,9
ENSG00000279745,0
ENSG00000279746,0
ENSG00000279747,0
ENSG00000279748,1
ENSG00000279749,0
ENSG00000279750,0
ENSG00000279751,0
ENSG00000279752,0
ENSG00000279753,0
ENSG00000279754,0
ENSG00000279755,0
ENSG00000279756,0
ENSG00000279757,1
ENSG00000279758,4
ENSG00000279759,111
ENSG00000279761,0
ENSG00000279762,2
ENSG00000279764,0
ENSG00000279765,6
ENSG00000279766,1
ENSG00000279767,0
ENSG00000279768,0
ENSG00000279769,0
ENSG00000279770,0
ENSG00000279771,0
ENSG00000279772,0
ENSG00000279773,0
ENSG00000279774,1
ENSG00000279775,0
ENSG00000279777,0
ENSG00000279778,2
ENSG00000279779,0
ENSG00000279780,0
ENSG00000279781,1
ENSG00000279782,0
ENSG00000279783,0
ENSG00000279784,0
ENSG00000279785,0
ENSG00000279786,2
ENSG00000279788,0
ENSG00000279789,62
ENSG00000279790,5
ENSG00000279791,1
ENSG00000279792,12
ENSG00000279793,0
ENSG00000279794,7
ENSG00000279795,0
ENSG00000279796,0
ENSG00000279797,2
ENSG00000279798,0
ENSG00000279799,13
ENSG00000279800,2
ENSG00000279801,4
ENSG00000279802,4
ENSG00000279803,2
ENSG00000279804,0
ENSG00000279805,5
ENSG00000279806,27
ENSG00000279807,1
ENSG00000279808,0
ENSG00000279809,0
ENSG00000279810,0
ENSG00000279811,3
ENSG00000279812,7
ENSG00000279813,0
ENSG00000279814,0
ENSG00000279815,0
ENSG00000279816,0
ENSG00000279817,0
ENSG00000279818,0
ENSG00000279819,0
ENSG00000279821,9
ENSG00000279822,3
ENSG00000279824,0
ENSG00000279825,1
ENSG00000279827,1
ENSG00000279829,0
ENSG00000279831,0
ENSG00000279833,29
ENSG00000279834,2
ENSG00000279835,0
ENSG00000279836,0
ENSG00000279837,11
ENSG00000279838,12
ENSG00000279839,0
ENSG00000279840,1
ENSG00000279841,3
ENSG00000279842,0
ENSG00000279843,1
ENSG00000279844,0
ENSG00000279845,0
ENSG00000279846,1
ENSG00000279847,0
ENSG00000279848,0
ENSG00000279849,0
ENSG00000279850,0
ENSG00000279851,0
ENSG00000279852,3
ENSG00000279853,15
ENSG00000279855,0
ENSG00000279856,0
ENSG00000279857,0
ENSG00000279858,0
ENSG00000279859,0
ENSG00000279860,0
ENSG00000279861,89
ENSG00000279862,0
ENSG00000279863,23
ENSG00000279864,0
ENSG00000279865,40
ENSG00000279866,8
ENSG00000279868,0
ENSG00000279869,0
ENSG00000279872,0
ENSG00000279873,7
ENSG00000279874,0
ENSG00000279875,0
ENSG00000279876,0
ENSG00000279877,0
ENSG00000279878,14
ENSG00000279879,7
ENSG00000279880,2
ENSG00000279881,8
ENSG00000279882,0
ENSG00000279883,0
ENSG00000279884,0
ENSG00000279885,0
ENSG00000279886,0
ENSG00000279887,0
ENSG00000279888,0
ENSG00000279889,0
ENSG00000279891,1
ENSG00000279892,0
ENSG00000279893,0
ENSG00000279894,13
ENSG00000279895,0
ENSG00000279897,1
ENSG00000279900,1
ENSG00000279901,3
ENSG00000279903,0
ENSG00000279904,0
ENSG00000279905,1
ENSG00000279906,0
ENSG00000279907,1
ENSG00000279908,38
ENSG00000279909,1
ENSG00000279910,0
ENSG00000279911,0
ENSG00000279912,0
ENSG00000279913,1
ENSG00000279914,0
ENSG00000279916,0
ENSG00000279917,2
ENSG00000279918,0
ENSG00000279919,0
ENSG00000279920,0
ENSG00000279921,0
ENSG00000279922,0
ENSG00000279923,51
ENSG00000279924,0
ENSG00000279925,0
ENSG00000279926,28
ENSG00000279927,0
ENSG00000279928,0
ENSG00000279929,0
ENSG00000279930,899
ENSG00000279931,0
ENSG00000279932,0
ENSG00000279933,0
ENSG00000279935,0
ENSG00000279936,4
ENSG00000279937,2
ENSG00000279939,0
ENSG00000279940,0
ENSG00000279941,0
ENSG00000279942,6
ENSG00000279943,13
ENSG00000279945,4
ENSG00000279946,0
ENSG00000279948,24
ENSG00000279949,0
ENSG00000279951,4
ENSG00000279952,0
ENSG00000279953,17
ENSG00000279954,12
ENSG00000279955,0
ENSG00000279956,0
ENSG00000279957,0
ENSG00000279958,0
ENSG00000279959,0
ENSG00000279960,0
ENSG00000279961,0
ENSG00000279962,1
ENSG00000279963,0
ENSG00000279964,0
ENSG00000279965,1
ENSG00000279966,0
ENSG00000279967,0
ENSG00000279968,12
ENSG00000279970,184
ENSG00000279971,0
ENSG00000279972,0
ENSG00000279973,0
ENSG00000279975,3
ENSG00000279976,0
ENSG00000279977,1
ENSG00000279978,375
ENSG00000279979,0
ENSG00000279980,0
ENSG00000279981,0
ENSG00000279982,7
ENSG00000279983,0
ENSG00000279985,0
ENSG00000279986,0
ENSG00000279987,0
ENSG00000279988,0
ENSG00000279989,17
ENSG00000279990,0
ENSG00000279991,0
ENSG00000279992,0
ENSG00000279993,0
ENSG00000279994,51
ENSG00000279995,1
ENSG00000279996,0
ENSG00000279997,0
ENSG00000279998,0
ENSG00000279999,0
ENSG00000280000,0
ENSG00000280002,0
ENSG00000280003,0
ENSG00000280004,0
ENSG00000280005,0
ENSG00000280006,1
ENSG00000280007,38
ENSG00000280008,3
ENSG00000280009,0
ENSG00000280010,5
ENSG00000280011,2
ENSG00000280012,0
ENSG00000280013,0
ENSG00000280014,0
ENSG00000280015,0
ENSG00000280016,1
ENSG00000280017,0
ENSG00000280018,0
ENSG00000280019,0
ENSG00000280020,3
ENSG00000280021,0
ENSG00000280022,3
ENSG00000280023,0
ENSG00000280024,1
ENSG00000280025,1
ENSG00000280026,0
ENSG00000280027,32
ENSG00000280028,0
ENSG00000280029,0
ENSG00000280032,1
ENSG00000280033,23
ENSG00000280034,0
ENSG00000280035,0
ENSG00000280036,0
ENSG00000280037,1
ENSG00000280038,0
ENSG00000280039,17
ENSG00000280040,0
ENSG00000280041,0
ENSG00000280042,0
ENSG00000280043,0
ENSG00000280044,0
ENSG00000280046,87
ENSG00000280047,96
ENSG00000280048,0
ENSG00000280049,0
ENSG00000280050,0
ENSG00000280051,0
ENSG00000280053,0
ENSG00000280054,11
ENSG00000280055,1
ENSG00000280056,0
ENSG00000280057,11
ENSG00000280058,0
ENSG00000280059,0
ENSG00000280060,3
ENSG00000280061,0
ENSG00000280062,5
ENSG00000280063,70
ENSG00000280064,0
ENSG00000280065,5
ENSG00000280067,33
ENSG00000280068,26
ENSG00000280069,0
ENSG00000280070,3
ENSG00000280071,71
ENSG00000280073,5
ENSG00000280074,1
ENSG00000280075,0
ENSG00000280076,0
ENSG00000280077,16
ENSG00000280078,1
ENSG00000280079,65
ENSG00000280080,0
ENSG00000280081,1
ENSG00000280082,0
ENSG00000280083,0
ENSG00000280085,0
ENSG00000280086,0
ENSG00000280087,13
ENSG00000280088,387
ENSG00000280089,0
ENSG00000280090,0
ENSG00000280091,0
ENSG00000280092,0
ENSG00000280093,0
ENSG00000280094,0
ENSG00000280095,0
ENSG00000280096,0
ENSG00000280097,0
ENSG00000280098,0
ENSG00000280099,101
ENSG00000280102,0
ENSG00000280103,0
ENSG00000280104,0
ENSG00000280105,0
ENSG00000280106,100
ENSG00000280107,35
ENSG00000280108,0
ENSG00000280109,0
ENSG00000280110,0
ENSG00000280111,2076
ENSG00000280112,0
ENSG00000280113,2
ENSG00000280114,2
ENSG00000280115,0
ENSG00000280116,5
ENSG00000280117,0
ENSG00000280118,1
ENSG00000280119,3
ENSG00000280120,243
ENSG00000280121,0
ENSG00000280122,0
ENSG00000280123,49
ENSG00000280124,0
ENSG00000280125,0
ENSG00000280126,0
ENSG00000280127,0
ENSG00000280128,558
ENSG00000280129,13
ENSG00000280130,0
ENSG00000280131,0
ENSG00000280132,22
ENSG00000280133,0
ENSG00000280134,0
ENSG00000280135,3
ENSG00000280136,1
ENSG00000280137,0
ENSG00000280138,27
ENSG00000280139,0
ENSG00000280140,5
ENSG00000280141,0
ENSG00000280142,0
ENSG00000280143,63
ENSG00000280144,0
ENSG00000280145,0
ENSG00000280147,0
ENSG00000280148,0
ENSG00000280149,23
ENSG00000280150,0
ENSG00000280151,0
ENSG00000280152,32
ENSG00000280153,80
ENSG00000280154,0
ENSG00000280155,0
ENSG00000280156,0
ENSG00000280157,8
ENSG00000280158,0
ENSG00000280159,14
ENSG00000280160,9
ENSG00000280161,18
ENSG00000280162,31
ENSG00000280163,3
ENSG00000280164,0
ENSG00000280165,14
ENSG00000280166,0
ENSG00000280167,1
ENSG00000280168,0
ENSG00000280169,2
ENSG00000280170,0
ENSG00000280171,1
ENSG00000280172,2
ENSG00000280173,139
ENSG00000280175,0
ENSG00000280176,0
ENSG00000280177,0
ENSG00000280178,0
ENSG00000280179,0
ENSG00000280180,0
ENSG00000280181,0
ENSG00000280182,6
ENSG00000280183,1
ENSG00000280184,5
ENSG00000280185,0
ENSG00000280186,5
ENSG00000280187,247
ENSG00000280188,0
ENSG00000280189,0
ENSG00000280190,1
ENSG00000280191,0
ENSG00000280193,44
ENSG00000280194,40
ENSG00000280195,271
ENSG00000280196,0
ENSG00000280197,0
ENSG00000280198,9
ENSG00000280199,0
ENSG00000280200,0
ENSG00000280201,0
ENSG00000280202,1020
ENSG00000280204,0
ENSG00000280205,0
ENSG00000280206,159
ENSG00000280207,4
ENSG00000280208,0
ENSG00000280211,54
ENSG00000280212,9
ENSG00000280213,58
ENSG00000280214,7
ENSG00000280215,0
ENSG00000280216,2
ENSG00000280217,2
ENSG00000280219,89
ENSG00000280220,0
ENSG00000280221,2
ENSG00000280222,3
ENSG00000280223,0
ENSG00000280224,0
ENSG00000280225,1
ENSG00000280226,0
ENSG00000280227,0
ENSG00000280228,1
ENSG00000280229,0
ENSG00000280230,0
ENSG00000280231,5
ENSG00000280232,1
ENSG00000280233,0
ENSG00000280234,6
ENSG00000280236,0
ENSG00000280237,233
ENSG00000280238,0
ENSG00000280239,47
ENSG00000280240,0
ENSG00000280241,0
ENSG00000280242,1
ENSG00000280243,0
ENSG00000280244,0
ENSG00000280245,3
ENSG00000280246,0
ENSG00000280247,1
ENSG00000280248,4
ENSG00000280249,0
ENSG00000280250,0
ENSG00000280251,0
ENSG00000280252,0
ENSG00000280253,0
ENSG00000280254,136
ENSG00000280255,62
ENSG00000280257,0
ENSG00000280258,1
ENSG00000280259,0
ENSG00000280260,0
ENSG00000280261,0
ENSG00000280262,0
ENSG00000280263,0
ENSG00000280264,0
ENSG00000280265,0
ENSG00000280266,4
ENSG00000280267,0
ENSG00000280268,0
ENSG00000280269,0
ENSG00000280270,0
ENSG00000280272,0
ENSG00000280273,10
ENSG00000280274,0
ENSG00000280275,0
ENSG00000280276,0
ENSG00000280277,0
ENSG00000280278,3
ENSG00000280279,6
ENSG00000280280,0
ENSG00000280281,0
ENSG00000280282,0
ENSG00000280283,0
ENSG00000280284,0
ENSG00000280285,3
ENSG00000280286,1
ENSG00000280287,43
ENSG00000280288,0
ENSG00000280291,1
ENSG00000280294,115
ENSG00000280295,3
ENSG00000280296,0
ENSG00000280298,0
ENSG00000280299,2
ENSG00000280300,5
ENSG00000280301,0
ENSG00000280302,1
ENSG00000280303,34
ENSG00000280304,10
ENSG00000280305,0
ENSG00000280306,0
ENSG00000280307,0
ENSG00000280308,0
ENSG00000280309,1
ENSG00000280310,23
ENSG00000280311,4
ENSG00000280312,0
ENSG00000280314,0
ENSG00000280315,0
ENSG00000280316,25
ENSG00000280317,0
ENSG00000280318,0
ENSG00000280319,0
ENSG00000280320,0
ENSG00000280321,11
ENSG00000280322,0
ENSG00000280323,0
ENSG00000280324,0
ENSG00000280325,1
ENSG00000280326,2
ENSG00000280327,27
ENSG00000280328,37
ENSG00000280329,0
ENSG00000280330,0
ENSG00000280331,1
ENSG00000280332,68
ENSG00000280333,0
ENSG00000280334,30
ENSG00000280335,6
ENSG00000280336,0
ENSG00000280337,0
ENSG00000280338,0
ENSG00000280339,59
ENSG00000280340,0
ENSG00000280341,0
ENSG00000280344,0
ENSG00000280345,0
ENSG00000280346,0
ENSG00000280347,108
ENSG00000280348,0
ENSG00000280349,0
ENSG00000280350,0
ENSG00000280351,37
ENSG00000280352,0
ENSG00000280353,3
ENSG00000280354,0
ENSG00000280355,4
ENSG00000280356,0
ENSG00000280357,0
ENSG00000280359,0
ENSG00000280360,0
ENSG00000280361,2
ENSG00000280362,0
ENSG00000280363,0
ENSG00000280364,0
ENSG00000280365,1
ENSG00000280366,0
ENSG00000280367,3
ENSG00000280368,0
ENSG00000280369,4
ENSG00000280370,1
ENSG00000280371,0
ENSG00000280372,0
ENSG00000280373,0
ENSG00000280374,51
ENSG00000280375,2
ENSG00000280376,0
ENSG00000280377,1
ENSG00000280378,12
ENSG00000280379,0
ENSG00000280380,0
ENSG00000280381,1
ENSG00000280382,2
ENSG00000280383,8
ENSG00000280384,1
ENSG00000280385,108
ENSG00000280387,0
ENSG00000280388,45
ENSG00000280389,1
ENSG00000280390,0
ENSG00000280391,0
ENSG00000280392,1
ENSG00000280393,0
ENSG00000280394,0
ENSG00000280395,0
ENSG00000280396,0
ENSG00000280397,0
ENSG00000280398,0
ENSG00000280399,5
ENSG00000280400,0
ENSG00000280401,2
ENSG00000280402,3
ENSG00000280403,3
ENSG00000280404,1
ENSG00000280405,0
ENSG00000280406,0
ENSG00000280407,14
ENSG00000280408,0
ENSG00000280409,0
ENSG00000280410,3
ENSG00000280411,1
ENSG00000280412,0
ENSG00000280413,1
ENSG00000280414,0
ENSG00000280415,0
ENSG00000280416,0
ENSG00000280417,67
ENSG00000280418,2
ENSG00000280419,0
ENSG00000280420,0
ENSG00000280422,68
ENSG00000280423,2
ENSG00000280424,9
ENSG00000280425,0
ENSG00000280426,4
ENSG00000280427,0
ENSG00000280429,0
ENSG00000280430,0
ENSG00000280431,3
ENSG00000280432,0
ENSG00000280433,47
ENSG00000280434,13
ENSG00000280435,0
ENSG00000280436,0
ENSG00000280438,0
ENSG00000280439,87
ENSG00000280440,0
ENSG00000280441,0
ENSG00000280443,0
ENSG00000280444,1
ENSG00000280445,0
ENSG00000280446,1
ENSG00000280447,0
ENSG00000280448,0
ENSG00000280449,1
ENSG00000280450,0
ENSG00000280451,0
ENSG00000280453,0
ENSG00000280454,0
ENSG00000280455,1
ENSG00000280456,0
ENSG00000280457,0
ENSG00000280458,0
ENSG00000280459,1
ENSG00000280462,0
ENSG00000280464,0
ENSG00000280465,0
ENSG00000280466,0
ENSG00000280468,0
ENSG00000280469,0
ENSG00000280472,0
ENSG00000280473,0
ENSG00000280474,1
ENSG00000280478,0
ENSG00000280480,0
ENSG00000280481,0
ENSG00000280483,1
ENSG00000280485,0
ENSG00000280486,2
ENSG00000280487,0
ENSG00000280488,0
ENSG00000280489,0
ENSG00000280492,0
ENSG00000280493,0
ENSG00000280494,0
ENSG00000280496,0
ENSG00000280498,0
ENSG00000280499,0
ENSG00000280502,6
ENSG00000280503,0
ENSG00000280507,0
ENSG00000280508,0
ENSG00000280509,0
ENSG00000280510,0
ENSG00000280511,0
ENSG00000280515,1
ENSG00000280517,0
ENSG00000280519,0
ENSG00000280522,0
ENSG00000280523,0
ENSG00000280524,0
ENSG00000280526,0
ENSG00000280527,17
ENSG00000280528,0
ENSG00000280530,0
ENSG00000280533,0
ENSG00000280536,0
ENSG00000280537,14
ENSG00000280539,0
ENSG00000280543,0
ENSG00000280544,0
ENSG00000280546,0
ENSG00000280547,0
ENSG00000280550,9
ENSG00000280551,2
ENSG00000280553,0
ENSG00000280554,0
ENSG00000280558,0
ENSG00000280560,2
ENSG00000280561,0
ENSG00000280564,0
ENSG00000280565,0
ENSG00000280566,0
ENSG00000280567,4
ENSG00000280570,0
ENSG00000280571,6
ENSG00000280573,1
ENSG00000280574,0
ENSG00000280575,3
ENSG00000280576,0
ENSG00000280580,0
ENSG00000280581,0
ENSG00000280583,0
ENSG00000280586,0
ENSG00000280587,13
ENSG00000280588,1
ENSG00000280589,0
ENSG00000280594,7
ENSG00000280595,0
ENSG00000280598,0
ENSG00000280599,0
ENSG00000280600,0
ENSG00000280602,0
ENSG00000280603,0
ENSG00000280604,1
ENSG00000280605,27
ENSG00000280607,0
ENSG00000280608,2
ENSG00000280614,0
ENSG00000280615,0
ENSG00000280620,1
ENSG00000280622,0
ENSG00000280623,0
ENSG00000280624,0
ENSG00000280625,0
ENSG00000280628,0
ENSG00000280630,0
ENSG00000280634,0
ENSG00000280636,0
ENSG00000280637,0
ENSG00000280639,3
ENSG00000280642,0
ENSG00000280643,0
ENSG00000280644,3
ENSG00000280646,0
ENSG00000280648,0
ENSG00000280649,72
ENSG00000280650,0
ENSG00000280653,0
ENSG00000280654,0
ENSG00000280655,0
ENSG00000280656,0
ENSG00000280657,0
ENSG00000280659,0
ENSG00000280660,0
ENSG00000280662,0
ENSG00000280665,0
ENSG00000280667,0
ENSG00000280670,154
ENSG00000280671,0
ENSG00000280672,0
ENSG00000280673,0
ENSG00000280675,1
ENSG00000280676,0
ENSG00000280678,0
ENSG00000280683,0
ENSG00000280684,1
ENSG00000280685,0
ENSG00000280687,0
ENSG00000280692,0
ENSG00000280693,3
ENSG00000280694,0
ENSG00000280696,0
ENSG00000280697,5
ENSG00000280698,0
ENSG00000280699,0
ENSG00000280702,0
ENSG00000280703,0
ENSG00000280704,0
ENSG00000280707,0
ENSG00000280709,0
ENSG00000280710,10
ENSG00000280711,0
ENSG00000280713,0
ENSG00000280715,0
ENSG00000280717,0
ENSG00000280718,0
ENSG00000280719,1
ENSG00000280721,29
ENSG00000280723,0
ENSG00000280724,0
ENSG00000280725,0
ENSG00000280727,7
ENSG00000280728,0
ENSG00000280729,0
ENSG00000280730,8
ENSG00000280731,0
ENSG00000280734,55
ENSG00000280736,0
ENSG00000280738,0
ENSG00000280739,138
ENSG00000280742,0
ENSG00000280743,0
ENSG00000280744,0
ENSG00000280746,2
ENSG00000280747,0
ENSG00000280752,0
ENSG00000280753,16
ENSG00000280755,0
ENSG00000280756,0
ENSG00000280757,0
ENSG00000280758,5
ENSG00000280760,0
ENSG00000280761,0
ENSG00000280762,0
ENSG00000280763,0
ENSG00000280764,0
ENSG00000280766,0
ENSG00000280767,2
ENSG00000280771,0
ENSG00000280772,0
ENSG00000280773,0
ENSG00000280776,0
ENSG00000280777,0
ENSG00000280778,0
ENSG00000280779,0
ENSG00000280780,4
ENSG00000280783,2
ENSG00000280785,0
ENSG00000280788,1
ENSG00000280789,592
ENSG00000280790,0
ENSG00000280791,0
ENSG00000280793,0
ENSG00000280796,0
ENSG00000280798,633
ENSG00000280799,0
ENSG00000280800,0
ENSG00000280801,0
ENSG00000280803,0
ENSG00000280804,30
ENSG00000280809,0
ENSG00000280816,6
ENSG00000280817,0
ENSG00000280818,0
ENSG00000280822,0
ENSG00000280823,1
ENSG00000280824,0
ENSG00000280826,0
ENSG00000280827,0
ENSG00000280828,9
ENSG00000280829,1
ENSG00000280832,152
ENSG00000280833,0
ENSG00000280834,0
ENSG00000280835,0
ENSG00000280836,6
ENSG00000280837,0
ENSG00000280842,0
ENSG00000280843,0
ENSG00000280845,0
ENSG00000280846,0
ENSG00000280847,0
ENSG00000280848,0
ENSG00000280849,0
ENSG00000280850,0
ENSG00000280851,0
ENSG00000280852,4
ENSG00000280854,0
ENSG00000280855,0
ENSG00000280856,0
ENSG00000280857,0
ENSG00000280859,3
ENSG00000280860,0
ENSG00000280861,0
ENSG00000280862,0
ENSG00000280863,0
ENSG00000280867,0
ENSG00000280869,0
ENSG00000280870,1
ENSG00000280871,0
ENSG00000280874,0
ENSG00000280875,0
ENSG00000280878,0
ENSG00000280881,0
ENSG00000280884,0
ENSG00000280886,0
ENSG00000280887,0
ENSG00000280888,0
ENSG00000280890,1
ENSG00000280893,0
ENSG00000280894,0
ENSG00000280896,0
ENSG00000280897,0
ENSG00000280900,0
ENSG00000280901,0
ENSG00000280902,0
ENSG00000280903,0
ENSG00000280904,0
ENSG00000280910,0
ENSG00000280911,0
ENSG00000280913,1
ENSG00000280914,0
ENSG00000280915,0
ENSG00000280916,0
ENSG00000280918,0
ENSG00000280919,0
ENSG00000280920,0
ENSG00000280921,2
ENSG00000280922,0
ENSG00000280924,0
ENSG00000280925,0
ENSG00000280927,59
ENSG00000280933,0
ENSG00000280934,0
ENSG00000280936,0
ENSG00000280942,0
ENSG00000280945,0
ENSG00000280947,0
ENSG00000280950,0
ENSG00000280953,7
ENSG00000280954,0
ENSG00000280955,0
ENSG00000280956,0
ENSG00000280957,0
ENSG00000280958,0
ENSG00000280959,0
ENSG00000280961,0
ENSG00000280964,0
ENSG00000280965,0
ENSG00000280966,0
ENSG00000280968,3
ENSG00000280969,0
ENSG00000280970,0
ENSG00000280974,1
ENSG00000280976,0
ENSG00000280977,0
ENSG00000280979,0
ENSG00000280981,1
ENSG00000280985,0
ENSG00000280987,27
ENSG00000280988,0
ENSG00000280989,3
ENSG00000280991,0
ENSG00000280992,1
ENSG00000280995,0
ENSG00000280997,0
ENSG00000280998,0
ENSG00000280999,0
ENSG00000281000,0
ENSG00000281001,2
ENSG00000281002,0
ENSG00000281003,1
ENSG00000281005,57
ENSG00000281006,0
ENSG00000281007,0
ENSG00000281008,0
ENSG00000281010,0
ENSG00000281014,0
ENSG00000281016,2
ENSG00000281017,0
ENSG00000281018,0
ENSG00000281021,4
ENSG00000281023,0
ENSG00000281025,0
ENSG00000281026,53
ENSG00000281027,0
ENSG00000281028,0
ENSG00000281030,0
ENSG00000281033,0
ENSG00000281034,0
ENSG00000281035,4
ENSG00000281037,0
ENSG00000281039,1
ENSG00000281041,0
ENSG00000281042,0
ENSG00000281044,0
ENSG00000281045,0
ENSG00000281046,0
ENSG00000281047,0
ENSG00000281052,0
ENSG00000281057,0
ENSG00000281058,0
ENSG00000281059,0
ENSG00000281061,0
ENSG00000281064,0
ENSG00000281066,0
ENSG00000281068,0
ENSG00000281069,0
ENSG00000281070,0
ENSG00000281071,0
ENSG00000281072,0
ENSG00000281075,0
ENSG00000281079,3
ENSG00000281080,0
ENSG00000281085,0
ENSG00000281087,0
ENSG00000281088,0
ENSG00000281090,0
ENSG00000281091,5
ENSG00000281096,0
ENSG00000281097,0
ENSG00000281098,0
ENSG00000281100,39
ENSG00000281103,22
ENSG00000281105,0
ENSG00000281106,2
ENSG00000281108,0
ENSG00000281109,0
ENSG00000281110,0
ENSG00000281112,0
ENSG00000281113,0
ENSG00000281114,1
ENSG00000281115,7
ENSG00000281116,0
ENSG00000281117,0
ENSG00000281119,1
ENSG00000281120,0
ENSG00000281124,0
ENSG00000281125,0
ENSG00000281126,0
ENSG00000281128,0
ENSG00000281129,0
ENSG00000281130,0
ENSG00000281131,0
ENSG00000281133,1
ENSG00000281134,0
ENSG00000281135,0
ENSG00000281136,0
ENSG00000281137,0
ENSG00000281138,0
ENSG00000281140,0
ENSG00000281142,0
ENSG00000281143,0
ENSG00000281146,0
ENSG00000281147,0
ENSG00000281148,0
ENSG00000281152,0
ENSG00000281155,0
ENSG00000281156,0
ENSG00000281158,0
ENSG00000281159,0
ENSG00000281160,0
ENSG00000281162,0
ENSG00000281164,0
ENSG00000281167,0
ENSG00000281169,0
ENSG00000281170,0
ENSG00000281171,0
ENSG00000281172,0
ENSG00000281177,0
ENSG00000281179,0
ENSG00000281181,0
ENSG00000281182,0
ENSG00000281183,52
ENSG00000281186,0
ENSG00000281187,0
ENSG00000281189,37
ENSG00000281190,0
ENSG00000281192,1
ENSG00000281193,0
ENSG00000281194,0
ENSG00000281195,5
ENSG00000281196,0
ENSG00000281199,0
ENSG00000281200,0
ENSG00000281201,2
ENSG00000281202,0
ENSG00000281203,0
ENSG00000281204,0
ENSG00000281205,468
ENSG00000281206,0
ENSG00000281207,32
ENSG00000281209,0
ENSG00000281212,0
ENSG00000281214,0
ENSG00000281215,0
ENSG00000281217,0
ENSG00000281218,0
ENSG00000281219,0
ENSG00000281220,0
ENSG00000281222,0
ENSG00000281227,0
ENSG00000281228,0
ENSG00000281231,0
ENSG00000281235,0
ENSG00000281238,0
ENSG00000281239,0
ENSG00000281241,0
ENSG00000281242,0
ENSG00000281247,0
ENSG00000281248,0
ENSG00000281253,0
ENSG00000281255,0
ENSG00000281257,0
ENSG00000281258,0
ENSG00000281259,0
ENSG00000281262,0
ENSG00000281264,0
ENSG00000281267,3
ENSG00000281269,0
ENSG00000281271,0
ENSG00000281272,0
ENSG00000281273,0
ENSG00000281275,0
ENSG00000281278,0
ENSG00000281280,0
ENSG00000281281,0
ENSG00000281282,0
ENSG00000281285,0
ENSG00000281286,0
ENSG00000281288,0
ENSG00000281290,0
ENSG00000281291,0
ENSG00000281293,0
ENSG00000281294,0
ENSG00000281295,0
ENSG00000281297,0
ENSG00000281298,0
ENSG00000281301,0
ENSG00000281302,1
ENSG00000281303,0
ENSG00000281304,1
ENSG00000281311,0
ENSG00000281312,0
ENSG00000281314,0
ENSG00000281315,0
ENSG00000281318,0
ENSG00000281319,0
ENSG00000281322,0
ENSG00000281325,0
ENSG00000281327,0
ENSG00000281328,0
ENSG00000281329,0
ENSG00000281330,0
ENSG00000281331,0
ENSG00000281332,189
ENSG00000281333,19
ENSG00000281337,0
ENSG00000281338,0
ENSG00000281339,0
ENSG00000281341,0
ENSG00000281342,0
ENSG00000281344,19
ENSG00000281346,0
ENSG00000281347,0
ENSG00000281348,3
ENSG00000281350,5
ENSG00000281352,0
ENSG00000281353,0
ENSG00000281355,0
ENSG00000281357,25
ENSG00000281358,31
ENSG00000281359,0
ENSG00000281365,1
ENSG00000281366,0
ENSG00000281368,0
ENSG00000281369,0
ENSG00000281370,0
ENSG00000281371,0
ENSG00000281372,0
ENSG00000281373,0
ENSG00000281375,0
ENSG00000281376,17
ENSG00000281378,0
ENSG00000281379,0
ENSG00000281381,0
ENSG00000281383,5
ENSG00000281386,0
ENSG00000281389,0
ENSG00000281390,0
ENSG00000281392,5
ENSG00000281394,0
ENSG00000281397,2
ENSG00000281398,32
ENSG00000281402,0
ENSG00000281404,34
ENSG00000281405,0
ENSG00000281406,2
ENSG00000281408,0
ENSG00000281411,0
ENSG00000281413,0
ENSG00000281414,0
ENSG00000281415,0
ENSG00000281419,3
ENSG00000281420,2
ENSG00000281423,0
ENSG00000281426,0
ENSG00000281428,0
ENSG00000281431,0
ENSG00000281433,5
ENSG00000281435,0
ENSG00000281437,0
ENSG00000281438,0
ENSG00000281439,0
ENSG00000281440,0
ENSG00000281441,0
ENSG00000281443,0
ENSG00000281444,0
ENSG00000281445,2
ENSG00000281446,0
ENSG00000281447,0
ENSG00000281450,1
ENSG00000281451,0
ENSG00000281452,0
ENSG00000281453,0
ENSG00000281454,0
ENSG00000281457,0
ENSG00000281458,0
ENSG00000281460,0
ENSG00000281461,0
ENSG00000281462,0
ENSG00000281463,0
ENSG00000281466,0
ENSG00000281467,0
ENSG00000281468,16
ENSG00000281469,1
ENSG00000281472,0
ENSG00000281473,0
ENSG00000281474,0
ENSG00000281475,0
ENSG00000281476,0
ENSG00000281477,0
ENSG00000281479,0
ENSG00000281480,0
ENSG00000281483,1
ENSG00000281485,0
ENSG00000281488,0
ENSG00000281490,312
ENSG00000281491,2
ENSG00000281492,0
ENSG00000281497,0
ENSG00000281501,85
ENSG00000281506,0
ENSG00000281508,0
ENSG00000281512,0
ENSG00000281514,0
ENSG00000281515,0
ENSG00000281516,0
ENSG00000281517,6
ENSG00000281522,0
ENSG00000281523,1
ENSG00000281527,19
ENSG00000281528,0
ENSG00000281530,6
ENSG00000281531,0
ENSG00000281532,0
ENSG00000281534,0
ENSG00000281535,0
ENSG00000281538,34
ENSG00000281539,0
ENSG00000281544,0
ENSG00000281545,0
ENSG00000281546,0
ENSG00000281548,0
ENSG00000281549,0
ENSG00000281550,0
ENSG00000281551,0
ENSG00000281554,0
ENSG00000281555,0
ENSG00000281558,0
ENSG00000281560,0
ENSG00000281566,0
ENSG00000281568,0
ENSG00000281570,0
ENSG00000281571,13
ENSG00000281572,0
ENSG00000281574,0
ENSG00000281575,0
ENSG00000281576,0
ENSG00000281579,0
ENSG00000281581,0
ENSG00000281584,3
ENSG00000281585,0
ENSG00000281587,0
ENSG00000281588,0
ENSG00000281589,0
ENSG00000281591,8
ENSG00000281592,0
ENSG00000281593,1
ENSG00000281594,0
ENSG00000281595,0
ENSG00000281596,0
ENSG00000281598,0
ENSG00000281599,6
ENSG00000281600,0
ENSG00000281602,0
ENSG00000281605,0
ENSG00000281606,0
ENSG00000281608,0
ENSG00000281611,0
ENSG00000281613,0
ENSG00000281615,0
ENSG00000281619,0
ENSG00000281620,0
ENSG00000281621,0
ENSG00000281627,0
ENSG00000281628,1
ENSG00000281629,0
ENSG00000281631,0
ENSG00000281632,0
ENSG00000281634,1
ENSG00000281635,0
ENSG00000281636,0
ENSG00000281637,0
ENSG00000281638,0
ENSG00000281639,0
ENSG00000281640,0
ENSG00000281641,9
ENSG00000281643,0
ENSG00000281646,0
ENSG00000281647,1
ENSG00000281649,3562
ENSG00000281652,0
ENSG00000281653,0
ENSG00000281655,0
ENSG00000281656,0
ENSG00000281657,0
ENSG00000281662,0
ENSG00000281663,0
ENSG00000281664,0
ENSG00000281666,0
ENSG00000281669,1
ENSG00000281672,0
ENSG00000281673,0
ENSG00000281674,0
ENSG00000281675,0
ENSG00000281676,0
ENSG00000281678,0
ENSG00000281681,0
ENSG00000281682,0
ENSG00000281684,0
ENSG00000281685,0
ENSG00000281686,0
ENSG00000281689,0
ENSG00000281691,3
ENSG00000281692,0
ENSG00000281694,0
ENSG00000281695,0
ENSG00000281696,0
ENSG00000281698,0
ENSG00000281700,0
ENSG00000281701,0
ENSG00000281706,21
ENSG00000281708,0
ENSG00000281710,0
ENSG00000281712,0
ENSG00000281713,0
ENSG00000281714,0
ENSG00000281715,0
ENSG00000281717,0
ENSG00000281719,4
ENSG00000281720,0
ENSG00000281721,0
ENSG00000281724,0
ENSG00000281726,0
ENSG00000281727,0
ENSG00000281729,0
ENSG00000281730,0
ENSG00000281731,6
ENSG00000281732,0
ENSG00000281735,0
ENSG00000281739,0
ENSG00000281741,0
ENSG00000281744,0
ENSG00000281745,0
ENSG00000281746,0
ENSG00000281747,0
ENSG00000281749,0
ENSG00000281751,0
ENSG00000281752,0
ENSG00000281755,0
ENSG00000281756,6
ENSG00000281760,0
ENSG00000281765,0
ENSG00000281768,0
ENSG00000281769,1
ENSG00000281772,0
ENSG00000281774,0
ENSG00000281776,0
ENSG00000281778,0
ENSG00000281779,0
ENSG00000281780,2
ENSG00000281781,0
ENSG00000281784,0
ENSG00000281786,0
ENSG00000281789,4
ENSG00000281790,0
ENSG00000281791,0
ENSG00000281795,0
ENSG00000281796,3
ENSG00000281802,0
ENSG00000281807,0
ENSG00000281808,0
ENSG00000281809,0
ENSG00000281812,0
ENSG00000281814,0
ENSG00000281816,0
ENSG00000281817,0
ENSG00000281823,0
ENSG00000281824,0
ENSG00000281825,0
ENSG00000281826,0
ENSG00000281827,2
ENSG00000281831,10
ENSG00000281832,0
ENSG00000281834,0
ENSG00000281838,0
ENSG00000281842,1
ENSG00000281843,0
ENSG00000281844,0
ENSG00000281845,0
ENSG00000281849,4
ENSG00000281850,0
ENSG00000281851,0
ENSG00000281852,0
ENSG00000281854,0
ENSG00000281855,0
ENSG00000281856,0
ENSG00000281859,0
ENSG00000281863,0
ENSG00000281864,0
ENSG00000281866,0
ENSG00000281867,0
ENSG00000281868,0
ENSG00000281869,0
ENSG00000281871,0
ENSG00000281872,0
ENSG00000281873,0
ENSG00000281875,0
ENSG00000281880,0
ENSG00000281881,3
ENSG00000281882,0
ENSG00000281883,2
ENSG00000281884,0
ENSG00000281887,0
ENSG00000281888,0
ENSG00000281889,0
ENSG00000281891,0
ENSG00000281892,2
ENSG00000281893,0
ENSG00000281895,0
ENSG00000281896,18
ENSG00000281899,0
ENSG00000281902,0
ENSG00000281903,13
ENSG00000281904,0
ENSG00000281905,0
ENSG00000281906,0
ENSG00000281909,0
ENSG00000281910,1
ENSG00000281912,52
ENSG00000281918,3
ENSG00000281920,9
ENSG00000281921,0
ENSGR0000002586,0
ENSGR0000124333,0
ENSGR0000124334,0
ENSGR0000167393,0
ENSGR0000168939,0
ENSGR0000169084,0
ENSGR0000169093,0
ENSGR0000169100,0
ENSGR0000178605,0
ENSGR0000182162,0
ENSGR0000182378,0
ENSGR0000182484,0
ENSGR0000185203,0
ENSGR0000185291,0
ENSGR0000185960,0
ENSGR0000196433,0
ENSGR0000197976,0
ENSGR0000198223,0
ENSGR0000205755,0
ENSGR0000214717,0
ENSGR0000223274,0
ENSGR0000223484,0
ENSGR0000223511,0
ENSGR0000223571,0
ENSGR0000223773,0
ENSGR0000225661,0
ENSGR0000226179,0
ENSGR0000227159,0
ENSGR0000228410,0
ENSGR0000228572,0
ENSGR0000229232,0
ENSGR0000230542,0
ENSGR0000234622,0
ENSGR0000234958,0
ENSGR0000236017,0
ENSGR0000236871,0
ENSGR0000237040,0
ENSGR0000237531,0
ENSGR0000237801,0
ENSGR0000263835,0
ENSGR0000263980,0
ENSGR0000264510,0
ENSGR0000264819,0
ENSGR0000265658,0
ENSGR0000270726,0
ENSGR0000275287,0
ENSGR0000276543,0
ENSGR0000277120,0
ENSGR0000280767,0
ENSGR0000281849,0
